date,commodity,commodity_id,state,state_id,district,district_id,price_min,price_max,price_modal
2025-10-30,Apple,17,West Bengal,19,Kolkata,342,11000,13000,12000
2025-10-29,Apple,17,West Bengal,19,Kolkata,342,10000,12000,11000
2025-10-21,Apple,17,West Bengal,19,Kolkata,342,13000,15000,14000
2025-10-19,Apple,17,West Bengal,19,Kolkata,342,15000,17000,16000
2025-10-18,Apple,17,West Bengal,19,Kolkata,342,13000,15000,14000
2025-10-17,Apple,17,West Bengal,19,Kolkata,342,12000,14000,13000
2025-10-16,Apple,17,West Bengal,19,Kolkata,342,14000,16000,15000
2025-10-15,Apple,17,West Bengal,19,Kolkata,342,15000,17000,16000
2025-10-14,Apple,17,West Bengal,19,Kolkata,342,16000,18000,17000
2025-10-04,Apple,17,West Bengal,19,Kolkata,342,14000,16000,15000
2025-10-03,Apple,17,West Bengal,19,Kolkata,342,15000,17000,16000
2025-10-02,Apple,17,West Bengal,19,Kolkata,342,17000,19000,18000
2025-10-01,Apple,17,West Bengal,19,Kolkata,342,16000,18000,17000
2025-09-30,Apple,17,West Bengal,19,Kolkata,342,18000,20000,19000
2025-09-29,Apple,17,West Bengal,19,Kolkata,342,17000,19000,18000
2025-09-27,Apple,17,West Bengal,19,Kolkata,342,16000,18000,17000
2025-09-26,Apple,17,West Bengal,19,Kolkata,342,15000,17000,16000
2025-09-25,Apple,17,West Bengal,19,Kolkata,342,17000,19000,18000
2025-09-24,Apple,17,West Bengal,19,Kolkata,342,18000,20000,19000
2025-09-23,Apple,17,West Bengal,19,Kolkata,342,18000,20000,19000
2025-09-22,Apple,17,West Bengal,19,Kolkata,342,17000,19000,18000
2025-09-21,Apple,17,West Bengal,19,Kolkata,342,16000,18000,17000
2025-09-19,Apple,17,West Bengal,19,Kolkata,342,15000,17000,16000
2025-09-18,Apple,17,West Bengal,19,Kolkata,342,16000,18000,17000
2025-09-17,Apple,17,West Bengal,19,Kolkata,342,18000,20000,19000
2025-09-16,Apple,17,West Bengal,19,Kolkata,342,17000,19000,18000
2025-09-15,Apple,17,West Bengal,19,Kolkata,342,18000,20000,19000
2025-09-14,Apple,17,West Bengal,19,Kolkata,342,17000,19000,18000
2025-09-12,Apple,17,West Bengal,19,Kolkata,342,15000,17000,16000
2025-09-11,Apple,17,West Bengal,19,Kolkata,342,17000,19000,18000
2025-09-10,Apple,17,West Bengal,19,Kolkata,342,16000,18000,17000
2025-09-09,Apple,17,West Bengal,19,Kolkata,342,15000,17000,16000
2025-09-08,Apple,17,West Bengal,19,Kolkata,342,15000,17000,16000
2025-09-07,Apple,17,West Bengal,19,Kolkata,342,16000,18000,17000
2025-09-04,Apple,17,West Bengal,19,Kolkata,342,13000,15000,14000
2025-09-03,Apple,17,West Bengal,19,Kolkata,342,12000,14000,13000
2025-09-02,Apple,17,West Bengal,19,Kolkata,342,13000,15000,14000
2025-09-01,Apple,17,West Bengal,19,Kolkata,342,15000,17000,16000
2025-08-31,Apple,17,West Bengal,19,Kolkata,342,16000,18000,17000
2025-08-29,Apple,17,West Bengal,19,Kolkata,342,15000,17000,16000
2025-08-28,Apple,17,West Bengal,19,Kolkata,342,15000,17000,16000
2025-08-27,Apple,17,West Bengal,19,Kolkata,342,15000,17000,16000
2025-08-26,Apple,17,West Bengal,19,Kolkata,342,16000,18000,17000
2025-08-25,Apple,17,West Bengal,19,Kolkata,342,16666.666666666668,18666.666666666668,17666.666666666668
2025-08-24,Apple,17,West Bengal,19,Kolkata,342,17000,19000,18000
2025-08-23,Apple,17,West Bengal,19,Kolkata,342,17000,19000,18000
2025-08-22,Apple,17,West Bengal,19,Kolkata,342,17000,19000,18000
2025-08-19,Apple,17,West Bengal,19,Kolkata,342,16000,18000,17000
2025-08-18,Apple,17,West Bengal,19,Kolkata,342,15000,17000,16000
2025-08-17,Apple,17,West Bengal,19,Kolkata,342,16000,18000,17000
2025-08-14,Apple,17,West Bengal,19,Kolkata,342,15000,17000,16000
2025-08-13,Apple,17,West Bengal,19,Kolkata,342,15000,17000,16000
2025-08-12,Apple,17,West Bengal,19,Kolkata,342,17000,19000,18000
2025-08-11,Apple,17,West Bengal,19,Kolkata,342,17000,19000,18000
2025-08-10,Apple,17,West Bengal,19,Kolkata,342,16000,18000,17000
2025-08-08,Apple,17,West Bengal,19,Kolkata,342,15000,17000,16000
2025-08-07,Apple,17,West Bengal,19,Kolkata,342,15000,17000,16000
2025-08-06,Apple,17,West Bengal,19,Kolkata,342,16000,18000,17000
2025-08-05,Apple,17,West Bengal,19,Kolkata,342,17000,19000,18000
2025-08-04,Apple,17,West Bengal,19,Kolkata,342,18000,20000,19000
2025-08-03,Apple,17,West Bengal,19,Kolkata,342,17000,19000,18000
2025-08-01,Apple,17,West Bengal,19,Kolkata,342,16000,18000,17000
2025-07-31,Apple,17,West Bengal,19,Kolkata,342,16000,18000,17000
2025-07-30,Apple,17,West Bengal,19,Kolkata,342,17000,19000,18000
2025-07-29,Apple,17,West Bengal,19,Kolkata,342,20000,22666.666666666668,21333.333333333332
2025-07-28,Apple,17,West Bengal,19,Kolkata,342,20000,22333.333333333332,21333.333333333332
2025-07-27,Apple,17,West Bengal,19,Kolkata,342,19333.333333333332,21333.333333333332,20333.333333333332
2025-07-26,Apple,17,West Bengal,19,Kolkata,342,20333.333333333332,22333.333333333332,21333.333333333332
2025-07-25,Apple,17,West Bengal,19,Kolkata,342,20333.333333333332,22666.666666666668,21333.333333333332
2025-07-24,Apple,17,West Bengal,19,Kolkata,342,20000,22000,21000
2025-07-22,Apple,17,West Bengal,19,Kolkata,342,19333.333333333332,21333.333333333332,20333.333333333332
2025-07-21,Apple,17,West Bengal,19,Kolkata,342,18333.333333333332,21666.666666666668,20000
2025-07-20,Apple,17,West Bengal,19,Kolkata,342,18000,21333.333333333332,19333.333333333332
2025-07-19,Apple,17,West Bengal,19,Kolkata,342,18000,22000,20000
2025-07-18,Apple,17,West Bengal,19,Kolkata,342,19000,21333.333333333332,20000
2025-07-17,Apple,17,West Bengal,19,Kolkata,342,18666.666666666668,21000,20000
2025-07-16,Apple,17,West Bengal,19,Kolkata,342,18666.666666666668,22333.333333333332,20666.666666666668
2025-07-15,Apple,17,West Bengal,19,Kolkata,342,18166.666666666668,20833.333333333332,19500
2025-07-13,Apple,17,West Bengal,19,Kolkata,342,19000,21666.666666666668,20333.333333333332
2025-07-12,Apple,17,West Bengal,19,Kolkata,342,19000,21666.666666666668,20333.333333333332
2025-07-11,Apple,17,West Bengal,19,Kolkata,342,19000,21666.666666666668,20333.333333333332
2025-07-10,Apple,17,West Bengal,19,Kolkata,342,19000,21666.666666666668,20333.333333333332
2025-07-09,Apple,17,West Bengal,19,Kolkata,342,19000,22166.666666666668,20666.666666666668
2025-07-08,Apple,17,West Bengal,19,Kolkata,342,18000,21000,20000
2025-07-07,Apple,17,West Bengal,19,Kolkata,342,19000,22333.333333333332,20333.333333333332
2025-07-05,Apple,17,West Bengal,19,Kolkata,342,20000,22333.333333333332,21166.666666666668
2025-07-04,Apple,17,West Bengal,19,Kolkata,342,20000,22333.333333333332,21166.666666666668
2025-07-03,Apple,17,West Bengal,19,Kolkata,342,19666.666666666668,21666.666666666668,20666.666666666668
2025-07-02,Apple,17,West Bengal,19,Kolkata,342,19666.666666666668,21666.666666666668,20666.666666666668
2025-07-01,Apple,17,West Bengal,19,Kolkata,342,18833.333333333332,20500,19666.666666666668
2025-06-30,Apple,17,West Bengal,19,Kolkata,342,18833.333333333332,20666.666666666668,19833.333333333332
2025-06-29,Apple,17,West Bengal,19,Kolkata,342,19000,21833.333333333332,20500
2025-06-28,Apple,17,West Bengal,19,Kolkata,342,19000,21833.333333333332,20500
2025-06-27,Apple,17,West Bengal,19,Kolkata,342,19000,21833.333333333332,20500
2025-06-26,Apple,17,West Bengal,19,Kolkata,342,19000,21833.333333333332,20500
2025-06-25,Apple,17,West Bengal,19,Kolkata,342,18666.666666666668,21166.666666666668,19600
2025-06-23,Apple,17,West Bengal,19,Kolkata,342,19000,22000,20333.333333333332
2025-06-22,Apple,17,West Bengal,19,Kolkata,342,18000,22500,20000
2025-06-20,Apple,17,West Bengal,19,Kolkata,342,13966.666666666666,15166.666666666666,14733.333333333334
2025-06-19,Apple,17,West Bengal,19,Kolkata,342,14033.333333333334,15033.333333333334,14633.333333333334
2025-06-18,Apple,17,West Bengal,19,Kolkata,342,13966.666666666666,15133.333333333334,14733.333333333334
2025-06-17,Apple,17,West Bengal,19,Kolkata,342,13800,15033.333333333334,14533.333333333334
2025-06-16,Apple,17,West Bengal,19,Kolkata,342,14000,15333.333333333334,14666.666666666666
2025-06-15,Apple,17,West Bengal,19,Kolkata,342,13500,15000,14200
2025-06-14,Apple,17,West Bengal,19,Kolkata,342,13333.333333333334,15333.333333333334,14166.666666666666
2025-06-13,Apple,17,West Bengal,19,Kolkata,342,13400,15600,14400
2025-06-12,Apple,17,West Bengal,19,Kolkata,342,13000,16000,14333.333333333334
2025-06-11,Apple,17,West Bengal,19,Kolkata,342,12333.333333333334,14166.666666666666,13000
2025-06-08,Apple,17,West Bengal,19,Kolkata,342,12333.333333333334,14666.666666666666,13000
2025-06-07,Apple,17,West Bengal,19,Kolkata,342,12333.333333333334,14666.666666666666,13000
2025-06-06,Apple,17,West Bengal,19,Kolkata,342,12333.333333333334,14666.666666666666,13000
2025-05-31,Apple,17,West Bengal,19,Kolkata,342,11333.333333333334,13000,12000
2025-05-30,Apple,17,West Bengal,19,Kolkata,342,11333.333333333334,13000,12000
2025-05-29,Apple,17,West Bengal,19,Kolkata,342,11333.333333333334,13000,12000
2025-05-28,Apple,17,West Bengal,19,Kolkata,342,11333.333333333334,13000,12000
2025-05-27,Apple,17,West Bengal,19,Kolkata,342,11333.333333333334,13000,12000
2025-05-26,Apple,17,West Bengal,19,Kolkata,342,11333.333333333334,13000,12000
2025-05-25,Apple,17,West Bengal,19,Kolkata,342,11333.333333333334,13000,12000
2025-05-24,Apple,17,West Bengal,19,Kolkata,342,11333.333333333334,13000,12000
2025-05-22,Apple,17,West Bengal,19,Kolkata,342,11333.333333333334,13000,12000
2025-05-21,Apple,17,West Bengal,19,Kolkata,342,11333.333333333334,13000,12000
2025-05-20,Apple,17,West Bengal,19,Kolkata,342,11333.333333333334,13000,12000
2025-05-18,Apple,17,West Bengal,19,Kolkata,342,11333.333333333334,13000,12000
2025-05-17,Apple,17,West Bengal,19,Kolkata,342,11333.333333333334,13000,12000
2025-05-16,Apple,17,West Bengal,19,Kolkata,342,11333.333333333334,13000,12000
2025-05-15,Apple,17,West Bengal,19,Kolkata,342,11333.333333333334,13000,12000
2025-05-14,Apple,17,West Bengal,19,Kolkata,342,11333.333333333334,13000,12000
2025-05-13,Apple,17,West Bengal,19,Kolkata,342,11333.333333333334,13000,12000
2025-05-12,Apple,17,West Bengal,19,Kolkata,342,11333.333333333334,13000,12000
2025-05-11,Apple,17,West Bengal,19,Kolkata,342,11333.333333333334,13000,12000
2025-05-10,Apple,17,West Bengal,19,Kolkata,342,11333.333333333334,13000,12000
2025-05-09,Apple,17,West Bengal,19,Kolkata,342,11333.333333333334,13000,12000
2025-05-08,Apple,17,West Bengal,19,Kolkata,342,11333.333333333334,13000,12000
2025-05-07,Apple,17,West Bengal,19,Kolkata,342,11333.333333333334,13000,12000
2025-05-06,Apple,17,West Bengal,19,Kolkata,342,11333.333333333334,13000,12000
2025-05-05,Apple,17,West Bengal,19,Kolkata,342,11333.333333333334,13000,12000
2025-05-04,Apple,17,West Bengal,19,Kolkata,342,11333.333333333334,13000,12000
2025-05-03,Apple,17,West Bengal,19,Kolkata,342,11333.333333333334,13000,12000
2025-05-02,Apple,17,West Bengal,19,Kolkata,342,11333.333333333334,13000,12000
2025-05-01,Apple,17,West Bengal,19,Kolkata,342,11333.333333333334,13000,12000
2025-04-30,Apple,17,West Bengal,19,Kolkata,342,11333.333333333334,13000,12000
2025-04-29,Apple,17,West Bengal,19,Kolkata,342,11333.333333333334,13000,12000
2025-04-28,Apple,17,West Bengal,19,Kolkata,342,11333.333333333334,12666.666666666666,11666.666666666666
2025-04-27,Apple,17,West Bengal,19,Kolkata,342,11333.333333333334,12666.666666666666,11666.666666666666
2025-04-26,Apple,17,West Bengal,19,Kolkata,342,10666.666666666666,12333.333333333334,11666.666666666666
2025-04-25,Apple,17,West Bengal,19,Kolkata,342,10666.666666666666,12333.333333333334,11666.666666666666
2025-04-24,Apple,17,West Bengal,19,Kolkata,342,10666.666666666666,12333.333333333334,11666.666666666666
2025-04-23,Apple,17,West Bengal,19,Kolkata,342,10666.666666666666,12333.333333333334,11666.666666666666
2025-04-22,Apple,17,West Bengal,19,Kolkata,342,10666.666666666666,12333.333333333334,11666.666666666666
2025-04-20,Apple,17,West Bengal,19,Kolkata,342,10666.666666666666,12333.333333333334,11666.666666666666
2025-04-19,Apple,17,West Bengal,19,Kolkata,342,10666.666666666666,12333.333333333334,11666.666666666666
2025-04-18,Apple,17,West Bengal,19,Kolkata,342,10666.666666666666,12000,11333.333333333334
2025-04-17,Apple,17,West Bengal,19,Kolkata,342,10666.666666666666,12000,11333.333333333334
2025-04-16,Apple,17,West Bengal,19,Kolkata,342,10666.666666666666,12000,11333.333333333334
2025-04-15,Apple,17,West Bengal,19,Kolkata,342,10666.666666666666,12000,11333.333333333334
2025-04-13,Apple,17,West Bengal,19,Kolkata,342,10666.666666666666,12000,11333.333333333334
2025-04-12,Apple,17,West Bengal,19,Kolkata,342,10666.666666666666,12000,11333.333333333334
2025-04-11,Apple,17,West Bengal,19,Kolkata,342,10666.666666666666,12000,11333.333333333334
2025-04-10,Apple,17,West Bengal,19,Kolkata,342,10666.666666666666,12000,11333.333333333334
2025-04-09,Apple,17,West Bengal,19,Kolkata,342,10666.666666666666,12000,11000
2025-04-08,Apple,17,West Bengal,19,Kolkata,342,10666.666666666666,12000,11333.333333333334
2025-04-07,Apple,17,West Bengal,19,Kolkata,342,10666.666666666666,12000,11333.333333333334
2025-04-06,Apple,17,West Bengal,19,Kolkata,342,10666.666666666666,12000,11333.333333333334
2025-04-05,Apple,17,West Bengal,19,Kolkata,342,10666.666666666666,12000,11333.333333333334
2025-04-04,Apple,17,West Bengal,19,Kolkata,342,10666.666666666666,12000,11333.333333333334
2025-04-03,Apple,17,West Bengal,19,Kolkata,342,10000,11000,10666.666666666666
2025-04-02,Apple,17,West Bengal,19,Kolkata,342,10666.666666666666,12000,11333.333333333334
2025-04-01,Apple,17,West Bengal,19,Kolkata,342,10666.666666666666,12000,11333.333333333334
2025-03-31,Apple,17,West Bengal,19,Kolkata,342,10666.666666666666,12000,11333.333333333334
2025-03-30,Apple,17,West Bengal,19,Kolkata,342,10666.666666666666,12000,11333.333333333334
2025-03-29,Apple,17,West Bengal,19,Kolkata,342,10666.666666666666,12000,11333.333333333334
2025-03-28,Apple,17,West Bengal,19,Kolkata,342,10666.666666666666,12000,11333.333333333334
2025-03-27,Apple,17,West Bengal,19,Kolkata,342,10666.666666666666,12000,11333.333333333334
2025-03-26,Apple,17,West Bengal,19,Kolkata,342,10666.666666666666,12000,11333.333333333334
2025-03-25,Apple,17,West Bengal,19,Kolkata,342,10666.666666666666,12000,11333.333333333334
2025-03-24,Apple,17,West Bengal,19,Kolkata,342,10666.666666666666,12000,11333.333333333334
2025-03-23,Apple,17,West Bengal,19,Kolkata,342,10000,11666.666666666666,11000
2025-03-22,Apple,17,West Bengal,19,Kolkata,342,11333.333333333334,12333.333333333334,11666.666666666666
2025-03-21,Apple,17,West Bengal,19,Kolkata,342,11333.333333333334,12333.333333333334,11666.666666666666
2025-03-20,Apple,17,West Bengal,19,Kolkata,342,9000,10000,10000
2025-03-19,Apple,17,West Bengal,19,Kolkata,342,9000,10333.333333333334,10000
2025-03-18,Apple,17,West Bengal,19,Kolkata,342,9000,10000,10000
2025-03-17,Apple,17,West Bengal,19,Kolkata,342,9000,10000,10000
2025-03-16,Apple,17,West Bengal,19,Kolkata,342,9000,10000,10000
2025-03-15,Apple,17,West Bengal,19,Kolkata,342,9000,10000,10000
2025-03-14,Apple,17,West Bengal,19,Kolkata,342,9000,10000,10000
2025-03-13,Apple,17,West Bengal,19,Kolkata,342,9000,10000,10000
2025-03-12,Apple,17,West Bengal,19,Kolkata,342,9000,10000,10000
2025-03-11,Apple,17,West Bengal,19,Kolkata,342,9000,10000,10000
2025-03-10,Apple,17,West Bengal,19,Kolkata,342,9000,10000,10000
2025-03-09,Apple,17,West Bengal,19,Kolkata,342,6000,7000,7000
2025-03-08,Apple,17,West Bengal,19,Kolkata,342,12000,13000,13000
2025-03-07,Apple,17,West Bengal,19,Kolkata,342,12000,13000,13000
2025-03-06,Apple,17,West Bengal,19,Kolkata,342,6000,7000,7000
2025-03-05,Apple,17,West Bengal,19,Kolkata,342,12000,13000,13000
2025-03-04,Apple,17,West Bengal,19,Kolkata,342,12000,13000,12000
2025-03-03,Apple,17,West Bengal,19,Kolkata,342,9000,10000,9000
2025-03-02,Apple,17,West Bengal,19,Kolkata,342,12000,13000,12000
2025-03-01,Apple,17,West Bengal,19,Kolkata,342,9000,10000,9000
2025-02-28,Apple,17,West Bengal,19,Kolkata,342,9000,10000,9000
2025-02-27,Apple,17,West Bengal,19,Kolkata,342,6000,7000,7000
2025-02-26,Apple,17,West Bengal,19,Kolkata,342,9000,10000,9000
2025-02-25,Apple,17,West Bengal,19,Kolkata,342,9000,10000,9000
2025-02-24,Apple,17,West Bengal,19,Kolkata,342,6000,7000,7000
2025-02-23,Apple,17,West Bengal,19,Kolkata,342,9000,10000,9000
2025-02-22,Apple,17,West Bengal,19,Kolkata,342,9000,10000,9000
2025-02-21,Apple,17,West Bengal,19,Kolkata,342,6000,7000,7000
2025-02-20,Apple,17,West Bengal,19,Kolkata,342,7500,8500,8000
2025-02-19,Apple,17,West Bengal,19,Kolkata,342,12000,13000,12000
2025-02-18,Apple,17,West Bengal,19,Kolkata,342,9000,10000,10000
2025-02-17,Apple,17,West Bengal,19,Kolkata,342,12000,13000,12000
2025-02-16,Apple,17,West Bengal,19,Kolkata,342,9000,10000,9000
2025-02-15,Apple,17,West Bengal,19,Kolkata,342,6000,7000,7000
2025-02-14,Apple,17,West Bengal,19,Kolkata,342,9000,10000,9000
2025-02-13,Apple,17,West Bengal,19,Kolkata,342,6000,7000,7000
2025-02-12,Apple,17,West Bengal,19,Kolkata,342,9000,10000,9000
2025-02-11,Apple,17,West Bengal,19,Kolkata,342,12000,13000,12000
2025-02-10,Apple,17,West Bengal,19,Kolkata,342,9000,10000,9000
2025-02-09,Apple,17,West Bengal,19,Kolkata,342,12000,13000,12000
2025-02-08,Apple,17,West Bengal,19,Kolkata,342,9000,10000,9000
2025-02-07,Apple,17,West Bengal,19,Kolkata,342,9000,10000,9500
2025-02-06,Apple,17,West Bengal,19,Kolkata,342,9000,10000,9000
2025-02-05,Apple,17,West Bengal,19,Kolkata,342,9000,10000,9000
2025-02-04,Apple,17,West Bengal,19,Kolkata,342,6000,7000,7000
2025-02-03,Apple,17,West Bengal,19,Kolkata,342,12000,13000,12000
2025-02-02,Apple,17,West Bengal,19,Kolkata,342,9000,11000,10000
2025-02-01,Apple,17,West Bengal,19,Kolkata,342,12000,14000,13000
2025-01-31,Apple,17,West Bengal,19,Kolkata,342,9000,10000,9000
2025-01-30,Apple,17,West Bengal,19,Kolkata,342,12000,13000,12000
2025-01-29,Apple,17,West Bengal,19,Kolkata,342,6000,7000,7000
2025-01-28,Apple,17,West Bengal,19,Kolkata,342,9000,10000,9000
2025-01-27,Apple,17,West Bengal,19,Kolkata,342,9000,10000,9000
2025-01-26,Apple,17,West Bengal,19,Kolkata,342,7000,8000,7000
2025-01-25,Apple,17,West Bengal,19,Kolkata,342,11000,12000,11000
2025-01-23,Apple,17,West Bengal,19,Kolkata,342,11000,12000,11000
2025-01-22,Apple,17,West Bengal,19,Kolkata,342,5000,6000,6000
2025-01-21,Apple,17,West Bengal,19,Kolkata,342,5000,6000,6000
2025-01-20,Apple,17,West Bengal,19,Kolkata,342,7000,8000,7000
2025-01-19,Apple,17,West Bengal,19,Kolkata,342,11000,12000,11000
2025-01-18,Apple,17,West Bengal,19,Kolkata,342,7000,8000,7000
2025-01-17,Apple,17,West Bengal,19,Kolkata,342,5000,6000,6000
2025-01-16,Apple,17,West Bengal,19,Kolkata,342,5000,6000,6000
2025-01-15,Apple,17,West Bengal,19,Kolkata,342,5000,6000,6000
2025-01-14,Apple,17,West Bengal,19,Kolkata,342,7000,8000,7000
2025-01-13,Apple,17,West Bengal,19,Kolkata,342,11000,12000,11000
2025-01-12,Apple,17,West Bengal,19,Kolkata,342,5000,6000,6000
2025-01-11,Apple,17,West Bengal,19,Kolkata,342,11000,12000,11000
2025-01-10,Apple,17,West Bengal,19,Kolkata,342,7000,8000,7000
2025-01-09,Apple,17,West Bengal,19,Kolkata,342,5000,6000,6000
2025-01-08,Apple,17,West Bengal,19,Kolkata,342,7000,8000,7000
2025-01-07,Apple,17,West Bengal,19,Kolkata,342,11000,12000,11000
2025-01-06,Apple,17,West Bengal,19,Kolkata,342,11000,12000,11000
2025-01-05,Apple,17,West Bengal,19,Kolkata,342,5000,6000,6000
2025-01-04,Apple,17,West Bengal,19,Kolkata,342,11000,12000,11000
2025-01-03,Apple,17,West Bengal,19,Kolkata,342,5000,6000,6000
2025-01-02,Apple,17,West Bengal,19,Kolkata,342,11000,12000,11000
2025-01-01,Apple,17,West Bengal,19,Kolkata,342,5000,6000,6000
2024-12-31,Apple,17,West Bengal,19,Kolkata,342,5000,6000,6000
2024-12-30,Apple,17,West Bengal,19,Kolkata,342,11000,12000,11000
2024-12-29,Apple,17,West Bengal,19,Kolkata,342,5000,6000,6000
2024-12-28,Apple,17,West Bengal,19,Kolkata,342,11000,12000,11000
2024-12-25,Apple,17,West Bengal,19,Kolkata,342,5000,6000,6000
2024-12-24,Apple,17,West Bengal,19,Kolkata,342,11000,12000,11000
2024-12-13,Apple,17,West Bengal,19,Kolkata,342,8000,9000,9000
2024-12-12,Apple,17,West Bengal,19,Kolkata,342,8000,9000,9000
2024-12-11,Apple,17,West Bengal,19,Kolkata,342,11000,12000,12000
2024-12-10,Apple,17,West Bengal,19,Kolkata,342,8000,9000,9000
2024-12-09,Apple,17,West Bengal,19,Kolkata,342,11000,12000,11000
2024-12-08,Apple,17,West Bengal,19,Kolkata,342,11000,12000,11000
2024-12-07,Apple,17,West Bengal,19,Kolkata,342,8000,9000,8000
2024-12-06,Apple,17,West Bengal,19,Kolkata,342,14000,15000,14000
2024-12-05,Apple,17,West Bengal,19,Kolkata,342,14000,15000,14000
2024-12-04,Apple,17,West Bengal,19,Kolkata,342,14000,15000,14000
2024-12-03,Apple,17,West Bengal,19,Kolkata,342,8000,9000,8000
2024-12-02,Apple,17,West Bengal,19,Kolkata,342,11000,12000,11000
2024-12-01,Apple,17,West Bengal,19,Kolkata,342,11000,12000,11000
2024-11-30,Apple,17,West Bengal,19,Kolkata,342,14000,15000,14000
2024-11-29,Apple,17,West Bengal,19,Kolkata,342,8000,9000,8000
2024-11-28,Apple,17,West Bengal,19,Kolkata,342,11000,12000,11000
2024-11-27,Apple,17,West Bengal,19,Kolkata,342,14000,15000,14000
2024-11-26,Apple,17,West Bengal,19,Kolkata,342,14000,15000,14000
2024-11-25,Apple,17,West Bengal,19,Kolkata,342,14000,15000,14000
2024-11-24,Apple,17,West Bengal,19,Kolkata,342,8000,9000,9000
2024-11-23,Apple,17,West Bengal,19,Kolkata,342,11000,12000,11000
2024-11-22,Apple,17,West Bengal,19,Kolkata,342,11000,12000,11000
2024-11-21,Apple,17,West Bengal,19,Kolkata,342,8000,10000,9000
2024-11-20,Apple,17,West Bengal,19,Kolkata,342,8000,10000,9000
2024-11-19,Apple,17,West Bengal,19,Kolkata,342,8000,10000,9000
2024-11-18,Apple,17,West Bengal,19,Kolkata,342,8000,10000,9000
2024-11-17,Apple,17,West Bengal,19,Kolkata,342,14000,15000,14000
2024-11-16,Apple,17,West Bengal,19,Kolkata,342,8000,10000,9000
2024-11-15,Apple,17,West Bengal,19,Kolkata,342,8000,10000,9000
2024-11-14,Apple,17,West Bengal,19,Kolkata,342,11000,12000,11000
2024-11-13,Apple,17,West Bengal,19,Kolkata,342,14000,15000,15000
2024-11-12,Apple,17,West Bengal,19,Kolkata,342,14000,15000,15000
2024-11-11,Apple,17,West Bengal,19,Kolkata,342,12000,13000,12000
2024-11-10,Apple,17,West Bengal,19,Kolkata,342,15000,16000,15000
2024-11-09,Apple,17,West Bengal,19,Kolkata,342,12000,13000,12000
2024-11-08,Apple,17,West Bengal,19,Kolkata,342,15000,16000,16000
2024-11-07,Apple,17,West Bengal,19,Kolkata,342,11000,11600,11000
2024-11-06,Apple,17,West Bengal,19,Kolkata,342,12000,13000,12000
2024-11-05,Apple,17,West Bengal,19,Kolkata,342,12000,13000,12000
2024-11-04,Apple,17,West Bengal,19,Kolkata,342,12000,13000,12000
2024-11-03,Apple,17,West Bengal,19,Kolkata,342,16000,17000,16000
2024-11-02,Apple,17,West Bengal,19,Kolkata,342,17000,18000,17000
2024-11-01,Apple,17,West Bengal,19,Kolkata,342,11000,11500,11000
2024-10-31,Apple,17,West Bengal,19,Kolkata,342,12000,13000,12000
2024-10-30,Apple,17,West Bengal,19,Kolkata,342,17000,18000,17000
2024-10-29,Apple,17,West Bengal,19,Kolkata,342,17000,18000,17000
2024-10-28,Apple,17,West Bengal,19,Kolkata,342,11000,11500,11000
2024-10-27,Apple,17,West Bengal,19,Kolkata,342,9500,10750,10000
2024-10-26,Apple,17,West Bengal,19,Kolkata,342,12000,13000,12000
2024-10-25,Apple,17,West Bengal,19,Kolkata,342,11000,11500,11000
2024-10-24,Apple,17,West Bengal,19,Kolkata,342,17000,18000,17000
2024-10-23,Apple,17,West Bengal,19,Kolkata,342,10000,11000,11000
2024-10-22,Apple,17,West Bengal,19,Kolkata,342,11000,11500,11000
2024-10-21,Apple,17,West Bengal,19,Kolkata,342,11000,11800,11000
2024-10-20,Apple,17,West Bengal,19,Kolkata,342,17000,18000,17000
2024-10-19,Apple,17,West Bengal,19,Kolkata,342,11000,12000,11000
2024-10-18,Apple,17,West Bengal,19,Kolkata,342,12000,13000,12000
2024-10-17,Apple,17,West Bengal,19,Kolkata,342,12000,13000,12000
2024-10-16,Apple,17,West Bengal,19,Kolkata,342,17000,18000,17000
2024-10-15,Apple,17,West Bengal,19,Kolkata,342,12000,13000,12000
2024-10-14,Apple,17,West Bengal,19,Kolkata,342,12000,13000,12000
2024-10-13,Apple,17,West Bengal,19,Kolkata,342,17000,18000,17000
2024-10-12,Apple,17,West Bengal,19,Kolkata,342,12000,13000,12000
2024-10-11,Apple,17,West Bengal,19,Kolkata,342,10000,11000,11000
2024-10-10,Apple,17,West Bengal,19,Kolkata,342,17000,18000,17000
2024-10-09,Apple,17,West Bengal,19,Kolkata,342,12000,13000,12000
2024-10-07,Apple,17,West Bengal,19,Kolkata,342,12000,13000,12000
2024-10-06,Apple,17,West Bengal,19,Kolkata,342,10000,11000,11000
2024-10-05,Apple,17,West Bengal,19,Kolkata,342,12000,13000,12000
2024-10-04,Apple,17,West Bengal,19,Kolkata,342,12000,13000,12000
2024-10-03,Apple,17,West Bengal,19,Kolkata,342,10000,11000,11000
2024-10-01,Apple,17,West Bengal,19,Kolkata,342,10000,11000,11000
2024-09-30,Apple,17,West Bengal,19,Kolkata,342,10000,11000,11000
2024-09-29,Apple,17,West Bengal,19,Kolkata,342,10000,11000,11000
2024-09-28,Apple,17,West Bengal,19,Kolkata,342,12000,13000,12000
2024-09-27,Apple,17,West Bengal,19,Kolkata,342,10000,11000,11000
2024-09-26,Apple,17,West Bengal,19,Kolkata,342,17000,18000,17000
2024-09-25,Apple,17,West Bengal,19,Kolkata,342,10000,11000,11000
2024-09-24,Apple,17,West Bengal,19,Kolkata,342,10000,11000,11000
2024-09-23,Apple,17,West Bengal,19,Kolkata,342,20000,22000,21000
2024-09-22,Apple,17,West Bengal,19,Kolkata,342,10000,11000,11000
2024-09-21,Apple,17,West Bengal,19,Kolkata,342,12000,14000,13000
2024-09-20,Apple,17,West Bengal,19,Kolkata,342,10000,11000,11000
2024-09-19,Apple,17,West Bengal,19,Kolkata,342,20000,22000,21000
2024-09-18,Apple,17,West Bengal,19,Kolkata,342,20000,22000,21000
2024-09-17,Apple,17,West Bengal,19,Kolkata,342,10000,11000,11000
2024-09-16,Apple,17,West Bengal,19,Kolkata,342,10000,11000,11000
2024-09-15,Apple,17,West Bengal,19,Kolkata,342,20000,22000,21000
2024-09-14,Apple,17,West Bengal,19,Kolkata,342,20000,22000,21000
2024-09-13,Apple,17,West Bengal,19,Kolkata,342,20000,22000,21000
2024-09-12,Apple,17,West Bengal,19,Kolkata,342,10000,11000,10000
2024-09-11,Apple,17,West Bengal,19,Kolkata,342,10000,11000,10000
2024-09-10,Apple,17,West Bengal,19,Kolkata,342,10000,11000,10000
2024-09-09,Apple,17,West Bengal,19,Kolkata,342,10000,11000,10000
2024-09-08,Apple,17,West Bengal,19,Kolkata,342,10000,11000,10000
2024-09-07,Apple,17,West Bengal,19,Kolkata,342,10000,11000,10000
2024-09-06,Apple,17,West Bengal,19,Kolkata,342,10000,11000,10000
2024-09-05,Apple,17,West Bengal,19,Kolkata,342,12000,14000,13000
2024-09-04,Apple,17,West Bengal,19,Kolkata,342,10000,11000,10000
2024-09-03,Apple,17,West Bengal,19,Kolkata,342,20000,22000,20000
2024-09-02,Apple,17,West Bengal,19,Kolkata,342,10000,11000,11000
2024-09-01,Apple,17,West Bengal,19,Kolkata,342,12000,14000,13000
2024-08-31,Apple,17,West Bengal,19,Kolkata,342,12000,14000,12000
2024-08-30,Apple,17,West Bengal,19,Kolkata,342,12000,15000,14000
2024-08-29,Apple,17,West Bengal,19,Kolkata,342,20000,22000,20000
2024-08-28,Apple,17,West Bengal,19,Kolkata,342,12000,15000,14000
2024-08-27,Apple,17,West Bengal,19,Kolkata,342,17000,18000,18000
2024-08-26,Apple,17,West Bengal,19,Kolkata,342,17000,18000,17000
2024-08-25,Apple,17,West Bengal,19,Kolkata,342,17000,18000,18000
2024-08-24,Apple,17,West Bengal,19,Kolkata,342,17000,18000,18000
2024-08-23,Apple,17,West Bengal,19,Kolkata,342,20000,22000,20000
2024-08-22,Apple,17,West Bengal,19,Kolkata,342,20000,22000,20000
2024-08-21,Apple,17,West Bengal,19,Kolkata,342,17000,18000,18000
2024-08-20,Apple,17,West Bengal,19,Kolkata,342,12000,15000,14000
2024-08-19,Apple,17,West Bengal,19,Kolkata,342,12000,15000,14000
2024-08-18,Apple,17,West Bengal,19,Kolkata,342,17000,18000,18000
2024-08-17,Apple,17,West Bengal,19,Kolkata,342,20000,22000,20000
2024-08-16,Apple,17,West Bengal,19,Kolkata,342,14000,16000,15000
2024-08-13,Apple,17,West Bengal,19,Kolkata,342,9000,10000,10000
2024-08-12,Apple,17,West Bengal,19,Kolkata,342,9000,10000,10000
2024-08-11,Apple,17,West Bengal,19,Kolkata,342,9000,10000,10000
2024-08-10,Apple,17,West Bengal,19,Kolkata,342,11000,12000,12000
2024-08-09,Apple,17,West Bengal,19,Kolkata,342,11000,12000,12000
2024-08-08,Apple,17,West Bengal,19,Kolkata,342,9000,10000,10000
2024-08-07,Apple,17,West Bengal,19,Kolkata,342,14000,16000,15000
2024-08-06,Apple,17,West Bengal,19,Kolkata,342,9000,10000,10000
2024-08-05,Apple,17,West Bengal,19,Kolkata,342,11500,13000,12500
2024-08-04,Apple,17,West Bengal,19,Kolkata,342,9000,10000,10000
2024-07-31,Apple,17,West Bengal,19,Kolkata,342,9000,10000,10000
2024-07-30,Apple,17,West Bengal,19,Kolkata,342,11000,12000,12000
2024-07-29,Apple,17,West Bengal,19,Kolkata,342,9000,10000,10000
2024-07-28,Apple,17,West Bengal,19,Kolkata,342,14000,16000,15000
2024-07-27,Apple,17,West Bengal,19,Kolkata,342,10000,11500,11000
2024-07-26,Apple,17,West Bengal,19,Kolkata,342,11000,13000,12000
2024-07-24,Apple,17,West Bengal,19,Kolkata,342,9000,10000,10000
2024-07-23,Apple,17,West Bengal,19,Kolkata,342,14000,16000,15000
2024-07-22,Apple,17,West Bengal,19,Kolkata,342,12000,13000,12000
2024-07-21,Apple,17,West Bengal,19,Kolkata,342,9000,10000,10000
2024-07-20,Apple,17,West Bengal,19,Kolkata,342,12000,13000,12000
2024-07-19,Apple,17,West Bengal,19,Kolkata,342,9000,10000,10000
2024-07-18,Apple,17,West Bengal,19,Kolkata,342,9000,10000,10000
2024-07-17,Apple,17,West Bengal,19,Kolkata,342,9000,10000,10000
2024-07-16,Apple,17,West Bengal,19,Kolkata,342,12000,13000,12000
2024-07-15,Apple,17,West Bengal,19,Kolkata,342,11000,12000,12000
2024-07-14,Apple,17,West Bengal,19,Kolkata,342,9000,10000,10000
2024-07-13,Apple,17,West Bengal,19,Kolkata,342,9000,10000,10000
2024-07-12,Apple,17,West Bengal,19,Kolkata,342,13000,14000,13400
2024-07-11,Apple,17,West Bengal,19,Kolkata,342,9000,10000,9000
2024-07-08,Apple,17,West Bengal,19,Kolkata,342,11000,12000,12000
2024-07-07,Apple,17,West Bengal,19,Kolkata,342,9000,10000,9000
2024-07-06,Apple,17,West Bengal,19,Kolkata,342,11000,12000,12000
2024-07-05,Apple,17,West Bengal,19,Kolkata,342,11000,12000,12000
2024-07-04,Apple,17,West Bengal,19,Kolkata,342,11000,12000,12000
2024-07-03,Apple,17,West Bengal,19,Kolkata,342,13000,14000,14000
2024-07-02,Apple,17,West Bengal,19,Kolkata,342,13000,14000,14000
2024-07-01,Apple,17,West Bengal,19,Kolkata,342,13000,15000,14000
2024-06-30,Apple,17,West Bengal,19,Kolkata,342,13000,16000,14000
2024-06-29,Apple,17,West Bengal,19,Kolkata,342,13000,16000,14000
2024-06-28,Apple,17,West Bengal,19,Kolkata,342,13000,16000,14000
2024-06-27,Apple,17,West Bengal,19,Kolkata,342,11000,12000,11000
2024-06-26,Apple,17,West Bengal,19,Kolkata,342,9000,10000,9000
2024-06-25,Apple,17,West Bengal,19,Kolkata,342,9000,10000,10000
2024-06-24,Apple,17,West Bengal,19,Kolkata,342,13000,15000,14000
2024-06-23,Apple,17,West Bengal,19,Kolkata,342,9000,10000,10000
2024-06-22,Apple,17,West Bengal,19,Kolkata,342,11000,12000,12000
2024-06-21,Apple,17,West Bengal,19,Kolkata,342,9000,10000,10000
2024-06-20,Apple,17,West Bengal,19,Kolkata,342,13000,14000,14000
2024-06-19,Apple,17,West Bengal,19,Kolkata,342,11000,12000,12000
2024-06-18,Apple,17,West Bengal,19,Kolkata,342,13000,14000,14000
2024-06-17,Apple,17,West Bengal,19,Kolkata,342,11000,12000,12000
2024-06-16,Apple,17,West Bengal,19,Kolkata,342,9000,10000,9000
2024-06-15,Apple,17,West Bengal,19,Kolkata,342,13000,14000,14000
2024-06-14,Apple,17,West Bengal,19,Kolkata,342,13000,14000,14000
2024-06-13,Apple,17,West Bengal,19,Kolkata,342,10000,11000,11000
2024-06-12,Apple,17,West Bengal,19,Kolkata,342,8000,9000,9000
2024-06-11,Apple,17,West Bengal,19,Kolkata,342,8000,9000,9000
2024-06-10,Apple,17,West Bengal,19,Kolkata,342,9000,10000,10000
2024-06-09,Apple,17,West Bengal,19,Kolkata,342,7000,8000,8000
2024-06-08,Apple,17,West Bengal,19,Kolkata,342,9000,10000,10000
2024-06-07,Apple,17,West Bengal,19,Kolkata,342,14000,15000,15000
2024-06-06,Apple,17,West Bengal,19,Kolkata,342,9000,10000,10000
2024-06-05,Apple,17,West Bengal,19,Kolkata,342,7000,8000,8000
2024-06-04,Apple,17,West Bengal,19,Kolkata,342,9000,10000,9000
2024-06-02,Apple,17,West Bengal,19,Kolkata,342,8000,10000,9000
2024-06-01,Apple,17,West Bengal,19,Kolkata,342,13500,15000,14000
2024-05-31,Apple,17,West Bengal,19,Kolkata,342,13000,15000,14000
2024-05-29,Apple,17,West Bengal,19,Kolkata,342,14000,15000,15000
2024-05-28,Apple,17,West Bengal,19,Kolkata,342,7000,8000,8000
2024-05-27,Apple,17,West Bengal,19,Kolkata,342,7000,8000,8000
2024-05-26,Apple,17,West Bengal,19,Kolkata,342,14000,15000,15000
2024-05-25,Apple,17,West Bengal,19,Kolkata,342,14000,15000,15000
2024-05-24,Apple,17,West Bengal,19,Kolkata,342,14000,15000,15000
2024-05-23,Apple,17,West Bengal,19,Kolkata,342,7000,8000,8000
2024-05-22,Apple,17,West Bengal,19,Kolkata,342,9000,10000,10000
2024-05-21,Apple,17,West Bengal,19,Kolkata,342,9000,10000,10000
2024-05-20,Apple,17,West Bengal,19,Kolkata,342,7000,8000,8000
2024-05-19,Apple,17,West Bengal,19,Kolkata,342,9000,10000,10000
2024-05-18,Apple,17,West Bengal,19,Kolkata,342,9000,10000,10000
2024-05-17,Apple,17,West Bengal,19,Kolkata,342,7500,8000,8000
2024-05-16,Apple,17,West Bengal,19,Kolkata,342,9000,10000,10000
2024-05-15,Apple,17,West Bengal,19,Kolkata,342,14000,15000,15000
2024-05-14,Apple,17,West Bengal,19,Kolkata,342,9000,10000,10000
2024-05-13,Apple,17,West Bengal,19,Kolkata,342,14000,15000,15000
2024-05-12,Apple,17,West Bengal,19,Kolkata,342,7000,8000,8000
2024-05-11,Apple,17,West Bengal,19,Kolkata,342,14500,15000,15000
2024-05-10,Apple,17,West Bengal,19,Kolkata,342,7000,8000,8000
2024-05-09,Apple,17,West Bengal,19,Kolkata,342,14500,15000,15000
2024-05-08,Apple,17,West Bengal,19,Kolkata,342,7000,8000,8000
2024-05-07,Apple,17,West Bengal,19,Kolkata,342,14000,15000,15000
2024-05-06,Apple,17,West Bengal,19,Kolkata,342,7000,8000,8000
2024-05-05,Apple,17,West Bengal,19,Kolkata,342,14000,15000,15000
2024-05-04,Apple,17,West Bengal,19,Kolkata,342,7000,8000,8000
2024-05-03,Apple,17,West Bengal,19,Kolkata,342,14000,15000,14000
2024-05-02,Apple,17,West Bengal,19,Kolkata,342,14000,15000,14000
2024-05-01,Apple,17,West Bengal,19,Kolkata,342,13000,14000,14000
2024-04-30,Apple,17,West Bengal,19,Kolkata,342,13000,14000,14000
2024-04-29,Apple,17,West Bengal,19,Kolkata,342,9000,10000,10000
2024-04-28,Apple,17,West Bengal,19,Kolkata,342,13000,14000,14000
2024-04-27,Apple,17,West Bengal,19,Kolkata,342,12600,13000,13000
2024-04-26,Apple,17,West Bengal,19,Kolkata,342,12600,13000,13000
2024-04-25,Apple,17,West Bengal,19,Kolkata,342,11500,12000,12000
2024-04-24,Apple,17,West Bengal,19,Kolkata,342,6500,7000,7000
2024-04-23,Apple,17,West Bengal,19,Kolkata,342,6500,7000,7000
2024-04-22,Apple,17,West Bengal,19,Kolkata,342,5600,7000,6000
2024-04-21,Apple,17,West Bengal,19,Kolkata,342,5600,7000,6000
2024-04-20,Apple,17,West Bengal,19,Kolkata,342,8800,10500,9500
2024-04-19,Apple,17,West Bengal,19,Kolkata,342,12000,14000,13000
2024-04-18,Apple,17,West Bengal,19,Kolkata,342,8000,10000,9000
2024-04-17,Apple,17,West Bengal,19,Kolkata,342,5600,7000,6000
2024-04-16,Apple,17,West Bengal,19,Kolkata,342,5600,7000,6000
2024-04-15,Apple,17,West Bengal,19,Kolkata,342,8000,10000,9000
2024-04-14,Apple,17,West Bengal,19,Kolkata,342,5600,7000,6000
2024-04-13,Apple,17,West Bengal,19,Kolkata,342,8000,10000,9000
2024-04-12,Apple,17,West Bengal,19,Kolkata,342,5600,7000,6000
2024-04-11,Apple,17,West Bengal,19,Kolkata,342,12000,14000,12600
2024-04-10,Apple,17,West Bengal,19,Kolkata,342,12000,14000,12600
2024-04-09,Apple,17,West Bengal,19,Kolkata,342,8000,10000,9000
2024-04-08,Apple,17,West Bengal,19,Kolkata,342,12000,14000,12700
2024-04-07,Apple,17,West Bengal,19,Kolkata,342,12000,14000,12600
2024-04-06,Apple,17,West Bengal,19,Kolkata,342,8000,10000,9000
2024-04-05,Apple,17,West Bengal,19,Kolkata,342,8000,10000,9000
2024-04-04,Apple,17,West Bengal,19,Kolkata,342,8900,10000,9300
2024-04-03,Apple,17,West Bengal,19,Kolkata,342,12000,14000,12600
2024-04-02,Apple,17,West Bengal,19,Kolkata,342,12000,14000,12600
2024-04-01,Apple,17,West Bengal,19,Kolkata,342,12000,14000,12600
2024-03-31,Apple,17,West Bengal,19,Kolkata,342,5600,7000,6000
2024-03-30,Apple,17,West Bengal,19,Kolkata,342,9000,11000,10000
2024-03-29,Apple,17,West Bengal,19,Kolkata,342,12000,14000,12500
2024-03-28,Apple,17,West Bengal,19,Kolkata,342,12000,14000,12000
2024-03-27,Apple,17,West Bengal,19,Kolkata,342,5600,6000,6000
2024-03-26,Apple,17,West Bengal,19,Kolkata,342,5600,6000,6000
2024-03-25,Apple,17,West Bengal,19,Kolkata,342,5600,6000,6000
2024-03-24,Apple,17,West Bengal,19,Kolkata,342,9000,11000,10000
2024-03-23,Apple,17,West Bengal,19,Kolkata,342,9000,11000,10000
2024-03-22,Apple,17,West Bengal,19,Kolkata,342,9000,11000,10000
2024-03-21,Apple,17,West Bengal,19,Kolkata,342,14000,15000,15000
2024-03-20,Apple,17,West Bengal,19,Kolkata,342,14000,15000,15000
2024-03-19,Apple,17,West Bengal,19,Kolkata,342,14000,16000,15000
2024-03-18,Apple,17,West Bengal,19,Kolkata,342,14000,16000,15000
2024-03-17,Apple,17,West Bengal,19,Kolkata,342,7000,8000,8000
2024-03-16,Apple,17,West Bengal,19,Kolkata,342,14000,15000,15000
2024-03-15,Apple,17,West Bengal,19,Kolkata,342,14000,15000,15000
2024-03-14,Apple,17,West Bengal,19,Kolkata,342,14000,15000,15000
2024-03-13,Apple,17,West Bengal,19,Kolkata,342,14000,15000,15000
2024-03-12,Apple,17,West Bengal,19,Kolkata,342,7000,8000,8000
2024-03-11,Apple,17,West Bengal,19,Kolkata,342,7000,8000,8000
2024-03-10,Apple,17,West Bengal,19,Kolkata,342,7000,8000,8000
2024-03-09,Apple,17,West Bengal,19,Kolkata,342,11000,12000,12000
2024-03-08,Apple,17,West Bengal,19,Kolkata,342,7000,8000,8000
2024-03-07,Apple,17,West Bengal,19,Kolkata,342,7000,8000,8000
2024-03-06,Apple,17,West Bengal,19,Kolkata,342,14000,15000,14000
2024-03-05,Apple,17,West Bengal,19,Kolkata,342,11000,12000,12000
2024-03-02,Apple,17,West Bengal,19,Kolkata,342,7000,8000,8000
2024-03-01,Apple,17,West Bengal,19,Kolkata,342,14000,15000,14000
2024-02-29,Apple,17,West Bengal,19,Kolkata,342,7000,8000,8000
2024-02-28,Apple,17,West Bengal,19,Kolkata,342,10500,11000,11000
2024-02-27,Apple,17,West Bengal,19,Kolkata,342,14000,15000,14000
2024-02-26,Apple,17,West Bengal,19,Kolkata,342,10500,11000,11000
2024-02-25,Apple,17,West Bengal,19,Kolkata,342,14000,15000,15000
2024-02-24,Apple,17,West Bengal,19,Kolkata,342,10500,11000,11000
2024-02-23,Apple,17,West Bengal,19,Kolkata,342,14000,15000,15000
2024-02-22,Apple,17,West Bengal,19,Kolkata,342,10000,11000,10000
2024-02-21,Apple,17,West Bengal,19,Kolkata,342,7000,8000,8000
2024-02-20,Apple,17,West Bengal,19,Kolkata,342,12000,15000,14000
2024-02-19,Apple,17,West Bengal,19,Kolkata,342,12000,15000,14000
2024-02-17,Apple,17,West Bengal,19,Kolkata,342,10000,11000,11000
2024-02-16,Apple,17,West Bengal,19,Kolkata,342,9000,10000,10000
2024-02-15,Apple,17,West Bengal,19,Kolkata,342,7000,8000,7000
2024-02-14,Apple,17,West Bengal,19,Kolkata,342,8600,9600,9000
2024-02-13,Apple,17,West Bengal,19,Kolkata,342,10000,11000,11000
2024-02-12,Apple,17,West Bengal,19,Kolkata,342,7000,8000,7000
2024-02-11,Apple,17,West Bengal,19,Kolkata,342,7000,8000,7000
2024-02-10,Apple,17,West Bengal,19,Kolkata,342,7000,8000,7000
2024-02-09,Apple,17,West Bengal,19,Kolkata,342,10000,10700,10000
2024-02-05,Apple,17,West Bengal,19,Kolkata,342,9600,11000,10700
2024-02-03,Apple,17,West Bengal,19,Kolkata,342,8300,10000,9000
2024-02-02,Apple,17,West Bengal,19,Kolkata,342,9700,10700,10700
2024-02-01,Apple,17,West Bengal,19,Kolkata,342,11000,12000,12000
2024-01-31,Apple,17,West Bengal,19,Kolkata,342,11000,12000,12000
2024-01-30,Apple,17,West Bengal,19,Kolkata,342,11000,12000,12000
2024-01-29,Apple,17,West Bengal,19,Kolkata,342,6000,7000,7000
2024-01-28,Apple,17,West Bengal,19,Kolkata,342,6000,7000,6000
2024-01-27,Apple,17,West Bengal,19,Kolkata,342,6000,7000,6000
2024-01-26,Apple,17,West Bengal,19,Kolkata,342,6000,7000,6000
2024-01-25,Apple,17,West Bengal,19,Kolkata,342,11000,12000,12000
2024-01-24,Apple,17,West Bengal,19,Kolkata,342,8000,9000,9000
2024-01-23,Apple,17,West Bengal,19,Kolkata,342,11000,12000,12000
2024-01-22,Apple,17,West Bengal,19,Kolkata,342,8000,9000,9000
2024-01-20,Apple,17,West Bengal,19,Kolkata,342,6000,7000,6000
2024-01-19,Apple,17,West Bengal,19,Kolkata,342,8000,10000,9000
2024-01-18,Apple,17,West Bengal,19,Kolkata,342,11000,12000,11000
2024-01-17,Apple,17,West Bengal,19,Kolkata,342,6000,7000,6000
2024-01-16,Apple,17,West Bengal,19,Kolkata,342,11000,12000,11000
2024-01-15,Apple,17,West Bengal,19,Kolkata,342,6000,7000,6000
2024-01-14,Apple,17,West Bengal,19,Kolkata,342,6000,7000,6000
2024-01-13,Apple,17,West Bengal,19,Kolkata,342,6000,7000,6000
2024-01-12,Apple,17,West Bengal,19,Kolkata,342,11000,12000,11000
2024-01-11,Apple,17,West Bengal,19,Kolkata,342,11000,12000,12000
2024-01-10,Apple,17,West Bengal,19,Kolkata,342,6000,7000,6000
2024-01-09,Apple,17,West Bengal,19,Kolkata,342,8000,10000,9000
2024-01-08,Apple,17,West Bengal,19,Kolkata,342,6000,7000,6000
2024-01-06,Apple,17,West Bengal,19,Kolkata,342,8000,10000,9000
2024-01-05,Apple,17,West Bengal,19,Kolkata,342,11000,12000,11000
2024-01-04,Apple,17,West Bengal,19,Kolkata,342,7000,8000,8000
2024-01-03,Apple,17,West Bengal,19,Kolkata,342,5000,6000,6000
2024-01-02,Apple,17,West Bengal,19,Kolkata,342,9000,10000,10000
2024-01-01,Apple,17,West Bengal,19,Kolkata,342,7000,8000,8000
2023-12-30,Apple,17,West Bengal,19,Kolkata,342,5000,6000,6000
2023-12-29,Apple,17,West Bengal,19,Kolkata,342,5000,6000,6000
2023-12-28,Apple,17,West Bengal,19,Kolkata,342,9000,10000,10000
2023-12-27,Apple,17,West Bengal,19,Kolkata,342,5000,6000,6000
2023-12-26,Apple,17,West Bengal,19,Kolkata,342,5000,6000,6000
2023-12-25,Apple,17,West Bengal,19,Kolkata,342,9000,10000,10000
2023-12-21,Apple,17,West Bengal,19,Kolkata,342,7000,8000,8000
2023-12-20,Apple,17,West Bengal,19,Kolkata,342,9000,10000,10000
2023-12-19,Apple,17,West Bengal,19,Kolkata,342,5000,6000,6000
2023-12-18,Apple,17,West Bengal,19,Kolkata,342,5000,6000,6000
2023-12-16,Apple,17,West Bengal,19,Kolkata,342,5000,6000,6000
2023-12-15,Apple,17,West Bengal,19,Kolkata,342,9000,10000,10000
2023-12-14,Apple,17,West Bengal,19,Kolkata,342,7000,8000,8000
2023-12-13,Apple,17,West Bengal,19,Kolkata,342,9000,10000,10000
2023-12-12,Apple,17,West Bengal,19,Kolkata,342,5000,6000,6000
2023-12-11,Apple,17,West Bengal,19,Kolkata,342,5000,6000,6000
2023-12-09,Apple,17,West Bengal,19,Kolkata,342,7000,8000,8000
2023-12-08,Apple,17,West Bengal,19,Kolkata,342,9000,10000,10000
2023-12-07,Apple,17,West Bengal,19,Kolkata,342,9000,10000,10000
2023-12-06,Apple,17,West Bengal,19,Kolkata,342,7000,8000,8000
2023-12-05,Apple,17,West Bengal,19,Kolkata,342,4500,5000,5000
2023-12-04,Apple,17,West Bengal,19,Kolkata,342,3000,4000,3600
2023-12-02,Apple,17,West Bengal,19,Kolkata,342,4500,5000,5000
2023-12-01,Apple,17,West Bengal,19,Kolkata,342,3000,4000,3600
2023-11-30,Apple,17,West Bengal,19,Kolkata,342,3000,4000,3600
2023-11-29,Apple,17,West Bengal,19,Kolkata,342,3000,4000,3600
2023-11-28,Apple,17,West Bengal,19,Kolkata,342,3000,4000,3600
2023-11-27,Apple,17,West Bengal,19,Kolkata,342,3000,4000,3600
2023-11-25,Apple,17,West Bengal,19,Kolkata,342,3000,4000,3600
2023-11-24,Apple,17,West Bengal,19,Kolkata,342,4500,5600,5000
2023-11-23,Apple,17,West Bengal,19,Kolkata,342,9000,10000,10000
2023-11-22,Apple,17,West Bengal,19,Kolkata,342,5000,6000,6000
2023-11-21,Apple,17,West Bengal,19,Kolkata,342,9000,10000,10000
2023-11-20,Apple,17,West Bengal,19,Kolkata,342,7000,8000,8000
2023-11-18,Apple,17,West Bengal,19,Kolkata,342,9000,10000,10000
2023-11-17,Apple,17,West Bengal,19,Kolkata,342,9000,10000,10000
2023-11-16,Apple,17,West Bengal,19,Kolkata,342,9000,10000,10000
2023-11-15,Apple,17,West Bengal,19,Kolkata,342,9000,10000,10000
2023-11-14,Apple,17,West Bengal,19,Kolkata,342,5000,6000,6000
2023-11-13,Apple,17,West Bengal,19,Kolkata,342,5000,6000,6000
2023-11-12,Apple,17,West Bengal,19,Kolkata,342,9000,10000,10000
2023-11-11,Apple,17,West Bengal,19,Kolkata,342,7000,8000,8000
2023-11-10,Apple,17,West Bengal,19,Kolkata,342,5000,6000,6000
2023-11-09,Apple,17,West Bengal,19,Kolkata,342,5000,6000,6000
2023-11-06,Apple,17,West Bengal,19,Kolkata,342,7000,8000,8000
2023-11-04,Apple,17,West Bengal,19,Kolkata,342,5000,6000,6000
2023-11-02,Apple,17,West Bengal,19,Kolkata,342,9000,10000,10000
2023-11-01,Apple,17,West Bengal,19,Kolkata,342,11000,12000,11000
2023-10-31,Apple,17,West Bengal,19,Kolkata,342,9000,10000,10000
2023-10-30,Apple,17,West Bengal,19,Kolkata,342,9000,10000,10000
2023-10-29,Apple,17,West Bengal,19,Kolkata,342,7000,8000,8000
2023-10-28,Apple,17,West Bengal,19,Kolkata,342,11000,12000,12000
2023-10-27,Apple,17,West Bengal,19,Kolkata,342,9000,10000,10000
2023-10-26,Apple,17,West Bengal,19,Kolkata,342,7000,8000,8000
2023-10-25,Apple,17,West Bengal,19,Kolkata,342,7000,8000,8000
2023-10-24,Apple,17,West Bengal,19,Kolkata,342,9000,11000,10000
2023-10-20,Apple,17,West Bengal,19,Kolkata,342,7000,8000,8000
2023-10-19,Apple,17,West Bengal,19,Kolkata,342,7000,8000,8000
2023-10-18,Apple,17,West Bengal,19,Kolkata,342,11000,13000,12000
2023-10-17,Apple,17,West Bengal,19,Kolkata,342,9000,10000,10000
2023-10-16,Apple,17,West Bengal,19,Kolkata,342,9000,10000,10000
2023-10-14,Apple,17,West Bengal,19,Kolkata,342,14000,15000,14000
2023-10-13,Apple,17,West Bengal,19,Kolkata,342,11000,12000,11000
2023-10-12,Apple,17,West Bengal,19,Kolkata,342,11000,12000,11000
2023-10-11,Apple,17,West Bengal,19,Kolkata,342,11000,12000,11000
2023-10-10,Apple,17,West Bengal,19,Kolkata,342,14000,15000,15000
2023-10-09,Apple,17,West Bengal,19,Kolkata,342,11000,12000,12000
2023-10-07,Apple,17,West Bengal,19,Kolkata,342,8000,9000,9000
2023-10-06,Apple,17,West Bengal,19,Kolkata,342,14000,15000,15000
2023-10-05,Apple,17,West Bengal,19,Kolkata,342,8000,9000,9000
2023-10-04,Apple,17,West Bengal,19,Kolkata,342,8000,9000,9000
2023-10-03,Apple,17,West Bengal,19,Kolkata,342,8000,9000,9000
2023-10-02,Apple,17,West Bengal,19,Kolkata,342,11000,12000,12000
2023-09-30,Apple,17,West Bengal,19,Kolkata,342,14000,15000,15000
2023-09-29,Apple,17,West Bengal,19,Kolkata,342,7000,8000,8000
2023-09-28,Apple,17,West Bengal,19,Kolkata,342,14000,15000,15000
2023-09-27,Apple,17,West Bengal,19,Kolkata,342,11000,12000,12000
2023-09-26,Apple,17,West Bengal,19,Kolkata,342,7000,8000,8000
2023-09-25,Apple,17,West Bengal,19,Kolkata,342,7000,8000,8000
2023-09-23,Apple,17,West Bengal,19,Kolkata,342,7000,8000,8000
2023-09-22,Apple,17,West Bengal,19,Kolkata,342,11000,12000,12000
2023-09-21,Apple,17,West Bengal,19,Kolkata,342,14000,15000,15000
2023-09-20,Apple,17,West Bengal,19,Kolkata,342,11000,12000,12000
2023-09-19,Apple,17,West Bengal,19,Kolkata,342,7000,8000,8000
2023-09-18,Apple,17,West Bengal,19,Kolkata,342,7000,8000,8000
2023-09-16,Apple,17,West Bengal,19,Kolkata,342,8000,9000,9000
2023-09-15,Apple,17,West Bengal,19,Kolkata,342,13000,13600,13600
2023-09-14,Apple,17,West Bengal,19,Kolkata,342,13000,13500,13000
2023-09-13,Apple,17,West Bengal,19,Kolkata,342,13000,13500,13000
2023-09-12,Apple,17,West Bengal,19,Kolkata,342,14000,15000,15000
2023-09-11,Apple,17,West Bengal,19,Kolkata,342,13000,13500,13000
2023-09-09,Apple,17,West Bengal,19,Kolkata,342,7000,8000,8000
2023-09-08,Apple,17,West Bengal,19,Kolkata,342,9000,10000,10000
2023-09-07,Apple,17,West Bengal,19,Kolkata,342,7000,8000,8000
2023-09-06,Apple,17,West Bengal,19,Kolkata,342,9000,10000,10000
2023-09-05,Apple,17,West Bengal,19,Kolkata,342,7000,8000,8000
2023-09-04,Apple,17,West Bengal,19,Kolkata,342,5000,6000,6000
2023-09-02,Apple,17,West Bengal,19,Kolkata,342,9000,10000,10000
2023-09-01,Apple,17,West Bengal,19,Kolkata,342,9000,10000,10000
2023-08-31,Apple,17,West Bengal,19,Kolkata,342,5000,6000,6000
2023-08-30,Apple,17,West Bengal,19,Kolkata,342,14000,15000,15000
2023-08-29,Apple,17,West Bengal,19,Kolkata,342,8000,9000,9000
2023-08-28,Apple,17,West Bengal,19,Kolkata,342,8000,9000,9000
2023-08-26,Apple,17,West Bengal,19,Kolkata,342,13000,13500,13000
2023-08-24,Apple,17,West Bengal,19,Kolkata,342,13000,13600,13400
2023-08-23,Apple,17,West Bengal,19,Kolkata,342,8000,9000,9000
2023-08-22,Apple,17,West Bengal,19,Kolkata,342,14000,15000,15000
2023-08-21,Apple,17,West Bengal,19,Kolkata,342,12000,13000,12000
2023-08-19,Apple,17,West Bengal,19,Kolkata,342,10000,12000,11000
2023-08-18,Apple,17,West Bengal,19,Kolkata,342,14000,15500,15000
2023-08-17,Apple,17,West Bengal,19,Kolkata,342,16000,18000,17000
2023-08-16,Apple,17,West Bengal,19,Kolkata,342,15000,16500,16000
2023-08-15,Apple,17,West Bengal,19,Kolkata,342,17000,18000,17000
2023-08-14,Apple,17,West Bengal,19,Kolkata,342,15000,16400,16000
2023-08-11,Apple,17,West Bengal,19,Kolkata,342,15000,16500,16000
2023-08-10,Apple,17,West Bengal,19,Kolkata,342,17000,18000,17000
2023-08-09,Apple,17,West Bengal,19,Kolkata,342,10000,12000,12000
2023-08-08,Apple,17,West Bengal,19,Kolkata,342,10000,12000,12000
2023-08-07,Apple,17,West Bengal,19,Kolkata,342,18000,19000,18000
2023-08-04,Apple,17,West Bengal,19,Kolkata,342,10000,12000,12000
2023-08-03,Apple,17,West Bengal,19,Kolkata,342,10000,12000,12000
2023-08-02,Apple,17,West Bengal,19,Kolkata,342,15000,16000,16000
2023-08-01,Apple,17,West Bengal,19,Kolkata,342,16000,20000,18000
2023-07-31,Apple,17,West Bengal,19,Kolkata,342,14000,16000,15000
2023-07-06,Apple,17,West Bengal,19,Kolkata,342,16000,18000,17000
2023-07-05,Apple,17,West Bengal,19,Kolkata,342,12600,14000,13600
2023-07-04,Apple,17,West Bengal,19,Kolkata,342,10000,11000,11000
2023-07-03,Apple,17,West Bengal,19,Kolkata,342,12600,14000,13600
2023-07-02,Apple,17,West Bengal,19,Kolkata,342,15400,17000,16000
2023-07-01,Apple,17,West Bengal,19,Kolkata,342,9400,10500,10000
2023-06-30,Apple,17,West Bengal,19,Kolkata,342,9000,10500,10000
2023-06-29,Apple,17,West Bengal,19,Kolkata,342,9000,10600,10000
2023-06-28,Apple,17,West Bengal,19,Kolkata,342,12000,12700,12400
2023-06-27,Apple,17,West Bengal,19,Kolkata,342,14700,16500,15200
2023-06-26,Apple,17,West Bengal,19,Kolkata,342,8600,10000,9000
2023-06-25,Apple,17,West Bengal,19,Kolkata,342,8600,10000,9000
2023-06-24,Apple,17,West Bengal,19,Kolkata,342,8600,10000,9000
2023-06-23,Apple,17,West Bengal,19,Kolkata,342,12000,12800,12600
2023-06-22,Apple,17,West Bengal,19,Kolkata,342,14600,16000,15000
2023-06-21,Apple,17,West Bengal,19,Kolkata,342,11400,12500,11800
2023-06-20,Apple,17,West Bengal,19,Kolkata,342,14000,15200,14600
2023-06-19,Apple,17,West Bengal,19,Kolkata,342,11000,12200,11600
2023-06-18,Apple,17,West Bengal,19,Kolkata,342,7400,8000,7800
2023-06-17,Apple,17,West Bengal,19,Kolkata,342,14200,15400,14700
2023-06-16,Apple,17,West Bengal,19,Kolkata,342,11000,12000,11400
2023-06-15,Apple,17,West Bengal,19,Kolkata,342,12500,13500,13050
2023-06-14,Apple,17,West Bengal,19,Kolkata,342,7000,8000,7500
2023-06-13,Apple,17,West Bengal,19,Kolkata,342,8000,9000,8500
2023-06-12,Apple,17,West Bengal,19,Kolkata,342,8000,9000,8600
2023-06-11,Apple,17,West Bengal,19,Kolkata,342,8000,9000,9000
2023-06-10,Apple,17,West Bengal,19,Kolkata,342,8000,9000,8500
2023-06-09,Apple,17,West Bengal,19,Kolkata,342,14000,15000,14500
2023-06-08,Apple,17,West Bengal,19,Kolkata,342,14000,15400,14500
2023-06-07,Apple,17,West Bengal,19,Kolkata,342,8000,9000,8400
2023-06-06,Apple,17,West Bengal,19,Kolkata,342,10000,11000,10600
2023-06-05,Apple,17,West Bengal,19,Kolkata,342,8000,9000,8400
2023-06-04,Apple,17,West Bengal,19,Kolkata,342,8000,9000,8400
2023-06-03,Apple,17,West Bengal,19,Kolkata,342,14000,15000,14600
2023-06-02,Apple,17,West Bengal,19,Kolkata,342,8000,9000,8500
2023-06-01,Apple,17,West Bengal,19,Kolkata,342,8000,9000,8600
2023-05-31,Apple,17,West Bengal,19,Kolkata,342,14000,15000,14600
2023-05-30,Apple,17,West Bengal,19,Kolkata,342,8000,9000,8600
2023-05-29,Apple,17,West Bengal,19,Kolkata,342,8000,9400,8600
2023-05-28,Apple,17,West Bengal,19,Kolkata,342,10000,11300,10600
2023-05-27,Apple,17,West Bengal,19,Kolkata,342,10000,11000,10400
2023-05-26,Apple,17,West Bengal,19,Kolkata,342,8000,9000,8600
2023-05-25,Apple,17,West Bengal,19,Kolkata,342,14000,15000,14600
2023-05-24,Apple,17,West Bengal,19,Kolkata,342,14000,15000,14500
2023-05-23,Apple,17,West Bengal,19,Kolkata,342,10000,11000,10400
2023-05-22,Apple,17,West Bengal,19,Kolkata,342,10000,11000,10400
2023-05-21,Apple,17,West Bengal,19,Kolkata,342,14000,15000,14600
2023-05-20,Apple,17,West Bengal,19,Kolkata,342,14000,15000,14500
2023-05-19,Apple,17,West Bengal,19,Kolkata,342,10000,11000,10600
2023-05-18,Apple,17,West Bengal,19,Kolkata,342,10000,11000,10500
2023-05-17,Apple,17,West Bengal,19,Kolkata,342,10000,11000,10500
2023-05-16,Apple,17,West Bengal,19,Kolkata,342,10000,11000,10400
2023-05-15,Apple,17,West Bengal,19,Kolkata,342,8000,9000,8600
2023-05-14,Apple,17,West Bengal,19,Kolkata,342,8000,9000,8400
2023-05-13,Apple,17,West Bengal,19,Kolkata,342,10000,11000,10400
2023-05-12,Apple,17,West Bengal,19,Kolkata,342,8000,9000,8500
2023-05-11,Apple,17,West Bengal,19,Kolkata,342,10000,11000,10400
2023-05-10,Apple,17,West Bengal,19,Kolkata,342,8000,9000,8400
2023-05-09,Apple,17,West Bengal,19,Kolkata,342,8000,9000,8400
2023-05-08,Apple,17,West Bengal,19,Kolkata,342,8000,9000,8400
2023-05-07,Apple,17,West Bengal,19,Kolkata,342,14000,15000,14600
2023-05-06,Apple,17,West Bengal,19,Kolkata,342,9000,10000,9500
2023-05-05,Apple,17,West Bengal,19,Kolkata,342,14000,15800,15000
2023-05-04,Apple,17,West Bengal,19,Kolkata,342,14000,15000,14800
2023-05-03,Apple,17,West Bengal,19,Kolkata,342,14000,15000,14600
2023-05-02,Apple,17,West Bengal,19,Kolkata,342,10000,11000,10600
2023-05-01,Apple,17,West Bengal,19,Kolkata,342,14000,15000,14500
2023-04-30,Apple,17,West Bengal,19,Kolkata,342,10000,11000,10500
2023-04-29,Apple,17,West Bengal,19,Kolkata,342,14000,15000,14400
2023-04-28,Apple,17,West Bengal,19,Kolkata,342,10000,11000,10500
2023-04-27,Apple,17,West Bengal,19,Kolkata,342,14000,15000,15000
2023-04-26,Apple,17,West Bengal,19,Kolkata,342,14000,16000,15000
2023-04-25,Apple,17,West Bengal,19,Kolkata,342,10400,12000,11000
2023-04-24,Apple,17,West Bengal,19,Kolkata,342,8000,10000,9000
2023-04-23,Apple,17,West Bengal,19,Kolkata,342,10500,12000,11000
2023-04-22,Apple,17,West Bengal,19,Kolkata,342,8500,10000,9500
2023-04-21,Apple,17,West Bengal,19,Kolkata,342,10500,12000,11400
2023-04-20,Apple,17,West Bengal,19,Kolkata,342,8400,10000,9500
2023-04-19,Apple,17,West Bengal,19,Kolkata,342,14400,16000,15500
2023-04-18,Apple,17,West Bengal,19,Kolkata,342,14500,16000,15600
2023-04-17,Apple,17,West Bengal,19,Kolkata,342,10700,12000,11400
2023-04-16,Apple,17,West Bengal,19,Kolkata,342,14400,16200,15500
2023-04-15,Apple,17,West Bengal,19,Kolkata,342,8400,10000,9000
2023-04-14,Apple,17,West Bengal,19,Kolkata,342,14300,16400,15400
2023-04-13,Apple,17,West Bengal,19,Kolkata,342,10800,12000,11500
2023-04-12,Apple,17,West Bengal,19,Kolkata,342,14200,16500,15400
2023-04-11,Apple,17,West Bengal,19,Kolkata,342,8500,10000,9000
2023-04-10,Apple,17,West Bengal,19,Kolkata,342,14000,16000,15000
2023-04-09,Apple,17,West Bengal,19,Kolkata,342,8000,10000,9000
2023-04-08,Apple,17,West Bengal,19,Kolkata,342,11000,12000,11400
2023-04-07,Apple,17,West Bengal,19,Kolkata,342,8000,10000,9000
2023-04-06,Apple,17,West Bengal,19,Kolkata,342,14000,16000,15000
2023-04-05,Apple,17,West Bengal,19,Kolkata,342,11000,12000,11600
2023-04-04,Apple,17,West Bengal,19,Kolkata,342,11000,12000,11500
2023-04-03,Apple,17,West Bengal,19,Kolkata,342,7000,8400,7600
2023-04-02,Apple,17,West Bengal,19,Kolkata,342,10800,12000,11400
2023-04-01,Apple,17,West Bengal,19,Kolkata,342,14000,15300,14600
2023-03-31,Apple,17,West Bengal,19,Kolkata,342,14000,15200,14500
2023-03-30,Apple,17,West Bengal,19,Kolkata,342,11000,12400,11500
2023-03-29,Apple,17,West Bengal,19,Kolkata,342,14000,15400,14700
2023-03-28,Apple,17,West Bengal,19,Kolkata,342,14000,15300,14500
2023-03-27,Apple,17,West Bengal,19,Kolkata,342,14000,15400,14600
2023-03-26,Apple,17,West Bengal,19,Kolkata,342,11000,12000,11600
2023-03-25,Apple,17,West Bengal,19,Kolkata,342,7000,8000,7600
2023-03-24,Apple,17,West Bengal,19,Kolkata,342,14000,15000,14500
2023-03-23,Apple,17,West Bengal,19,Kolkata,342,7000,8000,7500
2023-03-22,Apple,17,West Bengal,19,Kolkata,342,11000,12400,12000
2023-03-21,Apple,17,West Bengal,19,Kolkata,342,11000,12500,12000
2023-03-20,Apple,17,West Bengal,19,Kolkata,342,11000,12400,12000
2023-03-19,Apple,17,West Bengal,19,Kolkata,342,13000,14600,14000
2023-03-18,Apple,17,West Bengal,19,Kolkata,342,13000,14400,14000
2023-03-17,Apple,17,West Bengal,19,Kolkata,342,7000,8000,7000
2023-03-16,Apple,17,West Bengal,19,Kolkata,342,13000,14600,14000
2023-03-15,Apple,17,West Bengal,19,Kolkata,342,7000,8000,8000
2023-03-14,Apple,17,West Bengal,19,Kolkata,342,9000,10000,10000
2023-03-13,Apple,17,West Bengal,19,Kolkata,342,7000,8000,8000
2023-03-12,Apple,17,West Bengal,19,Kolkata,342,9000,10000,10000
2023-03-11,Apple,17,West Bengal,19,Kolkata,342,9000,10000,10000
2023-03-10,Apple,17,West Bengal,19,Kolkata,342,11000,12000,11000
2023-03-09,Apple,17,West Bengal,19,Kolkata,342,9000,10000,10000
2023-03-08,Apple,17,West Bengal,19,Kolkata,342,7000,8000,8000
2023-03-07,Apple,17,West Bengal,19,Kolkata,342,7000,8000,8000
2023-03-06,Apple,17,West Bengal,19,Kolkata,342,11000,12000,11000
2023-03-05,Apple,17,West Bengal,19,Kolkata,342,8400,10000,9000
2023-03-04,Apple,17,West Bengal,19,Kolkata,342,6000,7500,7000
2023-03-03,Apple,17,West Bengal,19,Kolkata,342,8000,10000,9000
2023-03-02,Apple,17,West Bengal,19,Kolkata,342,5000,5800,5600
2023-03-01,Apple,17,West Bengal,19,Kolkata,342,8000,10000,9000
2023-02-28,Apple,17,West Bengal,19,Kolkata,342,8000,10000,9000
2023-02-27,Apple,17,West Bengal,19,Kolkata,342,8000,10000,9000
2023-02-26,Apple,17,West Bengal,19,Kolkata,342,6000,7000,7000
2023-02-25,Apple,17,West Bengal,19,Kolkata,342,8000,10000,9000
2023-02-24,Apple,17,West Bengal,19,Kolkata,342,6000,7000,7000
2023-02-23,Apple,17,West Bengal,19,Kolkata,342,6000,7400,7000
2023-02-22,Apple,17,West Bengal,19,Kolkata,342,5000,5800,5600
2023-02-21,Apple,17,West Bengal,19,Kolkata,342,6000,7000,6500
2023-02-20,Apple,17,West Bengal,19,Kolkata,342,8000,10000,9000
2023-02-19,Apple,17,West Bengal,19,Kolkata,342,5000,6000,5600
2023-02-18,Apple,17,West Bengal,19,Kolkata,342,8000,10000,9000
2023-02-17,Apple,17,West Bengal,19,Kolkata,342,5000,5800,5600
2023-02-16,Apple,17,West Bengal,19,Kolkata,342,6000,7000,7000
2023-02-15,Apple,17,West Bengal,19,Kolkata,342,7500,10000,8000
2023-02-14,Apple,17,West Bengal,19,Kolkata,342,5000,5600,5600
2023-02-13,Apple,17,West Bengal,19,Kolkata,342,7000,10000,8000
2023-02-12,Apple,17,West Bengal,19,Kolkata,342,6000,7000,6400
2023-02-11,Apple,17,West Bengal,19,Kolkata,342,7600,10000,8000
2023-02-10,Apple,17,West Bengal,19,Kolkata,342,5000,5600,5000
2023-02-09,Apple,17,West Bengal,19,Kolkata,342,8000,10000,9000
2023-02-08,Apple,17,West Bengal,19,Kolkata,342,6500,7800,7300
2023-02-07,Apple,17,West Bengal,19,Kolkata,342,8000,10000,8500
2023-02-06,Apple,17,West Bengal,19,Kolkata,342,5000,5800,5400
2023-02-05,Apple,17,West Bengal,19,Kolkata,342,6000,7000,6500
2023-02-04,Apple,17,West Bengal,19,Kolkata,342,5000,5800,5400
2023-02-03,Apple,17,West Bengal,19,Kolkata,342,5000,5800,5600
2023-02-02,Apple,17,West Bengal,19,Kolkata,342,5000,5800,5600
2023-02-01,Apple,17,West Bengal,19,Kolkata,342,8000,10000,9000
2023-01-31,Apple,17,West Bengal,19,Kolkata,342,5000,5600,5200
2023-01-30,Apple,17,West Bengal,19,Kolkata,342,5000,5600,5400
2023-01-29,Apple,17,West Bengal,19,Kolkata,342,8000,10000,9000
2023-01-28,Apple,17,West Bengal,19,Kolkata,342,5000,5800,5600
2023-01-27,Apple,17,West Bengal,19,Kolkata,342,8000,10000,9000
2023-01-26,Apple,17,West Bengal,19,Kolkata,342,6000,6800,6400
2023-01-25,Apple,17,West Bengal,19,Kolkata,342,8000,10000,9000
2023-01-24,Apple,17,West Bengal,19,Kolkata,342,8000,10000,9000
2023-01-23,Apple,17,West Bengal,19,Kolkata,342,5000,5600,5400
2023-01-22,Apple,17,West Bengal,19,Kolkata,342,5000,6000,5600
2023-01-21,Apple,17,West Bengal,19,Kolkata,342,8000,10000,8600
2023-01-20,Apple,17,West Bengal,19,Kolkata,342,6000,7000,6500
2023-01-19,Apple,17,West Bengal,19,Kolkata,342,5000,5800,5600
2023-01-18,Apple,17,West Bengal,19,Kolkata,342,8000,10000,8000
2023-01-17,Apple,17,West Bengal,19,Kolkata,342,5000,5800,5600
2023-01-16,Apple,17,West Bengal,19,Kolkata,342,5000,5800,5600
2023-01-15,Apple,17,West Bengal,19,Kolkata,342,5000,6000,5600
2023-01-14,Apple,17,West Bengal,19,Kolkata,342,6000,7000,6400
2023-01-13,Apple,17,West Bengal,19,Kolkata,342,8000,9800,8000
2023-01-12,Apple,17,West Bengal,19,Kolkata,342,5000,5800,5400
2023-01-11,Apple,17,West Bengal,19,Kolkata,342,6000,7000,6500
2023-01-10,Apple,17,West Bengal,19,Kolkata,342,6000,7000,6500
2023-01-09,Apple,17,West Bengal,19,Kolkata,342,5000,5800,5500
2023-01-08,Apple,17,West Bengal,19,Kolkata,342,6000,7000,6400
2023-01-07,Apple,17,West Bengal,19,Kolkata,342,5000,5800,5600
2023-01-06,Apple,17,West Bengal,19,Kolkata,342,8000,9600,8400
2023-01-05,Apple,17,West Bengal,19,Kolkata,342,6500,8000,7100
2023-01-04,Apple,17,West Bengal,19,Kolkata,342,6000,7000,6400
2023-01-03,Apple,17,West Bengal,19,Kolkata,342,5000,5700,5400
2023-01-02,Apple,17,West Bengal,19,Kolkata,342,6000,6800,6400
2023-01-01,Apple,17,West Bengal,19,Kolkata,342,8000,9000,8000
2022-12-31,Apple,17,West Bengal,19,Kolkata,342,5000,5800,5400
2022-12-30,Apple,17,West Bengal,19,Kolkata,342,6000,6700,6400
2022-12-29,Apple,17,West Bengal,19,Kolkata,342,7000,9000,8000
2022-12-28,Apple,17,West Bengal,19,Kolkata,342,5000,5600,5400
2022-12-27,Apple,17,West Bengal,19,Kolkata,342,6000,6600,6400
2022-12-26,Apple,17,West Bengal,19,Kolkata,342,6000,6700,6400
2022-12-25,Apple,17,West Bengal,19,Kolkata,342,5000,5800,5600
2022-12-24,Apple,17,West Bengal,19,Kolkata,342,5000,5800,5600
2022-12-23,Apple,17,West Bengal,19,Kolkata,342,7000,9000,8000
2022-12-22,Apple,17,West Bengal,19,Kolkata,342,7000,7400,7000
2022-12-21,Apple,17,West Bengal,19,Kolkata,342,5000,6000,5600
2022-12-20,Apple,17,West Bengal,19,Kolkata,342,7000,7800,7500
2022-12-19,Apple,17,West Bengal,19,Kolkata,342,7000,7800,7400
2022-12-18,Apple,17,West Bengal,19,Kolkata,342,8000,9000,8400
2022-12-17,Apple,17,West Bengal,19,Kolkata,342,5600,6000,6000
2022-12-16,Apple,17,West Bengal,19,Kolkata,342,7000,7600,7400
2022-12-15,Apple,17,West Bengal,19,Kolkata,342,7000,7800,7500
2022-12-14,Apple,17,West Bengal,19,Kolkata,342,8000,9000,8000
2022-12-13,Apple,17,West Bengal,19,Kolkata,342,5600,6000,6000
2022-12-12,Apple,17,West Bengal,19,Kolkata,342,8000,9000,8000
2022-12-11,Apple,17,West Bengal,19,Kolkata,342,5600,6400,6000
2022-12-10,Apple,17,West Bengal,19,Kolkata,342,7000,7800,7600
2022-12-09,Apple,17,West Bengal,19,Kolkata,342,7000,7600,7500
2022-12-08,Apple,17,West Bengal,19,Kolkata,342,8000,9000,8000
2022-12-07,Apple,17,West Bengal,19,Kolkata,342,8000,9000,8600
2022-12-06,Apple,17,West Bengal,19,Kolkata,342,7000,7800,7600
2022-12-05,Apple,17,West Bengal,19,Kolkata,342,7000,7600,7600
2022-12-04,Apple,17,West Bengal,19,Kolkata,342,8000,9000,8000
2022-12-03,Apple,17,West Bengal,19,Kolkata,342,5000,6000,5600
2022-12-02,Apple,17,West Bengal,19,Kolkata,342,7000,7800,7400
2022-12-01,Apple,17,West Bengal,19,Kolkata,342,5000,6000,5500
2022-11-30,Apple,17,West Bengal,19,Kolkata,342,7400,7800,7500
2022-11-29,Apple,17,West Bengal,19,Kolkata,342,5000,6000,5800
2022-11-28,Apple,17,West Bengal,19,Kolkata,342,8500,10000,9000
2022-11-27,Apple,17,West Bengal,19,Kolkata,342,5400,6000,5800
2022-11-26,Apple,17,West Bengal,19,Kolkata,342,5000,7500,6000
2022-11-25,Apple,17,West Bengal,19,Kolkata,342,7000,7800,7500
2022-11-24,Apple,17,West Bengal,19,Kolkata,342,6500,8300,7500
2022-11-23,Apple,17,West Bengal,19,Kolkata,342,8000,10000,9000
2022-11-22,Apple,17,West Bengal,19,Kolkata,342,5000,6800,6000
2022-11-21,Apple,17,West Bengal,19,Kolkata,342,7000,7800,7600
2022-11-20,Apple,17,West Bengal,19,Kolkata,342,7000,7600,7600
2022-11-19,Apple,17,West Bengal,19,Kolkata,342,8000,10000,9000
2022-11-18,Apple,17,West Bengal,19,Kolkata,342,8000,10000,9000
2022-11-17,Apple,17,West Bengal,19,Kolkata,342,7000,7600,7600
2022-11-16,Apple,17,West Bengal,19,Kolkata,342,5000,6000,5600
2022-11-15,Apple,17,West Bengal,19,Kolkata,342,4000,5800,4600
2022-11-14,Apple,17,West Bengal,19,Kolkata,342,6400,8000,7000
2022-11-13,Apple,17,West Bengal,19,Kolkata,342,6500,8000,7000
2022-11-12,Apple,17,West Bengal,19,Kolkata,342,6400,8000,7000
2022-11-11,Apple,17,West Bengal,19,Kolkata,342,6500,8000,7000
2022-11-10,Apple,17,West Bengal,19,Kolkata,342,5000,5800,5600
2022-11-09,Apple,17,West Bengal,19,Kolkata,342,7000,8000,7600
2022-11-08,Apple,17,West Bengal,19,Kolkata,342,7000,8000,8000
2022-11-07,Apple,17,West Bengal,19,Kolkata,342,7000,8000,8000
2022-11-06,Apple,17,West Bengal,19,Kolkata,342,7000,8000,8000
2022-11-05,Apple,17,West Bengal,19,Kolkata,342,5000,5600,5400
2022-11-04,Apple,17,West Bengal,19,Kolkata,342,5000,5600,5400
2022-11-03,Apple,17,West Bengal,19,Kolkata,342,5000,5600,5400
2022-11-02,Apple,17,West Bengal,19,Kolkata,342,5000,5800,5600
2022-11-01,Apple,17,West Bengal,19,Kolkata,342,6000,6600,6000
2022-10-31,Apple,17,West Bengal,19,Kolkata,342,6000,6500,6000
2022-10-30,Apple,17,West Bengal,19,Kolkata,342,8000,8600,8000
2022-10-29,Apple,17,West Bengal,19,Kolkata,342,7000,8000,8000
2022-10-28,Apple,17,West Bengal,19,Kolkata,342,6000,6800,6500
2022-10-27,Apple,17,West Bengal,19,Kolkata,342,6000,6700,6400
2022-10-26,Apple,17,West Bengal,19,Kolkata,342,5000,5600,5400
2022-10-25,Apple,17,West Bengal,19,Kolkata,342,7000,7800,7400
2022-10-24,Apple,17,West Bengal,19,Kolkata,342,8000,10000,8000
2022-10-23,Apple,17,West Bengal,19,Kolkata,342,5000,5800,5600
2022-10-22,Apple,17,West Bengal,19,Kolkata,342,4000,5600,5000
2022-10-21,Apple,17,West Bengal,19,Kolkata,342,6000,6800,6400
2022-10-20,Apple,17,West Bengal,19,Kolkata,342,6000,6700,6500
2022-10-19,Apple,17,West Bengal,19,Kolkata,342,6000,6600,6400
2022-10-18,Apple,17,West Bengal,19,Kolkata,342,6000,7300,6500
2022-10-17,Apple,17,West Bengal,19,Kolkata,342,6000,6500,6400
2022-10-16,Apple,17,West Bengal,19,Kolkata,342,6000,6700,6400
2022-10-15,Apple,17,West Bengal,19,Kolkata,342,8000,8600,8000
2022-10-14,Apple,17,West Bengal,19,Kolkata,342,7000,7600,7000
2022-10-13,Apple,17,West Bengal,19,Kolkata,342,7000,7600,7000
2022-10-12,Apple,17,West Bengal,19,Kolkata,342,8000,8600,8000
2022-10-11,Apple,17,West Bengal,19,Kolkata,342,5000,6000,5600
2022-10-10,Apple,17,West Bengal,19,Kolkata,342,6000,7800,6600
2022-10-09,Apple,17,West Bengal,19,Kolkata,342,6000,6500,6000
2022-10-08,Apple,17,West Bengal,19,Kolkata,342,7000,7600,7600
2022-10-07,Apple,17,West Bengal,19,Kolkata,342,8000,10000,9000
2022-10-06,Apple,17,West Bengal,19,Kolkata,342,6000,6800,6000
2022-10-05,Apple,17,West Bengal,19,Kolkata,342,7000,7600,7400
2022-10-04,Apple,17,West Bengal,19,Kolkata,342,6000,6800,6500
2022-10-03,Apple,17,West Bengal,19,Kolkata,342,6000,6800,6500
2022-10-02,Apple,17,West Bengal,19,Kolkata,342,6000,7000,6600
2022-10-01,Apple,17,West Bengal,19,Kolkata,342,7000,9000,8000
2022-09-30,Apple,17,West Bengal,19,Kolkata,342,7000,9000,8000
2022-09-29,Apple,17,West Bengal,19,Kolkata,342,6000,6800,6500
2022-09-28,Apple,17,West Bengal,19,Kolkata,342,6000,6800,6600
2022-09-27,Apple,17,West Bengal,19,Kolkata,342,7000,9000,8000
2022-09-26,Apple,17,West Bengal,19,Kolkata,342,6400,6800,6400
2022-09-25,Apple,17,West Bengal,19,Kolkata,342,8000,9000,8000
2022-09-24,Apple,17,West Bengal,19,Kolkata,342,7000,7600,7000
2022-09-23,Apple,17,West Bengal,19,Kolkata,342,6500,6800,6500
2022-09-22,Apple,17,West Bengal,19,Kolkata,342,6500,6800,6500
2022-09-21,Apple,17,West Bengal,19,Kolkata,342,5600,6800,6000
2022-09-20,Apple,17,West Bengal,19,Kolkata,342,7000,7500,7000
2022-09-19,Apple,17,West Bengal,19,Kolkata,342,9000,10000,9600
2022-09-18,Apple,17,West Bengal,19,Kolkata,342,9000,10000,9200
2022-09-17,Apple,17,West Bengal,19,Kolkata,342,7000,8000,8000
2022-09-16,Apple,17,West Bengal,19,Kolkata,342,9000,10000,9000
2022-09-15,Apple,17,West Bengal,19,Kolkata,342,9000,10000,9000
2022-09-14,Apple,17,West Bengal,19,Kolkata,342,7000,8000,8000
2022-09-13,Apple,17,West Bengal,19,Kolkata,342,9000,10000,9000
2022-09-12,Apple,17,West Bengal,19,Kolkata,342,7000,8000,7600
2022-09-11,Apple,17,West Bengal,19,Kolkata,342,7000,8000,8000
2022-09-10,Apple,17,West Bengal,19,Kolkata,342,5000,6000,6000
2022-09-09,Apple,17,West Bengal,19,Kolkata,342,7000,8000,8000
2022-09-08,Apple,17,West Bengal,19,Kolkata,342,8000,9000,8500
2022-09-07,Apple,17,West Bengal,19,Kolkata,342,9000,10000,9000
2022-09-06,Apple,17,West Bengal,19,Kolkata,342,7000,8000,7300
2022-09-05,Apple,17,West Bengal,19,Kolkata,342,9000,10000,10000
2022-09-04,Apple,17,West Bengal,19,Kolkata,342,9000,10500,10000
2022-09-03,Apple,17,West Bengal,19,Kolkata,342,9000,10000,9000
2022-09-02,Apple,17,West Bengal,19,Kolkata,342,9000,10000,10000
2022-09-01,Apple,17,West Bengal,19,Kolkata,342,8000,8700,8400
2022-08-31,Apple,17,West Bengal,19,Kolkata,342,8000,8800,8600
2022-08-30,Apple,17,West Bengal,19,Kolkata,342,9000,10000,9400
2022-08-29,Apple,17,West Bengal,19,Kolkata,342,7000,7800,7500
2022-08-28,Apple,17,West Bengal,19,Kolkata,342,9000,9500,9000
2022-08-27,Apple,17,West Bengal,19,Kolkata,342,7000,8800,7500
2022-08-26,Apple,17,West Bengal,19,Kolkata,342,7000,7800,7400
2022-08-25,Apple,17,West Bengal,19,Kolkata,342,9000,9500,9000
2022-08-24,Apple,17,West Bengal,19,Kolkata,342,9000,9700,9500
2022-08-23,Apple,17,West Bengal,19,Kolkata,342,10000,11000,10000
2022-08-22,Apple,17,West Bengal,19,Kolkata,342,9000,9800,9500
2022-08-21,Apple,17,West Bengal,19,Kolkata,342,8000,8700,8500
2022-08-20,Apple,17,West Bengal,19,Kolkata,342,8000,10000,9000
2022-08-19,Apple,17,West Bengal,19,Kolkata,342,11000,13000,12000
2022-08-18,Apple,17,West Bengal,19,Kolkata,342,7000,7800,7600
2022-08-17,Apple,17,West Bengal,19,Kolkata,342,8000,9000,9000
2022-08-16,Apple,17,West Bengal,19,Kolkata,342,10000,12000,11000
2022-08-15,Apple,17,West Bengal,19,Kolkata,342,10000,12000,11000
2022-08-14,Apple,17,West Bengal,19,Kolkata,342,10000,12000,11000
2022-08-13,Apple,17,West Bengal,19,Kolkata,342,7000,7800,7400
2022-08-12,Apple,17,West Bengal,19,Kolkata,342,8000,8800,8600
2022-08-11,Apple,17,West Bengal,19,Kolkata,342,7000,7800,7600
2022-08-10,Apple,17,West Bengal,19,Kolkata,342,9000,10000,9400
2022-08-09,Apple,17,West Bengal,19,Kolkata,342,8000,9000,8400
2022-08-08,Apple,17,West Bengal,19,Kolkata,342,9000,10000,9500
2022-08-07,Apple,17,West Bengal,19,Kolkata,342,6000,6800,6500
2022-08-06,Apple,17,West Bengal,19,Kolkata,342,6000,6800,6400
2022-08-05,Apple,17,West Bengal,19,Kolkata,342,8000,9000,8400
2022-08-04,Apple,17,West Bengal,19,Kolkata,342,7000,7800,7500
2022-08-03,Apple,17,West Bengal,19,Kolkata,342,7600,9000,7800
2022-08-02,Apple,17,West Bengal,19,Kolkata,342,6500,7500,7000
2022-08-01,Apple,17,West Bengal,19,Kolkata,342,6500,7400,7000
2022-07-31,Apple,17,West Bengal,19,Kolkata,342,7500,9000,7800
2022-07-30,Apple,17,West Bengal,19,Kolkata,342,8600,10000,9400
2022-07-29,Apple,17,West Bengal,19,Kolkata,342,8600,10000,9400
2022-07-28,Apple,17,West Bengal,19,Kolkata,342,8000,9000,8400
2022-07-27,Apple,17,West Bengal,19,Kolkata,342,8400,10000,9400
2022-07-26,Apple,17,West Bengal,19,Kolkata,342,8400,10000,9600
2022-07-25,Apple,17,West Bengal,19,Kolkata,342,6500,7400,7000
2022-07-24,Apple,17,West Bengal,19,Kolkata,342,7500,9000,7800
2022-07-23,Apple,17,West Bengal,19,Kolkata,342,7500,9000,7800
2022-07-22,Apple,17,West Bengal,19,Kolkata,342,6500,7400,7000
2022-07-21,Apple,17,West Bengal,19,Kolkata,342,8400,10000,9300
2022-07-20,Apple,17,West Bengal,19,Kolkata,342,6500,7300,6900
2022-07-19,Apple,17,West Bengal,19,Kolkata,342,8400,10000,9500
2022-07-18,Apple,17,West Bengal,19,Kolkata,342,8500,10000,9400
2022-07-17,Apple,17,West Bengal,19,Kolkata,342,6300,7200,6800
2022-07-16,Apple,17,West Bengal,19,Kolkata,342,7600,8000,7800
2022-07-15,Apple,17,West Bengal,19,Kolkata,342,6000,7000,6600
2022-06-23,Apple,17,West Bengal,19,Kolkata,342,8000,10000,9000
2022-06-16,Apple,17,West Bengal,19,Kolkata,342,6500,8500,7500
2022-06-14,Apple,17,West Bengal,19,Kolkata,342,4800,6600,5800
2022-06-11,Apple,17,West Bengal,19,Kolkata,342,6400,8200,7000
2022-06-10,Apple,17,West Bengal,19,Kolkata,342,7600,9800,9000
2022-06-09,Apple,17,West Bengal,19,Kolkata,342,5000,6600,5800
2022-06-08,Apple,17,West Bengal,19,Kolkata,342,8000,11000,9800
2022-06-07,Apple,17,West Bengal,19,Kolkata,342,7200,8800,8400
2022-06-03,Apple,17,West Bengal,19,Kolkata,342,5000,6600,6000
2022-06-01,Apple,17,West Bengal,19,Kolkata,342,7000,9000,8000
2022-05-31,Apple,17,West Bengal,19,Kolkata,342,5000,6600,6000
2022-05-30,Apple,17,West Bengal,19,Kolkata,342,5000,7000,6000
2022-05-28,Apple,17,West Bengal,19,Kolkata,342,8500,12500,11500
2022-05-27,Apple,17,West Bengal,19,Kolkata,342,8400,10800,10000
2022-05-26,Apple,17,West Bengal,19,Kolkata,342,5200,6800,6000
2022-05-25,Apple,17,West Bengal,19,Kolkata,342,8500,10800,10000
2022-05-24,Apple,17,West Bengal,19,Kolkata,342,7000,9000,8000
2022-05-23,Apple,17,West Bengal,19,Kolkata,342,5000,6600,5800
2022-05-22,Apple,17,West Bengal,19,Kolkata,342,5000,6600,5800
2022-05-21,Apple,17,West Bengal,19,Kolkata,342,7000,9400,8300
2022-05-20,Apple,17,West Bengal,19,Kolkata,342,9000,12000,11000
2022-05-19,Apple,17,West Bengal,19,Kolkata,342,7500,10000,9000
2022-05-18,Apple,17,West Bengal,19,Kolkata,342,8800,11000,10000
2022-05-17,Apple,17,West Bengal,19,Kolkata,342,5000,7000,6000
2022-05-16,Apple,17,West Bengal,19,Kolkata,342,7000,9500,8500
2022-05-15,Apple,17,West Bengal,19,Kolkata,342,4800,6300,5700
2022-05-14,Apple,17,West Bengal,19,Kolkata,342,6500,8200,7300
2022-05-12,Apple,17,West Bengal,19,Kolkata,342,5000,6800,5700
2022-05-11,Apple,17,West Bengal,19,Kolkata,342,6000,8000,7000
2022-05-10,Apple,17,West Bengal,19,Kolkata,342,6000,7800,7000
2022-05-09,Apple,17,West Bengal,19,Kolkata,342,6200,8500,7300
2022-05-06,Apple,17,West Bengal,19,Kolkata,342,4800,6300,5700
2022-05-05,Apple,17,West Bengal,19,Kolkata,342,4800,6400,5500
2022-05-04,Apple,17,West Bengal,19,Kolkata,342,7600,9700,8800
2022-05-03,Apple,17,West Bengal,19,Kolkata,342,7800,10000,9200
2022-04-30,Apple,17,West Bengal,19,Kolkata,342,4600,6000,5300
2022-04-29,Apple,17,West Bengal,19,Kolkata,342,4700,6400,5500
2022-04-26,Apple,17,West Bengal,19,Kolkata,342,7400,9200,8500
2022-04-25,Apple,17,West Bengal,19,Kolkata,342,7300,9000,8000
2022-04-24,Apple,17,West Bengal,19,Kolkata,342,6000,7800,7000
2022-04-22,Apple,17,West Bengal,19,Kolkata,342,4700,6400,5500
2022-04-21,Apple,17,West Bengal,19,Kolkata,342,7400,8800,8300
2022-04-20,Apple,17,West Bengal,19,Kolkata,342,4800,6300,5500
2022-04-18,Apple,17,West Bengal,19,Kolkata,342,4800,6300,5500
2022-04-17,Apple,17,West Bengal,19,Kolkata,342,7200,9300,8500
2022-04-16,Apple,17,West Bengal,19,Kolkata,342,7300,8800,8400
2022-04-15,Apple,17,West Bengal,19,Kolkata,342,4800,6300,5500
2022-04-13,Apple,17,West Bengal,19,Kolkata,342,7400,9400,8800
2022-04-07,Apple,17,West Bengal,19,Kolkata,342,4800,6200,5500
2022-04-06,Apple,17,West Bengal,19,Kolkata,342,4800,6600,5500
2022-04-05,Apple,17,West Bengal,19,Kolkata,342,7300,9000,8500
2022-04-04,Apple,17,West Bengal,19,Kolkata,342,4800,6300,5600
2022-04-02,Apple,17,West Bengal,19,Kolkata,342,7100,8900,8300
2022-04-01,Apple,17,West Bengal,19,Kolkata,342,7200,8900,8400
2022-03-31,Apple,17,West Bengal,19,Kolkata,342,4000,5700,4800
2022-03-30,Apple,17,West Bengal,19,Kolkata,342,4800,6600,5600
2022-03-29,Apple,17,West Bengal,19,Kolkata,342,7200,9200,8500
2022-03-28,Apple,17,West Bengal,19,Kolkata,342,5800,7600,6700
2022-03-27,Apple,17,West Bengal,19,Kolkata,342,5000,6500,5600
2022-03-25,Apple,17,West Bengal,19,Kolkata,342,4800,6300,5500
2022-03-24,Apple,17,West Bengal,19,Kolkata,342,4800,6200,5400
2022-03-23,Apple,17,West Bengal,19,Kolkata,342,4700,6300,5600
2022-03-21,Apple,17,West Bengal,19,Kolkata,342,6200,8000,7300
2022-03-15,Apple,17,West Bengal,19,Kolkata,342,7300,9600,8600
2022-03-14,Apple,17,West Bengal,19,Kolkata,342,4800,6500,5600
2022-03-12,Apple,17,West Bengal,19,Kolkata,342,7200,9400,8700
2022-03-11,Apple,17,West Bengal,19,Kolkata,342,6200,8600,7500
2022-03-09,Apple,17,West Bengal,19,Kolkata,342,7200,9000,8400
2022-03-08,Apple,17,West Bengal,19,Kolkata,342,7300,9500,8700
2022-03-07,Apple,17,West Bengal,19,Kolkata,342,6000,8000,7000
2022-03-05,Apple,17,West Bengal,19,Kolkata,342,6800,9400,7800
2022-03-04,Apple,17,West Bengal,19,Kolkata,342,5000,6600,5700
2022-03-03,Apple,17,West Bengal,19,Kolkata,342,5000,6600,5700
2022-03-02,Apple,17,West Bengal,19,Kolkata,342,5000,6500,5700
2022-03-01,Apple,17,West Bengal,19,Kolkata,342,6200,8400,7300
2022-02-28,Apple,17,West Bengal,19,Kolkata,342,5000,6600,5700
2022-02-26,Apple,17,West Bengal,19,Kolkata,342,6900,9200,8200
2022-02-25,Apple,17,West Bengal,19,Kolkata,342,6000,8000,7000
2022-02-24,Apple,17,West Bengal,19,Kolkata,342,5000,6600,5700
2022-02-23,Apple,17,West Bengal,19,Kolkata,342,7200,9500,8600
2022-02-22,Apple,17,West Bengal,19,Kolkata,342,5000,6300,5600
2022-02-21,Apple,17,West Bengal,19,Kolkata,342,6300,8500,7400
2022-02-20,Apple,17,West Bengal,19,Kolkata,342,7600,9700,8800
2022-02-19,Apple,17,West Bengal,19,Kolkata,342,5000,6600,5800
2022-02-17,Apple,17,West Bengal,19,Kolkata,342,6400,8500,7300
2022-02-16,Apple,17,West Bengal,19,Kolkata,342,7200,9600,8600
2022-02-15,Apple,17,West Bengal,19,Kolkata,342,7400,9700,8800
2022-02-14,Apple,17,West Bengal,19,Kolkata,342,6200,8000,7000
2022-02-12,Apple,17,West Bengal,19,Kolkata,342,7300,9600,8500
2022-02-10,Apple,17,West Bengal,19,Kolkata,342,6300,8600,7200
2022-02-09,Apple,17,West Bengal,19,Kolkata,342,7400,9700,8700
2022-02-08,Apple,17,West Bengal,19,Kolkata,342,7600,9300,8700
2022-02-07,Apple,17,West Bengal,19,Kolkata,342,7800,10400,9000
2022-02-06,Apple,17,West Bengal,19,Kolkata,342,8000,10400,9200
2022-02-05,Apple,17,West Bengal,19,Kolkata,342,5000,6400,5700
2022-02-04,Apple,17,West Bengal,19,Kolkata,342,8000,10000,9200
2022-02-03,Apple,17,West Bengal,19,Kolkata,342,5000,6600,5700
2022-02-02,Apple,17,West Bengal,19,Kolkata,342,7200,9700,8700
2022-02-01,Apple,17,West Bengal,19,Kolkata,342,6400,8200,7500
2022-01-31,Apple,17,West Bengal,19,Kolkata,342,5000,6400,5600
2022-01-30,Apple,17,West Bengal,19,Kolkata,342,7300,9400,8700
2022-01-29,Apple,17,West Bengal,19,Kolkata,342,6200,8000,7000
2022-01-28,Apple,17,West Bengal,19,Kolkata,342,5000,6700,5700
2022-01-27,Apple,17,West Bengal,19,Kolkata,342,4800,6300,5500
2022-01-26,Apple,17,West Bengal,19,Kolkata,342,7400,9300,8600
2022-01-25,Apple,17,West Bengal,19,Kolkata,342,4700,6200,5500
2022-01-24,Apple,17,West Bengal,19,Kolkata,342,6200,7800,7000
2022-01-23,Apple,17,West Bengal,19,Kolkata,342,7300,8800,8400
2022-01-22,Apple,17,West Bengal,19,Kolkata,342,6200,7800,7000
2022-01-20,Apple,17,West Bengal,19,Kolkata,342,4500,6000,5400
2022-01-19,Apple,17,West Bengal,19,Kolkata,342,7300,9000,8500
2022-01-16,Apple,17,West Bengal,19,Kolkata,342,7200,9400,8500
2022-01-14,Apple,17,West Bengal,19,Kolkata,342,4800,6000,5500
2022-01-13,Apple,17,West Bengal,19,Kolkata,342,6200,7800,7000
2022-01-12,Apple,17,West Bengal,19,Kolkata,342,5000,6200,5500
2022-01-11,Apple,17,West Bengal,19,Kolkata,342,4800,6000,5500
2022-01-10,Apple,17,West Bengal,19,Kolkata,342,7200,9400,8600
2022-01-08,Apple,17,West Bengal,19,Kolkata,342,7500,9400,8800
2022-01-07,Apple,17,West Bengal,19,Kolkata,342,7200,9500,8600
2022-01-06,Apple,17,West Bengal,19,Kolkata,342,7400,9600,8800
2022-01-05,Apple,17,West Bengal,19,Kolkata,342,7300,9500,8700
2022-01-03,Apple,17,West Bengal,19,Kolkata,342,5000,6600,5700
2022-01-02,Apple,17,West Bengal,19,Kolkata,342,6600,8000,7300
2021-10-12,Apple,17,West Bengal,19,Kolkata,342,7200,9400,8500
2021-10-10,Apple,17,West Bengal,19,Kolkata,342,6800,9200,8400
2021-10-09,Apple,17,West Bengal,19,Kolkata,342,5700,7800,6500
2021-09-30,Apple,17,West Bengal,19,Kolkata,342,5000,6600,5800
2021-09-28,Apple,17,West Bengal,19,Kolkata,342,4800,6000,5400
2021-09-15,Apple,17,West Bengal,19,Kolkata,342,7800,9500,8800
2021-09-14,Apple,17,West Bengal,19,Kolkata,342,7200,9500,8500
2021-09-13,Apple,17,West Bengal,19,Kolkata,342,7600,9500,8800
2021-09-12,Apple,17,West Bengal,19,Kolkata,342,4800,6800,6000
2021-09-11,Apple,17,West Bengal,19,Kolkata,342,4500,7000,6000
2021-09-10,Apple,17,West Bengal,19,Kolkata,342,5500,7400,6200
2021-09-09,Apple,17,West Bengal,19,Kolkata,342,7800,10000,9000
2021-09-08,Apple,17,West Bengal,19,Kolkata,342,5000,7000,6000
2021-09-07,Apple,17,West Bengal,19,Kolkata,342,10000,12000,11000
2021-09-06,Apple,17,West Bengal,19,Kolkata,342,6000,7600,7000
2021-09-05,Apple,17,West Bengal,19,Kolkata,342,6000,7800,7000
2021-09-04,Apple,17,West Bengal,19,Kolkata,342,11500,13500,12500
2021-09-03,Apple,17,West Bengal,19,Kolkata,342,5500,8000,6800
2021-09-02,Apple,17,West Bengal,19,Kolkata,342,10000,12000,11000
2021-09-01,Apple,17,West Bengal,19,Kolkata,342,6000,7800,7000
2021-06-30,Apple,17,West Bengal,19,Kolkata,342,6500,8500,7600
2021-06-29,Apple,17,West Bengal,19,Kolkata,342,12800,16000,15000
2021-06-28,Apple,17,West Bengal,19,Kolkata,342,7000,9000,8400
2021-06-26,Apple,17,West Bengal,19,Kolkata,342,6500,8500,7500
2021-06-25,Apple,17,West Bengal,19,Kolkata,342,7500,9500,8800
2021-06-24,Apple,17,West Bengal,19,Kolkata,342,7200,9000,8300
2021-06-23,Apple,17,West Bengal,19,Kolkata,342,7200,8800,7800
2021-06-22,Apple,17,West Bengal,19,Kolkata,342,7000,9000,8000
2021-06-21,Apple,17,West Bengal,19,Kolkata,342,7500,9300,8800
2021-06-20,Apple,17,West Bengal,19,Kolkata,342,11600,14000,13400
2021-06-19,Apple,17,West Bengal,19,Kolkata,342,11500,14000,12800
2021-06-18,Apple,17,West Bengal,19,Kolkata,342,13500,16500,15500
2021-06-17,Apple,17,West Bengal,19,Kolkata,342,7500,9500,8800
2021-06-16,Apple,17,West Bengal,19,Kolkata,342,7500,9000,8500
2021-06-15,Apple,17,West Bengal,19,Kolkata,342,7200,9500,8800
2021-06-14,Apple,17,West Bengal,19,Kolkata,342,7200,9000,8500
2021-06-13,Apple,17,West Bengal,19,Kolkata,342,8000,9600,8700
2021-06-12,Apple,17,West Bengal,19,Kolkata,342,14200,16600,15400
2021-06-11,Apple,17,West Bengal,19,Kolkata,342,7500,10000,8800
2021-06-10,Apple,17,West Bengal,19,Kolkata,342,8000,10000,9000
2021-06-09,Apple,17,West Bengal,19,Kolkata,342,11200,14500,13000
2021-06-08,Apple,17,West Bengal,19,Kolkata,342,7500,9500,8600
2021-06-07,Apple,17,West Bengal,19,Kolkata,342,7000,9000,8000
2021-06-06,Apple,17,West Bengal,19,Kolkata,342,11200,14000,12600
2021-06-05,Apple,17,West Bengal,19,Kolkata,342,11200,14000,12500
2021-06-04,Apple,17,West Bengal,19,Kolkata,342,7500,9500,8800
2021-06-03,Apple,17,West Bengal,19,Kolkata,342,7200,9500,8800
2021-06-02,Apple,17,West Bengal,19,Kolkata,342,11200,14000,12500
2021-06-01,Apple,17,West Bengal,19,Kolkata,342,7900,10000,9000
2021-05-31,Apple,17,West Bengal,19,Kolkata,342,7500,9600,8800
2021-05-30,Apple,17,West Bengal,19,Kolkata,342,11900,15000,14000
2021-05-29,Apple,17,West Bengal,19,Kolkata,342,7500,10000,8800
2021-05-28,Apple,17,West Bengal,19,Kolkata,342,10800,13800,12600
2021-05-27,Apple,17,West Bengal,19,Kolkata,342,12000,15000,13800
2021-05-26,Apple,17,West Bengal,19,Kolkata,342,12000,15000,14000
2021-05-25,Apple,17,West Bengal,19,Kolkata,342,11000,14000,12800
2021-05-24,Apple,17,West Bengal,19,Kolkata,342,7500,10000,8500
2021-05-23,Apple,17,West Bengal,19,Kolkata,342,8000,10000,9000
2021-05-22,Apple,17,West Bengal,19,Kolkata,342,8000,10000,9000
2021-05-21,Apple,17,West Bengal,19,Kolkata,342,12500,15000,14000
2021-05-20,Apple,17,West Bengal,19,Kolkata,342,8000,10000,9200
2021-05-19,Apple,17,West Bengal,19,Kolkata,342,12500,15000,13500
2021-05-18,Apple,17,West Bengal,19,Kolkata,342,10000,14000,12000
2021-05-17,Apple,17,West Bengal,19,Kolkata,342,8600,10500,9800
2021-05-16,Apple,17,West Bengal,19,Kolkata,342,8500,10600,9700
2021-05-15,Apple,17,West Bengal,19,Kolkata,342,8450,10800,9800
2021-05-14,Apple,17,West Bengal,19,Kolkata,342,8400,10500,9600
2021-05-13,Apple,17,West Bengal,19,Kolkata,342,7500,9600,8800
2021-05-12,Apple,17,West Bengal,19,Kolkata,342,8600,10500,9800
2021-05-11,Apple,17,West Bengal,19,Kolkata,342,9000,11000,10000
2021-04-20,Apple,17,West Bengal,19,Kolkata,342,8000,10000,9000
2021-04-19,Apple,17,West Bengal,19,Kolkata,342,10000,12000,11000
2021-04-17,Apple,17,West Bengal,19,Kolkata,342,8200,10500,9800
2021-04-16,Apple,17,West Bengal,19,Kolkata,342,5500,7500,6500
2021-04-14,Apple,17,West Bengal,19,Kolkata,342,6800,8500,7800
2021-04-13,Apple,17,West Bengal,19,Kolkata,342,8000,10000,8800
2021-04-12,Apple,17,West Bengal,19,Kolkata,342,5300,6700,6400
2021-04-11,Apple,17,West Bengal,19,Kolkata,342,5200,6800,6000
2021-04-10,Apple,17,West Bengal,19,Kolkata,342,5400,7000,6500
2021-04-09,Apple,17,West Bengal,19,Kolkata,342,7200,9000,8400
2021-04-08,Apple,17,West Bengal,19,Kolkata,342,8200,10000,9000
2021-04-07,Apple,17,West Bengal,19,Kolkata,342,8000,10000,9000
2021-04-06,Apple,17,West Bengal,19,Kolkata,342,5800,7600,6800
2021-04-05,Apple,17,West Bengal,19,Kolkata,342,7800,10200,9600
2021-04-02,Apple,17,West Bengal,19,Kolkata,342,8000,10000,9000
2021-04-01,Apple,17,West Bengal,19,Kolkata,342,7800,10000,9000
2020-09-30,Apple,17,West Bengal,19,Kolkata,342,7400,9400,8500
2020-09-29,Apple,17,West Bengal,19,Kolkata,342,7000,9000,8000
2020-09-28,Apple,17,West Bengal,19,Kolkata,342,7000,9000,8000
2020-09-26,Apple,17,West Bengal,19,Kolkata,342,7000,9000,8000
2020-09-25,Apple,17,West Bengal,19,Kolkata,342,6800,8800,7800
2020-09-24,Apple,17,West Bengal,19,Kolkata,342,7000,9000,8000
2020-09-23,Apple,17,West Bengal,19,Kolkata,342,7600,10000,8800
2020-09-22,Apple,17,West Bengal,19,Kolkata,342,7500,9500,8500
2020-09-21,Apple,17,West Bengal,19,Kolkata,342,8000,10000,9000
2020-03-31,Apple,17,West Bengal,19,Kolkata,342,7400,8200,7600
2020-03-30,Apple,17,West Bengal,19,Kolkata,342,5200,5800,5400
2020-03-28,Apple,17,West Bengal,19,Kolkata,342,7400,8400,7800
2020-03-27,Apple,17,West Bengal,19,Kolkata,342,7500,8500,8000
2020-03-26,Apple,17,West Bengal,19,Kolkata,342,5400,6000,5600
2020-03-25,Apple,17,West Bengal,19,Kolkata,342,6500,7200,6800
2020-03-24,Apple,17,West Bengal,19,Kolkata,342,5200,6000,5600
2020-03-23,Apple,17,West Bengal,19,Kolkata,342,5000,5800,5400
2020-03-21,Apple,17,West Bengal,19,Kolkata,342,7000,8200,7400
2020-03-20,Apple,17,West Bengal,19,Kolkata,342,5600,7200,6600
2020-03-19,Apple,17,West Bengal,19,Kolkata,342,5800,7400,6800
2020-03-18,Apple,17,West Bengal,19,Kolkata,342,7000,8500,7600
2020-03-17,Apple,17,West Bengal,19,Kolkata,342,7000,8600,7500
2020-03-16,Apple,17,West Bengal,19,Kolkata,342,7000,8500,7500
2020-03-15,Apple,17,West Bengal,19,Kolkata,342,5000,6000,5600
2020-03-14,Apple,17,West Bengal,19,Kolkata,342,5000,6000,5600
2020-03-13,Apple,17,West Bengal,19,Kolkata,342,5800,7400,6800
2020-03-12,Apple,17,West Bengal,19,Kolkata,342,5800,7700,6800
2020-03-11,Apple,17,West Bengal,19,Kolkata,342,7000,8600,7600
2020-03-10,Apple,17,West Bengal,19,Kolkata,342,6800,9000,7600
2020-03-09,Apple,17,West Bengal,19,Kolkata,342,6000,8000,7000
2020-03-08,Apple,17,West Bengal,19,Kolkata,342,5000,6500,6000
2020-03-07,Apple,17,West Bengal,19,Kolkata,342,5000,6200,5800
2020-03-06,Apple,17,West Bengal,19,Kolkata,342,5800,8000,6800
2020-03-05,Apple,17,West Bengal,19,Kolkata,342,6700,9000,7500
2020-03-04,Apple,17,West Bengal,19,Kolkata,342,5600,7600,6500
2020-03-03,Apple,17,West Bengal,19,Kolkata,342,6400,8400,7000
2020-03-02,Apple,17,West Bengal,19,Kolkata,342,3400,5600,4800
2020-03-01,Apple,17,West Bengal,19,Kolkata,342,4000,6200,5600
2020-02-28,Apple,17,West Bengal,19,Kolkata,342,3600,5600,5200
2020-02-27,Apple,17,West Bengal,19,Kolkata,342,5200,6800,6000
2020-02-26,Apple,17,West Bengal,19,Kolkata,342,5200,6800,6000
2020-02-25,Apple,17,West Bengal,19,Kolkata,342,3800,6000,5600
2020-02-24,Apple,17,West Bengal,19,Kolkata,342,5400,7000,6300
2020-02-23,Apple,17,West Bengal,19,Kolkata,342,4200,6300,6000
2020-02-22,Apple,17,West Bengal,19,Kolkata,342,4000,6200,5800
2020-02-21,Apple,17,West Bengal,19,Kolkata,342,4500,6700,6200
2020-02-20,Apple,17,West Bengal,19,Kolkata,342,5600,7200,6600
2020-02-19,Apple,17,West Bengal,19,Kolkata,342,5400,7000,6400
2020-02-18,Apple,17,West Bengal,19,Kolkata,342,4200,6200,5800
2020-02-17,Apple,17,West Bengal,19,Kolkata,342,5200,7000,6300
2020-02-15,Apple,17,West Bengal,19,Kolkata,342,5300,7000,6400
2020-02-14,Apple,17,West Bengal,19,Kolkata,342,4500,6800,6000
2020-02-13,Apple,17,West Bengal,19,Kolkata,342,3400,6000,5600
2020-02-12,Apple,17,West Bengal,19,Kolkata,342,3600,6200,5600
2020-02-11,Apple,17,West Bengal,19,Kolkata,342,3600,6400,5600
2020-02-10,Apple,17,West Bengal,19,Kolkata,342,4000,7000,6200
2020-02-09,Apple,17,West Bengal,19,Kolkata,342,5500,7000,6400
2020-01-24,Apple,17,West Bengal,19,Kolkata,342,4200,7500,6600
2020-01-23,Apple,17,West Bengal,19,Kolkata,342,4200,7500,6600
2020-01-22,Apple,17,West Bengal,19,Kolkata,342,6500,8200,7700
2020-01-21,Apple,17,West Bengal,19,Kolkata,342,5500,7800,7200
2020-01-20,Apple,17,West Bengal,19,Kolkata,342,6400,7800,7300
2020-01-18,Apple,17,West Bengal,19,Kolkata,342,6400,7700,7300
2020-01-17,Apple,17,West Bengal,19,Kolkata,342,6400,7800,7200
2020-01-16,Apple,17,West Bengal,19,Kolkata,342,6400,7800,7200
2020-01-15,Apple,17,West Bengal,19,Kolkata,342,6400,7800,7100
2020-01-14,Apple,17,West Bengal,19,Kolkata,342,5000,6500,6200
2020-01-13,Apple,17,West Bengal,19,Kolkata,342,4200,6000,5400
2020-01-11,Apple,17,West Bengal,19,Kolkata,342,6000,7100,6600
2020-01-10,Apple,17,West Bengal,19,Kolkata,342,6500,7800,7200
2020-01-09,Apple,17,West Bengal,19,Kolkata,342,6500,7800,7200
2020-01-07,Apple,17,West Bengal,19,Kolkata,342,3500,5600,5000
2020-01-06,Apple,17,West Bengal,19,Kolkata,342,3500,5600,5000
2020-01-04,Apple,17,West Bengal,19,Kolkata,342,6000,7000,6600
2020-01-03,Apple,17,West Bengal,19,Kolkata,342,3500,5600,5000
2020-01-02,Apple,17,West Bengal,19,Kolkata,342,5700,8000,7000
2019-12-31,Apple,17,West Bengal,19,Kolkata,342,4200,7600,6600
2019-12-30,Apple,17,West Bengal,19,Kolkata,342,4000,7500,6500
2019-12-28,Apple,17,West Bengal,19,Kolkata,342,6500,8500,7800
2019-12-27,Apple,17,West Bengal,19,Kolkata,342,6500,8500,7800
2019-12-26,Apple,17,West Bengal,19,Kolkata,342,3500,7000,6000
2019-12-25,Apple,17,West Bengal,19,Kolkata,342,3500,6800,5600
2019-12-24,Apple,17,West Bengal,19,Kolkata,342,6000,8500,7600
2019-12-23,Apple,17,West Bengal,19,Kolkata,342,3500,6700,5600
2019-12-21,Apple,17,West Bengal,19,Kolkata,342,5000,7300,6700
2019-12-20,Apple,17,West Bengal,19,Kolkata,342,5000,8300,6700
2019-12-19,Apple,17,West Bengal,19,Kolkata,342,3000,5800,5000
2019-12-18,Apple,17,West Bengal,19,Kolkata,342,3000,5800,5000
2019-12-17,Apple,17,West Bengal,19,Kolkata,342,4000,6800,6000
2019-12-16,Apple,17,West Bengal,19,Kolkata,342,5000,7200,6600
2019-12-14,Apple,17,West Bengal,19,Kolkata,342,5000,7300,6600
2019-12-13,Apple,17,West Bengal,19,Kolkata,342,3000,5600,5000
2019-12-12,Apple,17,West Bengal,19,Kolkata,342,4000,6800,6000
2019-12-11,Apple,17,West Bengal,19,Kolkata,342,3000,5600,5000
2019-12-10,Apple,17,West Bengal,19,Kolkata,342,3000,5600,5000
2019-12-09,Apple,17,West Bengal,19,Kolkata,342,3000,5500,5000
2019-12-07,Apple,17,West Bengal,19,Kolkata,342,4000,6400,5800
2019-12-06,Apple,17,West Bengal,19,Kolkata,342,3000,5300,4700
2019-12-05,Apple,17,West Bengal,19,Kolkata,342,5000,6700,6300
2019-12-04,Apple,17,West Bengal,19,Kolkata,342,4000,6000,5500
2019-12-03,Apple,17,West Bengal,19,Kolkata,342,4000,6000,5600
2019-12-02,Apple,17,West Bengal,19,Kolkata,342,3000,5000,4500
2019-11-30,Apple,17,West Bengal,19,Kolkata,342,3000,5000,4500
2019-11-29,Apple,17,West Bengal,19,Kolkata,342,5000,7100,6500
2019-11-28,Apple,17,West Bengal,19,Kolkata,342,6000,7800,7300
2019-11-27,Apple,17,West Bengal,19,Kolkata,342,3500,6000,5300
2019-11-26,Apple,17,West Bengal,19,Kolkata,342,4000,6000,5500
2019-11-25,Apple,17,West Bengal,19,Kolkata,342,4000,6000,5500
2019-11-23,Apple,17,West Bengal,19,Kolkata,342,6000,7500,7000
2019-11-22,Apple,17,West Bengal,19,Kolkata,342,5000,7000,6500
2019-11-21,Apple,17,West Bengal,19,Kolkata,342,4000,5500,5000
2019-11-20,Apple,17,West Bengal,19,Kolkata,342,4000,5500,5000
2019-11-19,Apple,17,West Bengal,19,Kolkata,342,4500,6000,5500
2019-11-18,Apple,17,West Bengal,19,Kolkata,342,4500,6000,5500
2019-11-15,Apple,17,West Bengal,19,Kolkata,342,2800,4500,4000
2019-11-14,Apple,17,West Bengal,19,Kolkata,342,2800,4500,4000
2019-11-13,Apple,17,West Bengal,19,Kolkata,342,6000,7500,7000
2019-11-12,Apple,17,West Bengal,19,Kolkata,342,6000,7500,7000
2019-11-11,Apple,17,West Bengal,19,Kolkata,342,7000,10000,9000
2019-11-09,Apple,17,West Bengal,19,Kolkata,342,7000,9500,8500
2019-11-08,Apple,17,West Bengal,19,Kolkata,342,7000,9500,8500
2019-11-07,Apple,17,West Bengal,19,Kolkata,342,5000,6600,6000
2019-11-06,Apple,17,West Bengal,19,Kolkata,342,4000,6000,5000
2019-11-05,Apple,17,West Bengal,19,Kolkata,342,6000,7600,7000
2019-11-04,Apple,17,West Bengal,19,Kolkata,342,5000,7000,6500
2019-11-01,Apple,17,West Bengal,19,Kolkata,342,7000,8000,7600
2019-10-31,Apple,17,West Bengal,19,Kolkata,342,5000,7000,6500
2019-10-30,Apple,17,West Bengal,19,Kolkata,342,6000,8000,7500
2019-10-29,Apple,17,West Bengal,19,Kolkata,342,4000,7000,6000
2019-10-28,Apple,17,West Bengal,19,Kolkata,342,4000,7000,6000
2019-10-27,Apple,17,West Bengal,19,Kolkata,342,4000,7000,6000
2019-10-26,Apple,17,West Bengal,19,Kolkata,342,6000,8000,7600
2019-10-25,Apple,17,West Bengal,19,Kolkata,342,6000,8000,7500
2019-10-24,Apple,17,West Bengal,19,Kolkata,342,4000,6000,5000
2019-10-23,Apple,17,West Bengal,19,Kolkata,342,6500,8000,7500
2019-10-22,Apple,17,West Bengal,19,Kolkata,342,5000,7200,6600
2019-10-21,Apple,17,West Bengal,19,Kolkata,342,7000,8000,7600
2019-10-19,Apple,17,West Bengal,19,Kolkata,342,9000,12500,11000
2019-10-18,Apple,17,West Bengal,19,Kolkata,342,8000,11500,10000
2019-10-17,Apple,17,West Bengal,19,Kolkata,342,4800,6000,5500
2019-10-16,Apple,17,West Bengal,19,Kolkata,342,6500,7800,7000
2019-10-15,Apple,17,West Bengal,19,Kolkata,342,7000,9000,8000
2019-10-14,Apple,17,West Bengal,19,Kolkata,342,6000,8000,7600
2019-10-12,Apple,17,West Bengal,19,Kolkata,342,8000,10000,9000
2019-10-07,Apple,17,West Bengal,19,Kolkata,342,8000,10000,9000
2019-10-05,Apple,17,West Bengal,19,Kolkata,342,6000,8000,7500
2019-10-04,Apple,17,West Bengal,19,Kolkata,342,5000,7600,7000
2019-10-03,Apple,17,West Bengal,19,Kolkata,342,7000,9000,8000
2019-10-02,Apple,17,West Bengal,19,Kolkata,342,7000,9000,8000
2019-10-01,Apple,17,West Bengal,19,Kolkata,342,7000,8000,7500
2019-09-30,Apple,17,West Bengal,19,Kolkata,342,6000,7600,7000
2019-09-28,Apple,17,West Bengal,19,Kolkata,342,6000,8000,7500
2019-09-27,Apple,17,West Bengal,19,Kolkata,342,6000,8000,7500
2019-09-26,Apple,17,West Bengal,19,Kolkata,342,6000,8000,7600
2019-09-25,Apple,17,West Bengal,19,Kolkata,342,4000,7000,6400
2019-09-24,Apple,17,West Bengal,19,Kolkata,342,5000,7500,7000
2019-09-23,Apple,17,West Bengal,19,Kolkata,342,5000,7600,7000
2019-09-20,Apple,17,West Bengal,19,Kolkata,342,6000,8000,7400
2019-09-19,Apple,17,West Bengal,19,Kolkata,342,7000,8000,7400
2019-09-18,Apple,17,West Bengal,19,Kolkata,342,7000,8000,7600
2019-09-17,Apple,17,West Bengal,19,Kolkata,342,8000,9500,9000
2019-09-16,Apple,17,West Bengal,19,Kolkata,342,9000,10000,9600
2019-09-14,Apple,17,West Bengal,19,Kolkata,342,7000,9000,8500
2019-09-13,Apple,17,West Bengal,19,Kolkata,342,5000,8000,7500
2019-09-12,Apple,17,West Bengal,19,Kolkata,342,7000,9000,8000
2019-09-11,Apple,17,West Bengal,19,Kolkata,342,5000,8000,7500
2019-09-09,Apple,17,West Bengal,19,Kolkata,342,8000,10000,9500
2019-09-06,Apple,17,West Bengal,19,Kolkata,342,7000,9000,8500
2019-09-05,Apple,17,West Bengal,19,Kolkata,342,7000,9000,8500
2019-09-04,Apple,17,West Bengal,19,Kolkata,342,7000,9000,8500
2019-09-03,Apple,17,West Bengal,19,Kolkata,342,6000,8000,7500
2019-09-02,Apple,17,West Bengal,19,Kolkata,342,6000,8000,7500
2019-08-31,Apple,17,West Bengal,19,Kolkata,342,6000,8000,7500
2019-08-30,Apple,17,West Bengal,19,Kolkata,342,8000,10000,9500
2019-08-29,Apple,17,West Bengal,19,Kolkata,342,7000,9000,8500
2019-08-28,Apple,17,West Bengal,19,Kolkata,342,8000,10000,9400
2019-08-27,Apple,17,West Bengal,19,Kolkata,342,7000,9000,8400
2019-08-26,Apple,17,West Bengal,19,Kolkata,342,8000,10000,9500
2019-08-24,Apple,17,West Bengal,19,Kolkata,342,6000,9000,8000
2019-08-23,Apple,17,West Bengal,19,Kolkata,342,6000,9000,8000
2019-08-22,Apple,17,West Bengal,19,Kolkata,342,4000,6000,5500
2019-08-21,Apple,17,West Bengal,19,Kolkata,342,6000,8000,7500
2019-08-20,Apple,17,West Bengal,19,Kolkata,342,5000,8000,7000
2019-08-19,Apple,17,West Bengal,19,Kolkata,342,5000,8000,7000
2019-08-16,Apple,17,West Bengal,19,Kolkata,342,6000,8000,7500
2019-08-14,Apple,17,West Bengal,19,Kolkata,342,7500,10000,9000
2019-08-13,Apple,17,West Bengal,19,Kolkata,342,7000,9500,8500
2019-08-08,Apple,17,West Bengal,19,Kolkata,342,7000,10000,9000
2019-08-07,Apple,17,West Bengal,19,Kolkata,342,8000,11000,10000
2019-08-06,Apple,17,West Bengal,19,Kolkata,342,9000,12000,11000
2019-08-05,Apple,17,West Bengal,19,Kolkata,342,9000,12000,11000
2019-08-03,Apple,17,West Bengal,19,Kolkata,342,8000,11000,10000
2019-08-02,Apple,17,West Bengal,19,Kolkata,342,6000,10000,9000
2019-08-01,Apple,17,West Bengal,19,Kolkata,342,8000,12000,10000
2019-07-31,Apple,17,West Bengal,19,Kolkata,342,11000,14000,13000
2019-07-30,Apple,17,West Bengal,19,Kolkata,342,12000,14000,13600
2019-07-29,Apple,17,West Bengal,19,Kolkata,342,14000,16000,15500
2019-07-27,Apple,17,West Bengal,19,Kolkata,342,12000,14000,13500
2019-07-26,Apple,17,West Bengal,19,Kolkata,342,12000,14000,13600
2019-07-25,Apple,17,West Bengal,19,Kolkata,342,14000,15000,14500
2019-07-24,Apple,17,West Bengal,19,Kolkata,342,14000,15000,14500
2019-07-23,Apple,17,West Bengal,19,Kolkata,342,10000,11000,10500
2019-07-22,Apple,17,West Bengal,19,Kolkata,342,8000,10000,9600
2019-07-20,Apple,17,West Bengal,19,Kolkata,342,9000,10500,10000
2019-07-18,Apple,17,West Bengal,19,Kolkata,342,9000,10500,10000
2019-07-17,Apple,17,West Bengal,19,Kolkata,342,8000,10000,9500
2019-07-16,Apple,17,West Bengal,19,Kolkata,342,7000,9000,8500
2019-07-15,Apple,17,West Bengal,19,Kolkata,342,6000,8600,8000
2019-07-13,Apple,17,West Bengal,19,Kolkata,342,7000,8700,8000
2019-07-12,Apple,17,West Bengal,19,Kolkata,342,7000,8700,8000
2019-07-11,Apple,17,West Bengal,19,Kolkata,342,6000,8600,8000
2019-07-10,Apple,17,West Bengal,19,Kolkata,342,7000,9000,8500
2019-07-09,Apple,17,West Bengal,19,Kolkata,342,7000,9000,8500
2019-07-08,Apple,17,West Bengal,19,Kolkata,342,8000,9000,8500
2019-07-06,Apple,17,West Bengal,19,Kolkata,342,8000,9000,8600
2019-07-05,Apple,17,West Bengal,19,Kolkata,342,7000,8600,8000
2019-07-04,Apple,17,West Bengal,19,Kolkata,342,8000,9600,9000
2019-07-03,Apple,17,West Bengal,19,Kolkata,342,9000,10000,9500
2019-07-02,Apple,17,West Bengal,19,Kolkata,342,9000,10000,9500
2019-07-01,Apple,17,West Bengal,19,Kolkata,342,6000,9000,8000
2019-06-29,Apple,17,West Bengal,19,Kolkata,342,8000,10000,9000
2019-06-28,Apple,17,West Bengal,19,Kolkata,342,7000,9500,8500
2019-06-27,Apple,17,West Bengal,19,Kolkata,342,8000,10000,9000
2019-06-26,Apple,17,West Bengal,19,Kolkata,342,7000,9500,8000
2019-06-25,Apple,17,West Bengal,19,Kolkata,342,7000,9500,8000
2019-06-24,Apple,17,West Bengal,19,Kolkata,342,6000,9000,7500
2019-06-22,Apple,17,West Bengal,19,Kolkata,342,8000,10000,9500
2019-06-21,Apple,17,West Bengal,19,Kolkata,342,7000,9000,8500
2019-06-20,Apple,17,West Bengal,19,Kolkata,342,7000,9000,8500
2019-06-19,Apple,17,West Bengal,19,Kolkata,342,8000,10000,9000
2019-06-18,Apple,17,West Bengal,19,Kolkata,342,7500,9000,8000
2019-06-17,Apple,17,West Bengal,19,Kolkata,342,8000,10000,9000
2019-06-14,Apple,17,West Bengal,19,Kolkata,342,7500,9000,8500
2019-06-13,Apple,17,West Bengal,19,Kolkata,342,8000,10000,9000
2019-06-12,Apple,17,West Bengal,19,Kolkata,342,8000,10000,9000
2019-06-11,Apple,17,West Bengal,19,Kolkata,342,7000,9000,8000
2019-06-10,Apple,17,West Bengal,19,Kolkata,342,8000,9500,9000
2019-06-08,Apple,17,West Bengal,19,Kolkata,342,7000,9000,8000
2019-06-07,Apple,17,West Bengal,19,Kolkata,342,9000,11000,10000
2019-06-06,Apple,17,West Bengal,19,Kolkata,342,8000,10000,9000
2019-06-04,Apple,17,West Bengal,19,Kolkata,342,9000,11000,10000
2019-06-03,Apple,17,West Bengal,19,Kolkata,342,9000,11000,10000
2019-06-01,Apple,17,West Bengal,19,Kolkata,342,4000,7000,6700
2019-05-31,Apple,17,West Bengal,19,Kolkata,342,4000,7000,6700
2019-05-30,Apple,17,West Bengal,19,Kolkata,342,6500,8000,7500
2019-05-29,Apple,17,West Bengal,19,Kolkata,342,6500,8000,7500
2019-05-28,Apple,17,West Bengal,19,Kolkata,342,4700,7000,6500
2019-05-27,Apple,17,West Bengal,19,Kolkata,342,4800,8000,7600
2019-05-25,Apple,17,West Bengal,19,Kolkata,342,7000,9000,8500
2019-05-24,Apple,17,West Bengal,19,Kolkata,342,7000,9000,8600
2019-05-22,Apple,17,West Bengal,19,Kolkata,342,4600,7000,6500
2019-05-21,Apple,17,West Bengal,19,Kolkata,342,6500,8000,7600
2019-05-20,Apple,17,West Bengal,19,Kolkata,342,8000,9700,9500
2019-05-18,Apple,17,West Bengal,19,Kolkata,342,8000,9800,9600
2019-05-17,Apple,17,West Bengal,19,Kolkata,342,6000,9500,9000
2019-05-16,Apple,17,West Bengal,19,Kolkata,342,6000,9600,9000
2019-05-15,Apple,17,West Bengal,19,Kolkata,342,9000,10000,9700
2019-05-14,Apple,17,West Bengal,19,Kolkata,342,9000,10000,9800
2019-05-13,Apple,17,West Bengal,19,Kolkata,342,6000,9000,8500
2019-05-11,Apple,17,West Bengal,19,Kolkata,342,11000,14000,13000
2019-05-10,Apple,17,West Bengal,19,Kolkata,342,10000,13000,12500
2019-05-09,Apple,17,West Bengal,19,Kolkata,342,11000,14000,13000
2019-05-08,Apple,17,West Bengal,19,Kolkata,342,11000,13000,12000
2019-05-07,Apple,17,West Bengal,19,Kolkata,342,3000,6000,5500
2019-05-06,Apple,17,West Bengal,19,Kolkata,342,6000,8700,7000
2019-05-04,Apple,17,West Bengal,19,Kolkata,342,4500,7600,6500
2019-05-03,Apple,17,West Bengal,19,Kolkata,342,5000,7000,6000
2019-05-02,Apple,17,West Bengal,19,Kolkata,342,7000,8000,7600
2019-04-30,Apple,17,West Bengal,19,Kolkata,342,6000,7600,7000
2019-04-29,Apple,17,West Bengal,19,Kolkata,342,5000,7000,6000
2019-04-27,Apple,17,West Bengal,19,Kolkata,342,7000,8000,7700
2019-04-26,Apple,17,West Bengal,19,Kolkata,342,6000,7600,7000
2019-04-25,Apple,17,West Bengal,19,Kolkata,342,6000,7500,7000
2019-04-24,Apple,17,West Bengal,19,Kolkata,342,6000,7500,7000
2019-04-23,Apple,17,West Bengal,19,Kolkata,342,7000,8000,7600
2019-04-22,Apple,17,West Bengal,19,Kolkata,342,7000,8000,7600
2019-04-20,Apple,17,West Bengal,19,Kolkata,342,6000,7500,7000
2019-04-19,Apple,17,West Bengal,19,Kolkata,342,6000,7700,7300
2019-04-18,Apple,17,West Bengal,19,Kolkata,342,6000,7600,7000
2019-04-17,Apple,17,West Bengal,19,Kolkata,342,5000,7000,6000
2019-04-16,Apple,17,West Bengal,19,Kolkata,342,5000,7000,6000
2019-04-15,Apple,17,West Bengal,19,Kolkata,342,5000,7000,6000
2019-04-13,Apple,17,West Bengal,19,Kolkata,342,5000,7000,6000
2019-04-12,Apple,17,West Bengal,19,Kolkata,342,5000,7000,6000
2019-04-11,Apple,17,West Bengal,19,Kolkata,342,5000,7000,6000
2019-04-10,Apple,17,West Bengal,19,Kolkata,342,6000,7500,7000
2019-04-09,Apple,17,West Bengal,19,Kolkata,342,5000,7000,6000
2019-04-08,Apple,17,West Bengal,19,Kolkata,342,5000,7000,6000
2019-04-06,Apple,17,West Bengal,19,Kolkata,342,7000,9000,8600
2019-04-05,Apple,17,West Bengal,19,Kolkata,342,8000,9600,9000
2019-04-04,Apple,17,West Bengal,19,Kolkata,342,8000,9500,9000
2019-04-03,Apple,17,West Bengal,19,Kolkata,342,7000,9000,8500
2019-04-02,Apple,17,West Bengal,19,Kolkata,342,8000,9500,9000
2019-04-01,Apple,17,West Bengal,19,Kolkata,342,9000,10000,9500
2019-03-29,Apple,17,West Bengal,19,Kolkata,342,5000,8000,7000
2019-03-28,Apple,17,West Bengal,19,Kolkata,342,8000,10000,9000
2019-03-27,Apple,17,West Bengal,19,Kolkata,342,8000,10000,9000
2019-03-26,Apple,17,West Bengal,19,Kolkata,342,5000,7500,6500
2019-03-25,Apple,17,West Bengal,19,Kolkata,342,5000,7500,6500
2019-03-23,Apple,17,West Bengal,19,Kolkata,342,7700,8500,8000
2019-03-22,Apple,17,West Bengal,19,Kolkata,342,8000,9000,8700
2019-03-21,Apple,17,West Bengal,19,Kolkata,342,7000,8000,7600
2019-03-20,Apple,17,West Bengal,19,Kolkata,342,7000,8000,7600
2019-03-19,Apple,17,West Bengal,19,Kolkata,342,8000,9000,8600
2019-03-18,Apple,17,West Bengal,19,Kolkata,342,8000,9000,8500
2019-03-16,Apple,17,West Bengal,19,Kolkata,342,6500,7700,7300
2019-03-15,Apple,17,West Bengal,19,Kolkata,342,7000,8000,7600
2019-03-14,Apple,17,West Bengal,19,Kolkata,342,6000,7200,6600
2019-03-13,Apple,17,West Bengal,19,Kolkata,342,7000,8000,7500
2019-03-12,Apple,17,West Bengal,19,Kolkata,342,6500,7600,7200
2019-03-11,Apple,17,West Bengal,19,Kolkata,342,4600,6200,5800
2019-03-09,Apple,17,West Bengal,19,Kolkata,342,4600,6200,5800
2019-03-08,Apple,17,West Bengal,19,Kolkata,342,5600,6700,6200
2019-03-07,Apple,17,West Bengal,19,Kolkata,342,5600,6700,6200
2019-03-06,Apple,17,West Bengal,19,Kolkata,342,4500,6100,5700
2019-03-05,Apple,17,West Bengal,19,Kolkata,342,5050,6300,5850
2019-03-04,Apple,17,West Bengal,19,Kolkata,342,3500,5000,4500
2019-03-01,Apple,17,West Bengal,19,Kolkata,342,5500,6600,6100
2019-02-28,Apple,17,West Bengal,19,Kolkata,342,4500,6000,5600
2019-02-27,Apple,17,West Bengal,19,Kolkata,342,5000,6250,5800
2019-02-26,Apple,17,West Bengal,19,Kolkata,342,3500,5000,4500
2019-02-25,Apple,17,West Bengal,19,Kolkata,342,3500,5000,4500
2019-02-19,Apple,17,West Bengal,19,Kolkata,342,5000,7000,6500
2019-02-18,Apple,17,West Bengal,19,Kolkata,342,4000,6500,6000
2019-02-16,Apple,17,West Bengal,19,Kolkata,342,3500,6000,5600
2019-02-15,Apple,17,West Bengal,19,Kolkata,342,3500,6000,5600
2019-02-14,Apple,17,West Bengal,19,Kolkata,342,3500,6000,5600
2019-02-13,Apple,17,West Bengal,19,Kolkata,342,3500,6000,5500
2019-02-12,Apple,17,West Bengal,19,Kolkata,342,5500,7000,6500
2019-02-11,Apple,17,West Bengal,19,Kolkata,342,5500,7000,6500
2019-02-09,Apple,17,West Bengal,19,Kolkata,342,5500,7000,6600
2019-02-08,Apple,17,West Bengal,19,Kolkata,342,5500,7000,6600
2019-02-07,Apple,17,West Bengal,19,Kolkata,342,5500,7000,6600
2019-02-06,Apple,17,West Bengal,19,Kolkata,342,4800,6500,6000
2019-02-05,Apple,17,West Bengal,19,Kolkata,342,4500,6500,5500
2019-02-04,Apple,17,West Bengal,19,Kolkata,342,4500,6500,5500
2019-02-02,Apple,17,West Bengal,19,Kolkata,342,4500,6500,4900
2019-02-01,Apple,17,West Bengal,19,Kolkata,342,3500,6000,5000
2019-01-31,Apple,17,West Bengal,19,Kolkata,342,4500,6500,5900
2019-01-30,Apple,17,West Bengal,19,Kolkata,342,3500,6000,5000
2019-01-29,Apple,17,West Bengal,19,Kolkata,342,4500,7000,6000
2019-01-28,Apple,17,West Bengal,19,Kolkata,342,6000,8000,7000
2019-01-26,Apple,17,West Bengal,19,Kolkata,342,5000,7000,6000
2019-01-25,Apple,17,West Bengal,19,Kolkata,342,4000,6000,5000
2019-01-24,Apple,17,West Bengal,19,Kolkata,342,5000,6500,6000
2019-01-23,Apple,17,West Bengal,19,Kolkata,342,3500,5500,5000
2019-01-22,Apple,17,West Bengal,19,Kolkata,342,6000,7000,6700
2019-01-21,Apple,17,West Bengal,19,Kolkata,342,5000,6600,6000
2019-01-19,Apple,17,West Bengal,19,Kolkata,342,6000,7000,6600
2019-01-18,Apple,17,West Bengal,19,Kolkata,342,5000,6600,6000
2019-01-17,Apple,17,West Bengal,19,Kolkata,342,3500,5600,5000
2019-01-16,Apple,17,West Bengal,19,Kolkata,342,3500,5500,5000
2019-01-15,Apple,17,West Bengal,19,Kolkata,342,5000,6500,6000
2019-01-14,Apple,17,West Bengal,19,Kolkata,342,4500,6500,6000
2019-01-12,Apple,17,West Bengal,19,Kolkata,342,5500,7000,6600
2019-01-11,Apple,17,West Bengal,19,Kolkata,342,5500,7000,6600
2019-01-10,Apple,17,West Bengal,19,Kolkata,342,6500,7500,7000
2019-01-09,Apple,17,West Bengal,19,Kolkata,342,5500,7000,6500
2019-01-08,Apple,17,West Bengal,19,Kolkata,342,4000,5000,4600
2019-01-07,Apple,17,West Bengal,19,Kolkata,342,5000,6000,5600
2019-01-05,Apple,17,West Bengal,19,Kolkata,342,4000,5000,4600
2019-01-04,Apple,17,West Bengal,19,Kolkata,342,4500,5600,5000
2019-01-03,Apple,17,West Bengal,19,Kolkata,342,4500,5600,5000
2019-01-02,Apple,17,West Bengal,19,Kolkata,342,4500,5000,4700
2019-01-01,Apple,17,West Bengal,19,Kolkata,342,3500,4500,4200
2018-12-31,Apple,17,West Bengal,19,Kolkata,342,4000,4800,4500
2018-12-29,Apple,17,West Bengal,19,Kolkata,342,3500,4500,4200
2018-12-28,Apple,17,West Bengal,19,Kolkata,342,3500,4500,4200
2018-12-27,Apple,17,West Bengal,19,Kolkata,342,3500,4500,4200
2018-12-26,Apple,17,West Bengal,19,Kolkata,342,4000,5000,4500
2018-12-25,Apple,17,West Bengal,19,Kolkata,342,3500,4500,4200
2018-12-24,Apple,17,West Bengal,19,Kolkata,342,4600,5200,4900
2018-12-22,Apple,17,West Bengal,19,Kolkata,342,3500,4500,4200
2018-12-21,Apple,17,West Bengal,19,Kolkata,342,4000,4700,4500
2018-12-20,Apple,17,West Bengal,19,Kolkata,342,6000,7000,6600
2018-12-19,Apple,17,West Bengal,19,Kolkata,342,6000,7000,6600
2018-12-18,Apple,17,West Bengal,19,Kolkata,342,5000,6000,5600
2018-12-17,Apple,17,West Bengal,19,Kolkata,342,6000,7000,6500
2018-12-15,Apple,17,West Bengal,19,Kolkata,342,3500,4500,4200
2018-12-14,Apple,17,West Bengal,19,Kolkata,342,3500,4500,4200
2018-12-13,Apple,17,West Bengal,19,Kolkata,342,3500,5000,4200
2018-12-12,Apple,17,West Bengal,19,Kolkata,342,3500,4600,4200
2018-12-11,Apple,17,West Bengal,19,Kolkata,342,4000,4800,4600
2018-12-10,Apple,17,West Bengal,19,Kolkata,342,3500,4500,4200
2018-12-08,Apple,17,West Bengal,19,Kolkata,342,5000,6000,5700
2018-12-07,Apple,17,West Bengal,19,Kolkata,342,5000,6000,5700
2018-12-06,Apple,17,West Bengal,19,Kolkata,342,5000,6000,5600
2018-12-05,Apple,17,West Bengal,19,Kolkata,342,5000,6000,5600
2018-12-04,Apple,17,West Bengal,19,Kolkata,342,3600,5000,4500
2018-12-03,Apple,17,West Bengal,19,Kolkata,342,4000,5000,4600
2018-12-01,Apple,17,West Bengal,19,Kolkata,342,4500,5200,4900
2018-11-30,Apple,17,West Bengal,19,Kolkata,342,4000,5000,4600
2018-11-29,Apple,17,West Bengal,19,Kolkata,342,4500,5200,4900
2018-11-28,Apple,17,West Bengal,19,Kolkata,342,5000,6000,5500
2018-11-27,Apple,17,West Bengal,19,Kolkata,342,4000,5500,5000
2018-11-26,Apple,17,West Bengal,19,Kolkata,342,5000,6000,5500
2018-11-24,Apple,17,West Bengal,19,Kolkata,342,5000,6000,5500
2018-11-23,Apple,17,West Bengal,19,Kolkata,342,5000,6000,5500
2018-11-22,Apple,17,West Bengal,19,Kolkata,342,5500,6500,6000
2018-11-21,Apple,17,West Bengal,19,Kolkata,342,5000,6000,5600
2018-11-20,Apple,17,West Bengal,19,Kolkata,342,4500,5500,5000
2018-11-19,Apple,17,West Bengal,19,Kolkata,342,6000,7500,7000
2018-11-17,Apple,17,West Bengal,19,Kolkata,342,7000,8000,7500
2018-11-16,Apple,17,West Bengal,19,Kolkata,342,7500,8500,8000
2018-11-15,Apple,17,West Bengal,19,Kolkata,342,7500,8500,8000
2018-11-14,Apple,17,West Bengal,19,Kolkata,342,7000,8000,7600
2018-11-13,Apple,17,West Bengal,19,Kolkata,342,5000,7000,6500
2018-11-12,Apple,17,West Bengal,19,Kolkata,342,7000,8000,7600
2018-11-11,Apple,17,West Bengal,19,Kolkata,342,5000,7000,6500
2018-11-10,Apple,17,West Bengal,19,Kolkata,342,6000,7500,7000
2018-11-09,Apple,17,West Bengal,19,Kolkata,342,5000,7000,6500
2018-11-08,Apple,17,West Bengal,19,Kolkata,342,5000,7000,6500
2018-11-01,Apple,17,West Bengal,19,Kolkata,342,4000,6000,5000
2018-10-31,Apple,17,West Bengal,19,Kolkata,342,4000,6000,5000
2018-10-30,Apple,17,West Bengal,19,Kolkata,342,9000,12000,10000
2018-10-29,Apple,17,West Bengal,19,Kolkata,342,5000,7000,6500
2018-10-27,Apple,17,West Bengal,19,Kolkata,342,7000,8000,7500
2018-10-26,Apple,17,West Bengal,19,Kolkata,342,6000,7500,7000
2018-10-25,Apple,17,West Bengal,19,Kolkata,342,7000,8000,7500
2018-10-24,Apple,17,West Bengal,19,Kolkata,342,5000,7500,7000
2018-10-23,Apple,17,West Bengal,19,Kolkata,342,6000,8000,7500
2018-10-22,Apple,17,West Bengal,19,Kolkata,342,5000,7200,6500
2018-10-20,Apple,17,West Bengal,19,Kolkata,342,6000,7600,7200
2018-10-19,Apple,17,West Bengal,19,Kolkata,342,7000,8000,7700
2018-10-17,Apple,17,West Bengal,19,Kolkata,342,5000,7000,6000
2018-10-16,Apple,17,West Bengal,19,Kolkata,342,7000,8000,7500
2018-10-15,Apple,17,West Bengal,19,Kolkata,342,5000,7000,6000
2018-10-13,Apple,17,West Bengal,19,Kolkata,342,5000,7000,6500
2018-10-12,Apple,17,West Bengal,19,Kolkata,342,3000,5000,4500
2018-10-11,Apple,17,West Bengal,19,Kolkata,342,4000,6000,5500
2018-10-09,Apple,17,West Bengal,19,Kolkata,342,4000,6000,5000
2018-10-08,Apple,17,West Bengal,19,Kolkata,342,6000,7600,7200
2018-10-07,Apple,17,West Bengal,19,Kolkata,342,5000,7000,6000
2018-10-06,Apple,17,West Bengal,19,Kolkata,342,5000,7000,6000
2018-10-05,Apple,17,West Bengal,19,Kolkata,342,5000,7000,6000
2018-10-04,Apple,17,West Bengal,19,Kolkata,342,6500,7500,7000
2018-10-03,Apple,17,West Bengal,19,Kolkata,342,6500,7500,7000
2018-10-02,Apple,17,West Bengal,19,Kolkata,342,7000,8000,7500
2018-10-01,Apple,17,West Bengal,19,Kolkata,342,5000,7000,6500
2018-09-29,Apple,17,West Bengal,19,Kolkata,342,5000,7000,6500
2018-09-28,Apple,17,West Bengal,19,Kolkata,342,5000,7000,6500
2018-09-27,Apple,17,West Bengal,19,Kolkata,342,7000,8000,7600
2018-09-26,Apple,17,West Bengal,19,Kolkata,342,7000,8000,7500
2018-09-25,Apple,17,West Bengal,19,Kolkata,342,6000,7000,6500
2018-09-24,Apple,17,West Bengal,19,Kolkata,342,6500,7500,7000
2018-09-22,Apple,17,West Bengal,19,Kolkata,342,6000,7000,6500
2018-09-21,Apple,17,West Bengal,19,Kolkata,342,7000,8000,7500
2018-09-20,Apple,17,West Bengal,19,Kolkata,342,6000,7500,7000
2018-09-19,Apple,17,West Bengal,19,Kolkata,342,7000,8000,7500
2018-09-18,Apple,17,West Bengal,19,Kolkata,342,5000,7000,6700
2018-09-17,Apple,17,West Bengal,19,Kolkata,342,7000,8000,7700
2018-09-15,Apple,17,West Bengal,19,Kolkata,342,7000,8000,7600
2018-09-14,Apple,17,West Bengal,19,Kolkata,342,7000,8000,7600
2018-09-13,Apple,17,West Bengal,19,Kolkata,342,6000,7500,7000
2018-09-12,Apple,17,West Bengal,19,Kolkata,342,5000,7000,6500
2018-09-11,Apple,17,West Bengal,19,Kolkata,342,6000,7500,7000
2018-09-10,Apple,17,West Bengal,19,Kolkata,342,5000,7000,6000
2018-09-08,Apple,17,West Bengal,19,Kolkata,342,6000,7000,6500
2018-09-07,Apple,17,West Bengal,19,Kolkata,342,6000,7000,6500
2018-09-06,Apple,17,West Bengal,19,Kolkata,342,6000,7000,6500
2018-09-05,Apple,17,West Bengal,19,Kolkata,342,6000,7000,6500
2018-09-04,Apple,17,West Bengal,19,Kolkata,342,6500,7500,7000
2018-09-03,Apple,17,West Bengal,19,Kolkata,342,6000,8000,7000
2018-09-01,Apple,17,West Bengal,19,Kolkata,342,8000,9000,8500
2018-08-31,Apple,17,West Bengal,19,Kolkata,342,7500,8500,8000
2018-08-30,Apple,17,West Bengal,19,Kolkata,342,6000,7500,7000
2018-08-29,Apple,17,West Bengal,19,Kolkata,342,6000,7000,6600
2018-08-28,Apple,17,West Bengal,19,Kolkata,342,6000,7000,6500
2018-08-27,Apple,17,West Bengal,19,Kolkata,342,6000,7000,6500
2018-08-25,Apple,17,West Bengal,19,Kolkata,342,6500,7500,7000
2018-08-24,Apple,17,West Bengal,19,Kolkata,342,6500,7500,7000
2018-08-23,Apple,17,West Bengal,19,Kolkata,342,6000,7000,6500
2018-08-22,Apple,17,West Bengal,19,Kolkata,342,7000,9000,8000
2018-08-21,Apple,17,West Bengal,19,Kolkata,342,8000,10000,9000
2018-08-20,Apple,17,West Bengal,19,Kolkata,342,8000,10000,9000
2018-08-18,Apple,17,West Bengal,19,Kolkata,342,9000,10000,9500
2018-08-17,Apple,17,West Bengal,19,Kolkata,342,8500,9500,9000
2018-08-16,Apple,17,West Bengal,19,Kolkata,342,9000,10000,9500
2018-08-15,Apple,17,West Bengal,19,Kolkata,342,9000,10000,9500
2018-08-14,Apple,17,West Bengal,19,Kolkata,342,8000,9000,8500
2018-08-13,Apple,17,West Bengal,19,Kolkata,342,8000,9000,8500
2018-08-11,Apple,17,West Bengal,19,Kolkata,342,8000,10000,9000
2018-08-10,Apple,17,West Bengal,19,Kolkata,342,10000,11000,10500
2018-08-09,Apple,17,West Bengal,19,Kolkata,342,9000,10500,10000
2018-08-08,Apple,17,West Bengal,19,Kolkata,342,9000,10500,10000
2018-08-07,Apple,17,West Bengal,19,Kolkata,342,11000,12000,11500
2018-08-06,Apple,17,West Bengal,19,Kolkata,342,10250,11250,10750
2018-08-04,Apple,17,West Bengal,19,Kolkata,342,10000,11000,10500
2018-08-03,Apple,17,West Bengal,19,Kolkata,342,11000,12000,11700
2018-08-02,Apple,17,West Bengal,19,Kolkata,342,10000,11000,10500
2018-08-01,Apple,17,West Bengal,19,Kolkata,342,10000,11000,10500
2018-07-31,Apple,17,West Bengal,19,Kolkata,342,11000,12000,11700
2018-07-30,Apple,17,West Bengal,19,Kolkata,342,11000,12000,11500
2018-07-28,Apple,17,West Bengal,19,Kolkata,342,10000,11000,10500
2018-07-27,Apple,17,West Bengal,19,Kolkata,342,11000,12000,11500
2018-07-26,Apple,17,West Bengal,19,Kolkata,342,11000,12000,11500
2018-07-25,Apple,17,West Bengal,19,Kolkata,342,11000,12000,11500
2018-07-24,Apple,17,West Bengal,19,Kolkata,342,11000,12000,11500
2018-07-23,Apple,17,West Bengal,19,Kolkata,342,10000,12000,11000
2018-07-21,Apple,17,West Bengal,19,Kolkata,342,12000,14000,13500
2018-07-20,Apple,17,West Bengal,19,Kolkata,342,10000,12000,11000
2018-07-19,Apple,17,West Bengal,19,Kolkata,342,11000,13000,12000
2018-07-18,Apple,17,West Bengal,19,Kolkata,342,14000,16000,15000
2018-07-17,Apple,17,West Bengal,19,Kolkata,342,12500,14000,13500
2018-07-16,Apple,17,West Bengal,19,Kolkata,342,14000,15000,14500
2018-07-13,Apple,17,West Bengal,19,Kolkata,342,14000,15000,14500
2018-07-12,Apple,17,West Bengal,19,Kolkata,342,14000,16000,15000
2018-07-11,Apple,17,West Bengal,19,Kolkata,342,12500,14000,13500
2018-07-10,Apple,17,West Bengal,19,Kolkata,342,12500,14000,13500
2018-07-09,Apple,17,West Bengal,19,Kolkata,342,12500,14000,13500
2018-07-07,Apple,17,West Bengal,19,Kolkata,342,12500,14000,13500
2018-07-06,Apple,17,West Bengal,19,Kolkata,342,13000,14500,14000
2018-07-05,Apple,17,West Bengal,19,Kolkata,342,12500,14000,13500
2018-07-04,Apple,17,West Bengal,19,Kolkata,342,12500,14000,13500
2018-07-03,Apple,17,West Bengal,19,Kolkata,342,14000,15000,14500
2018-07-02,Apple,17,West Bengal,19,Kolkata,342,14500,16000,15000
2018-06-30,Apple,17,West Bengal,19,Kolkata,342,14000,15000,14500
2018-06-29,Apple,17,West Bengal,19,Kolkata,342,14000,15000,14500
2018-06-28,Apple,17,West Bengal,19,Kolkata,342,15000,16000,15500
2018-06-27,Apple,17,West Bengal,19,Kolkata,342,15000,16000,15500
2018-06-26,Apple,17,West Bengal,19,Kolkata,342,14500,15500,15000
2018-06-25,Apple,17,West Bengal,19,Kolkata,342,13000,14500,13500
2018-06-23,Apple,17,West Bengal,19,Kolkata,342,13500,15000,14000
2018-06-22,Apple,17,West Bengal,19,Kolkata,342,9500,10500,10000
2018-06-21,Apple,17,West Bengal,19,Kolkata,342,9500,10500,10000
2018-06-20,Apple,17,West Bengal,19,Kolkata,342,10000,11000,10500
2018-06-19,Apple,17,West Bengal,19,Kolkata,342,10000,11000,10500
2018-06-18,Apple,17,West Bengal,19,Kolkata,342,9000,10000,9500
2018-06-16,Apple,17,West Bengal,19,Kolkata,342,10000,11000,11000
2018-06-15,Apple,17,West Bengal,19,Kolkata,342,9000,10000,9500
2018-06-14,Apple,17,West Bengal,19,Kolkata,342,10000,11000,10500
2018-06-13,Apple,17,West Bengal,19,Kolkata,342,9000,10000,9500
2018-06-12,Apple,17,West Bengal,19,Kolkata,342,10000,11000,10500
2018-06-11,Apple,17,West Bengal,19,Kolkata,342,10000,11000,10500
2018-06-09,Apple,17,West Bengal,19,Kolkata,342,11000,12000,11500
2018-06-08,Apple,17,West Bengal,19,Kolkata,342,11000,12000,11500
2018-06-07,Apple,17,West Bengal,19,Kolkata,342,10000,11000,10500
2018-06-06,Apple,17,West Bengal,19,Kolkata,342,10000,11000,10500
2018-06-05,Apple,17,West Bengal,19,Kolkata,342,11000,12000,11500
2018-06-04,Apple,17,West Bengal,19,Kolkata,342,7000,9000,8000
2018-06-02,Apple,17,West Bengal,19,Kolkata,342,7000,9000,8000
2018-06-01,Apple,17,West Bengal,19,Kolkata,342,7000,9000,8000
2018-05-31,Apple,17,West Bengal,19,Kolkata,342,8500,10000,9500
2018-05-30,Apple,17,West Bengal,19,Kolkata,342,7000,9000,8000
2018-05-29,Apple,17,West Bengal,19,Kolkata,342,8000,10000,9000
2018-05-28,Apple,17,West Bengal,19,Kolkata,342,8000,10000,9000
2018-05-26,Apple,17,West Bengal,19,Kolkata,342,8000,10000,9000
2018-05-25,Apple,17,West Bengal,19,Kolkata,342,8000,10000,9000
2018-05-24,Apple,17,West Bengal,19,Kolkata,342,9000,11000,10000
2018-05-23,Apple,17,West Bengal,19,Kolkata,342,9000,11000,10000
2018-05-22,Apple,17,West Bengal,19,Kolkata,342,8000,10000,9000
2018-05-21,Apple,17,West Bengal,19,Kolkata,342,8000,9000,8500
2018-05-19,Apple,17,West Bengal,19,Kolkata,342,8000,9000,8500
2018-05-18,Apple,17,West Bengal,19,Kolkata,342,9000,10000,9600
2018-05-17,Apple,17,West Bengal,19,Kolkata,342,8500,9500,9000
2018-05-16,Apple,17,West Bengal,19,Kolkata,342,9000,10000,9500
2018-05-15,Apple,17,West Bengal,19,Kolkata,342,8500,9500,9000
2018-05-14,Apple,17,West Bengal,19,Kolkata,342,9000,10000,9600
2018-05-12,Apple,17,West Bengal,19,Kolkata,342,8500,9500,9000
2018-05-11,Apple,17,West Bengal,19,Kolkata,342,8000,9000,8500
2018-05-10,Apple,17,West Bengal,19,Kolkata,342,8000,9000,8500
2018-05-09,Apple,17,West Bengal,19,Kolkata,342,8000,9000,8500
2018-05-08,Apple,17,West Bengal,19,Kolkata,342,8000,9000,8500
2018-05-07,Apple,17,West Bengal,19,Kolkata,342,8500,9200,8800
2018-05-05,Apple,17,West Bengal,19,Kolkata,342,8000,9000,8500
2018-05-04,Apple,17,West Bengal,19,Kolkata,342,9000,10000,9500
2018-05-03,Apple,17,West Bengal,19,Kolkata,342,8000,10000,9000
2018-05-02,Apple,17,West Bengal,19,Kolkata,342,7000,8000,7500
2018-05-01,Apple,17,West Bengal,19,Kolkata,342,8000,9000,8600
2018-04-30,Apple,17,West Bengal,19,Kolkata,342,7000,8000,7500
2018-04-28,Apple,17,West Bengal,19,Kolkata,342,7500,8600,8000
2018-04-27,Apple,17,West Bengal,19,Kolkata,342,7500,8600,8000
2018-04-26,Apple,17,West Bengal,19,Kolkata,342,8000,8500,8300
2018-04-25,Apple,17,West Bengal,19,Kolkata,342,8600,9000,8800
2018-04-24,Apple,17,West Bengal,19,Kolkata,342,8000,10000,9000
2018-04-21,Apple,17,West Bengal,19,Kolkata,342,6000,8000,7000
2018-04-20,Apple,17,West Bengal,19,Kolkata,342,7000,9000,8000
2018-04-19,Apple,17,West Bengal,19,Kolkata,342,8000,10000,9000
2018-04-18,Apple,17,West Bengal,19,Kolkata,342,7000,9000,8000
2018-04-17,Apple,17,West Bengal,19,Kolkata,342,6000,8000,7000
2018-04-16,Apple,17,West Bengal,19,Kolkata,342,6000,8000,7000
2018-04-14,Apple,17,West Bengal,19,Kolkata,342,6000,8000,7000
2018-04-13,Apple,17,West Bengal,19,Kolkata,342,7000,9000,8000
2018-04-12,Apple,17,West Bengal,19,Kolkata,342,7000,8000,7700
2018-04-11,Apple,17,West Bengal,19,Kolkata,342,6500,7700,7400
2018-04-10,Apple,17,West Bengal,19,Kolkata,342,6500,7700,7300
2018-04-09,Apple,17,West Bengal,19,Kolkata,342,6500,7700,7300
2018-04-07,Apple,17,West Bengal,19,Kolkata,342,6000,7500,7000
2018-04-06,Apple,17,West Bengal,19,Kolkata,342,6500,7700,7300
2018-04-05,Apple,17,West Bengal,19,Kolkata,342,6000,7500,7000
2018-04-04,Apple,17,West Bengal,19,Kolkata,342,7000,8000,7600
2018-04-03,Apple,17,West Bengal,19,Kolkata,342,6000,7400,7000
2018-04-02,Apple,17,West Bengal,19,Kolkata,342,7000,8000,7500
2018-03-31,Apple,17,West Bengal,19,Kolkata,342,6500,7700,7300
2018-03-30,Apple,17,West Bengal,19,Kolkata,342,7000,8000,7600
2018-03-29,Apple,17,West Bengal,19,Kolkata,342,7000,8000,7600
2018-03-28,Apple,17,West Bengal,19,Kolkata,342,6500,7700,7400
2018-03-27,Apple,17,West Bengal,19,Kolkata,342,7000,8000,7600
2018-03-26,Apple,17,West Bengal,19,Kolkata,342,6500,7700,7300
2018-03-24,Apple,17,West Bengal,19,Kolkata,342,7000,8000,7700
2018-03-23,Apple,17,West Bengal,19,Kolkata,342,6000,7200,6800
2018-03-22,Apple,17,West Bengal,19,Kolkata,342,7000,8000,7700
2018-03-21,Apple,17,West Bengal,19,Kolkata,342,6000,7200,6800
2018-03-20,Apple,17,West Bengal,19,Kolkata,342,6500,7500,7000
2018-03-19,Apple,17,West Bengal,19,Kolkata,342,6500,7500,7000
2018-03-17,Apple,17,West Bengal,19,Kolkata,342,6000,7000,6700
2018-03-16,Apple,17,West Bengal,19,Kolkata,342,6000,7000,6700
2018-03-15,Apple,17,West Bengal,19,Kolkata,342,5000,6000,5700
2018-03-14,Apple,17,West Bengal,19,Kolkata,342,6000,7000,6700
2018-03-13,Apple,17,West Bengal,19,Kolkata,342,6000,7000,6600
2018-03-12,Apple,17,West Bengal,19,Kolkata,342,5500,6700,6400
2018-03-10,Apple,17,West Bengal,19,Kolkata,342,5500,6700,6500
2018-03-09,Apple,17,West Bengal,19,Kolkata,342,5500,6700,6400
2018-03-08,Apple,17,West Bengal,19,Kolkata,342,6000,7000,6600
2018-03-07,Apple,17,West Bengal,19,Kolkata,342,6000,7000,6500
2018-03-06,Apple,17,West Bengal,19,Kolkata,342,6000,7000,6500
2018-03-05,Apple,17,West Bengal,19,Kolkata,342,5000,6000,5600
2018-03-03,Apple,17,West Bengal,19,Kolkata,342,6000,7000,6500
2018-03-02,Apple,17,West Bengal,19,Kolkata,342,6000,7000,6600
2018-03-01,Apple,17,West Bengal,19,Kolkata,342,5500,6600,6200
2018-02-28,Apple,17,West Bengal,19,Kolkata,342,5500,6600,6200
2018-02-27,Apple,17,West Bengal,19,Kolkata,342,5000,6000,5500
2018-02-26,Apple,17,West Bengal,19,Kolkata,342,6000,7000,6500
2018-02-24,Apple,17,West Bengal,19,Kolkata,342,5000,6000,5600
2018-02-23,Apple,17,West Bengal,19,Kolkata,342,5000,6000,5600
2018-02-22,Apple,17,West Bengal,19,Kolkata,342,7000,8000,7500
2018-02-21,Apple,17,West Bengal,19,Kolkata,342,6000,7000,6500
2018-02-20,Apple,17,West Bengal,19,Kolkata,342,6500,7500,7000
2018-02-19,Apple,17,West Bengal,19,Kolkata,342,6000,7000,6700
2018-02-17,Apple,17,West Bengal,19,Kolkata,342,6500,7600,7000
2018-02-16,Apple,17,West Bengal,19,Kolkata,342,6000,7500,6700
2018-02-15,Apple,17,West Bengal,19,Kolkata,342,6500,7700,7000
2018-02-14,Apple,17,West Bengal,19,Kolkata,342,6000,7500,6800
2018-02-13,Apple,17,West Bengal,19,Kolkata,342,6000,7200,6600
2018-02-12,Apple,17,West Bengal,19,Kolkata,342,6000,7200,6600
2018-02-10,Apple,17,West Bengal,19,Kolkata,342,5600,6500,6200
2018-02-09,Apple,17,West Bengal,19,Kolkata,342,5800,6700,6400
2018-02-08,Apple,17,West Bengal,19,Kolkata,342,5400,6500,6000
2018-02-07,Apple,17,West Bengal,19,Kolkata,342,5500,6700,6200
2018-02-06,Apple,17,West Bengal,19,Kolkata,342,5000,6000,5600
2018-02-05,Apple,17,West Bengal,19,Kolkata,342,5500,6800,6200
2018-02-03,Apple,17,West Bengal,19,Kolkata,342,5000,6000,5600
2018-02-02,Apple,17,West Bengal,19,Kolkata,342,5500,6600,6000
2018-02-01,Apple,17,West Bengal,19,Kolkata,342,5500,6700,6300
2018-01-31,Apple,17,West Bengal,19,Kolkata,342,5500,6700,6300
2018-01-30,Apple,17,West Bengal,19,Kolkata,342,6000,7000,6600
2018-01-29,Apple,17,West Bengal,19,Kolkata,342,5000,6000,5600
2018-01-27,Apple,17,West Bengal,19,Kolkata,342,6000,7000,6700
2018-01-26,Apple,17,West Bengal,19,Kolkata,342,5500,6600,6400
2018-01-25,Apple,17,West Bengal,19,Kolkata,342,6000,7000,6800
2018-01-24,Apple,17,West Bengal,19,Kolkata,342,5000,6000,5700
2018-01-23,Apple,17,West Bengal,19,Kolkata,342,5000,6000,5700
2018-01-22,Apple,17,West Bengal,19,Kolkata,342,5000,6000,5700
2018-01-20,Apple,17,West Bengal,19,Kolkata,342,5000,6000,5700
2018-01-19,Apple,17,West Bengal,19,Kolkata,342,5500,6700,6400
2018-01-18,Apple,17,West Bengal,19,Kolkata,342,5500,6600,6200
2018-01-17,Apple,17,West Bengal,19,Kolkata,342,5500,6600,6200
2018-01-16,Apple,17,West Bengal,19,Kolkata,342,6000,7000,6600
2018-01-15,Apple,17,West Bengal,19,Kolkata,342,5000,6000,5700
2018-01-13,Apple,17,West Bengal,19,Kolkata,342,5000,6000,5500
2018-01-12,Apple,17,West Bengal,19,Kolkata,342,7000,8000,7700
2018-01-11,Apple,17,West Bengal,19,Kolkata,342,6000,7000,6600
2018-01-10,Apple,17,West Bengal,19,Kolkata,342,7000,8000,7600
2018-01-09,Apple,17,West Bengal,19,Kolkata,342,7000,8000,7600
2018-01-08,Apple,17,West Bengal,19,Kolkata,342,5000,6000,5500
2018-01-06,Apple,17,West Bengal,19,Kolkata,342,5000,6000,5600
2018-01-05,Apple,17,West Bengal,19,Kolkata,342,6000,7000,6600
2018-01-04,Apple,17,West Bengal,19,Kolkata,342,5000,6000,5600
2018-01-03,Apple,17,West Bengal,19,Kolkata,342,5500,6600,6200
2018-01-02,Apple,17,West Bengal,19,Kolkata,342,6000,7000,6700
2018-01-01,Apple,17,West Bengal,19,Kolkata,342,7000,8000,7700
2017-12-30,Apple,17,West Bengal,19,Kolkata,342,5000,6000,5600
2017-12-29,Apple,17,West Bengal,19,Kolkata,342,6000,7000,6700
2017-12-28,Apple,17,West Bengal,19,Kolkata,342,6000,7000,6700
2017-12-27,Apple,17,West Bengal,19,Kolkata,342,7000,8000,7600
2017-12-26,Apple,17,West Bengal,19,Kolkata,342,7000,8000,7500
2017-12-25,Apple,17,West Bengal,19,Kolkata,342,6000,7200,6600
2017-12-23,Apple,17,West Bengal,19,Kolkata,342,6500,7500,7200
2017-12-22,Apple,17,West Bengal,19,Kolkata,342,6500,7500,7000
2017-12-21,Apple,17,West Bengal,19,Kolkata,342,7000,8000,7500
2017-12-20,Apple,17,West Bengal,19,Kolkata,342,5500,6500,6300
2017-12-19,Apple,17,West Bengal,19,Kolkata,342,5000,6000,5600
2017-12-18,Apple,17,West Bengal,19,Kolkata,342,6000,7000,6600
2017-12-16,Apple,17,West Bengal,19,Kolkata,342,5000,6000,5500
2017-12-15,Apple,17,West Bengal,19,Kolkata,342,6000,7000,6500
2017-12-14,Apple,17,West Bengal,19,Kolkata,342,6000,7000,6500
2017-12-13,Apple,17,West Bengal,19,Kolkata,342,4500,6000,5400
2017-12-12,Apple,17,West Bengal,19,Kolkata,342,4500,6000,5200
2017-12-11,Apple,17,West Bengal,19,Kolkata,342,4000,5000,4500
2017-12-09,Apple,17,West Bengal,19,Kolkata,342,4000,5000,4500
2017-12-08,Apple,17,West Bengal,19,Kolkata,342,5800,7000,6600
2017-12-07,Apple,17,West Bengal,19,Kolkata,342,5000,6000,5600
2017-12-06,Apple,17,West Bengal,19,Kolkata,342,5000,6000,5500
2017-12-05,Apple,17,West Bengal,19,Kolkata,342,6000,7000,6500
2017-12-04,Apple,17,West Bengal,19,Kolkata,342,6000,7000,6600
2017-12-02,Apple,17,West Bengal,19,Kolkata,342,6500,7500,7100
2017-12-01,Apple,17,West Bengal,19,Kolkata,342,6500,7500,7100
2017-11-30,Apple,17,West Bengal,19,Kolkata,342,6000,7000,6500
2017-11-29,Apple,17,West Bengal,19,Kolkata,342,4500,5700,5300
2017-11-28,Apple,17,West Bengal,19,Kolkata,342,4500,5700,5300
2017-11-27,Apple,17,West Bengal,19,Kolkata,342,4000,5000,4600
2017-11-25,Apple,17,West Bengal,19,Kolkata,342,4500,5500,5200
2017-11-24,Apple,17,West Bengal,19,Kolkata,342,5000,6000,5600
2017-11-23,Apple,17,West Bengal,19,Kolkata,342,4000,5000,4600
2017-11-22,Apple,17,West Bengal,19,Kolkata,342,5000,6000,5700
2017-11-21,Apple,17,West Bengal,19,Kolkata,342,4500,5600,5200
2017-11-20,Apple,17,West Bengal,19,Kolkata,342,4500,5600,5200
2017-11-18,Apple,17,West Bengal,19,Kolkata,342,5000,6000,5500
2017-11-17,Apple,17,West Bengal,19,Kolkata,342,4000,5000,4600
2017-11-16,Apple,17,West Bengal,19,Kolkata,342,5000,6000,5600
2017-11-15,Apple,17,West Bengal,19,Kolkata,342,5400,6600,6300
2017-11-14,Apple,17,West Bengal,19,Kolkata,342,6000,7000,6500
2017-11-13,Apple,17,West Bengal,19,Kolkata,342,6000,7000,6500
2017-11-11,Apple,17,West Bengal,19,Kolkata,342,5000,6000,5600
2017-11-10,Apple,17,West Bengal,19,Kolkata,342,5500,6500,6200
2017-11-09,Apple,17,West Bengal,19,Kolkata,342,6000,7000,6600
2017-11-08,Apple,17,West Bengal,19,Kolkata,342,6000,7000,6700
2017-11-07,Apple,17,West Bengal,19,Kolkata,342,5000,6000,5600
2017-11-06,Apple,17,West Bengal,19,Kolkata,342,7000,8000,7700
2017-11-04,Apple,17,West Bengal,19,Kolkata,342,6000,7500,7000
2017-11-03,Apple,17,West Bengal,19,Kolkata,342,7000,8000,7600
2017-11-02,Apple,17,West Bengal,19,Kolkata,342,7000,8000,7700
2017-11-01,Apple,17,West Bengal,19,Kolkata,342,7000,8000,7600
2017-10-31,Apple,17,West Bengal,19,Kolkata,342,5000,7000,6000
2017-10-30,Apple,17,West Bengal,19,Kolkata,342,7000,9000,8000
2017-10-28,Apple,17,West Bengal,19,Kolkata,342,6000,7000,6500
2017-10-27,Apple,17,West Bengal,19,Kolkata,342,6500,7500,7000
2017-10-26,Apple,17,West Bengal,19,Kolkata,342,7000,8000,7500
2017-10-25,Apple,17,West Bengal,19,Kolkata,342,6000,7000,6500
2017-10-24,Apple,17,West Bengal,19,Kolkata,342,5000,6000,5700
2017-10-23,Apple,17,West Bengal,19,Kolkata,342,5000,6000,5700
2017-10-21,Apple,17,West Bengal,19,Kolkata,342,5000,6000,5500
2017-10-20,Apple,17,West Bengal,19,Kolkata,342,6000,7000,6500
2017-10-19,Apple,17,West Bengal,19,Kolkata,342,5000,6000,5500
2017-10-18,Apple,17,West Bengal,19,Kolkata,342,5000,6000,5500
2017-10-17,Apple,17,West Bengal,19,Kolkata,342,5000,6000,6000
2017-10-16,Apple,17,West Bengal,19,Kolkata,342,5000,6000,6000
2017-10-14,Apple,17,West Bengal,19,Kolkata,342,7000,9000,8000
2017-10-13,Apple,17,West Bengal,19,Kolkata,342,7000,9000,8000
2017-10-12,Apple,17,West Bengal,19,Kolkata,342,6500,8000,7000
2017-10-11,Apple,17,West Bengal,19,Kolkata,342,5000,6000,5500
2017-10-10,Apple,17,West Bengal,19,Kolkata,342,4500,6000,5000
2017-10-07,Apple,17,West Bengal,19,Kolkata,342,4000,6000,5000
2017-10-06,Apple,17,West Bengal,19,Kolkata,342,6500,8000,7000
2017-10-05,Apple,17,West Bengal,19,Kolkata,342,4500,7000,6000
2017-10-04,Apple,17,West Bengal,19,Kolkata,342,6500,8000,7500
2017-10-03,Apple,17,West Bengal,19,Kolkata,342,6000,8000,7000
2017-10-02,Apple,17,West Bengal,19,Kolkata,342,6000,8000,7000
2017-09-29,Apple,17,West Bengal,19,Kolkata,342,6000,8000,7000
2017-09-28,Apple,17,West Bengal,19,Kolkata,342,6000,8000,7000
2017-09-27,Apple,17,West Bengal,19,Kolkata,342,5000,7000,6000
2017-09-26,Apple,17,West Bengal,19,Kolkata,342,5000,7000,6000
2017-09-25,Apple,17,West Bengal,19,Kolkata,342,7000,9000,8000
2017-09-23,Apple,17,West Bengal,19,Kolkata,342,4000,6000,5000
2017-09-22,Apple,17,West Bengal,19,Kolkata,342,4000,6000,5000
2017-09-21,Apple,17,West Bengal,19,Kolkata,342,6000,7000,6500
2017-09-20,Apple,17,West Bengal,19,Kolkata,342,6000,7000,6500
2017-09-19,Apple,17,West Bengal,19,Kolkata,342,6000,8000,7000
2017-09-18,Apple,17,West Bengal,19,Kolkata,342,5500,7000,6500
2017-09-16,Apple,17,West Bengal,19,Kolkata,342,5000,7000,6000
2017-09-15,Apple,17,West Bengal,19,Kolkata,342,7000,9000,8000
2017-09-14,Apple,17,West Bengal,19,Kolkata,342,5000,6000,5500
2017-09-13,Apple,17,West Bengal,19,Kolkata,342,5500,6500,6000
2017-09-12,Apple,17,West Bengal,19,Kolkata,342,5000,6000,5500
2017-09-11,Apple,17,West Bengal,19,Kolkata,342,6500,7500,7000
2017-09-09,Apple,17,West Bengal,19,Kolkata,342,6000,7000,6500
2017-09-08,Apple,17,West Bengal,19,Kolkata,342,6000,7000,6500
2017-09-07,Apple,17,West Bengal,19,Kolkata,342,7000,8000,7500
2017-09-06,Apple,17,West Bengal,19,Kolkata,342,6000,7000,6500
2017-09-05,Apple,17,West Bengal,19,Kolkata,342,7000,8000,7500
2017-09-04,Apple,17,West Bengal,19,Kolkata,342,6000,8000,7000
2017-09-01,Apple,17,West Bengal,19,Kolkata,342,8000,10000,9000
2017-08-31,Apple,17,West Bengal,19,Kolkata,342,6000,7000,6500
2017-08-30,Apple,17,West Bengal,19,Kolkata,342,8000,9000,8500
2017-08-29,Apple,17,West Bengal,19,Kolkata,342,8000,9000,8500
2017-08-28,Apple,17,West Bengal,19,Kolkata,342,7500,8500,8000
2017-08-26,Apple,17,West Bengal,19,Kolkata,342,7500,8500,8000
2017-08-25,Apple,17,West Bengal,19,Kolkata,342,7500,8500,8000
2017-08-24,Apple,17,West Bengal,19,Kolkata,342,7000,9000,8000
2017-08-23,Apple,17,West Bengal,19,Kolkata,342,7000,8500,8000
2017-08-22,Apple,17,West Bengal,19,Kolkata,342,9000,10000,9500
2017-08-21,Apple,17,West Bengal,19,Kolkata,342,9000,10000,9500
2017-08-19,Apple,17,West Bengal,19,Kolkata,342,9000,10000,9500
2017-08-18,Apple,17,West Bengal,19,Kolkata,342,9000,10000,9500
2017-08-17,Apple,17,West Bengal,19,Kolkata,342,9000,10000,9500
2017-08-16,Apple,17,West Bengal,19,Kolkata,342,10000,11500,11000
2017-08-15,Apple,17,West Bengal,19,Kolkata,342,9500,11000,10500
2017-08-14,Apple,17,West Bengal,19,Kolkata,342,10000,11000,10500
2017-08-12,Apple,17,West Bengal,19,Kolkata,342,10000,11000,10500
2017-08-11,Apple,17,West Bengal,19,Kolkata,342,9500,10500,10000
2017-08-10,Apple,17,West Bengal,19,Kolkata,342,9500,10500,10000
2017-08-09,Apple,17,West Bengal,19,Kolkata,342,8000,9000,8500
2017-08-08,Apple,17,West Bengal,19,Kolkata,342,7000,8000,7500
2017-08-07,Apple,17,West Bengal,19,Kolkata,342,7500,8500,8000
2017-08-05,Apple,17,West Bengal,19,Kolkata,342,9500,11000,10500
2017-08-04,Apple,17,West Bengal,19,Kolkata,342,9500,11000,10500
2017-08-03,Apple,17,West Bengal,19,Kolkata,342,9000,10000,9500
2017-08-02,Apple,17,West Bengal,19,Kolkata,342,9500,10500,10000
2017-08-01,Apple,17,West Bengal,19,Kolkata,342,9500,10500,10000
2017-07-31,Apple,17,West Bengal,19,Kolkata,342,9500,11000,10000
2017-07-29,Apple,17,West Bengal,19,Kolkata,342,10000,11000,10500
2017-07-28,Apple,17,West Bengal,19,Kolkata,342,10000,11000,10500
2017-07-27,Apple,17,West Bengal,19,Kolkata,342,9000,10000,9500
2017-07-26,Apple,17,West Bengal,19,Kolkata,342,10000,11500,11000
2017-07-25,Apple,17,West Bengal,19,Kolkata,342,9500,10500,10000
2017-07-24,Apple,17,West Bengal,19,Kolkata,342,9000,10000,9500
2017-07-22,Apple,17,West Bengal,19,Kolkata,342,9000,10000,9500
2017-07-21,Apple,17,West Bengal,19,Kolkata,342,9000,10000,9500
2017-07-20,Apple,17,West Bengal,19,Kolkata,342,9500,11000,10500
2017-07-19,Apple,17,West Bengal,19,Kolkata,342,9000,10500,10000
2017-07-18,Apple,17,West Bengal,19,Kolkata,342,10000,11000,10800
2017-07-17,Apple,17,West Bengal,19,Kolkata,342,10000,11000,10500
2017-07-15,Apple,17,West Bengal,19,Kolkata,342,9500,10500,10000
2017-07-14,Apple,17,West Bengal,19,Kolkata,342,9000,10000,9500
2017-07-13,Apple,17,West Bengal,19,Kolkata,342,10000,11000,10500
2017-07-12,Apple,17,West Bengal,19,Kolkata,342,9000,10000,9500
2017-07-11,Apple,17,West Bengal,19,Kolkata,342,9000,9500,9300
2017-07-10,Apple,17,West Bengal,19,Kolkata,342,9500,10500,10000
2017-07-08,Apple,17,West Bengal,19,Kolkata,342,9200,9700,9500
2017-07-07,Apple,17,West Bengal,19,Kolkata,342,9500,10000,9700
2017-07-06,Apple,17,West Bengal,19,Kolkata,342,9500,10000,9700
2017-07-05,Apple,17,West Bengal,19,Kolkata,342,9000,9200,9200
2017-07-04,Apple,17,West Bengal,19,Kolkata,342,10000,12000,11500
2017-07-03,Apple,17,West Bengal,19,Kolkata,342,10000,12000,11500
2017-07-01,Apple,17,West Bengal,19,Kolkata,342,10000,12000,11500
2017-06-30,Apple,17,West Bengal,19,Kolkata,342,9000,10500,9500
2017-06-29,Apple,17,West Bengal,19,Kolkata,342,10000,12000,11000
2017-06-28,Apple,17,West Bengal,19,Kolkata,342,9500,11000,10000
2017-06-27,Apple,17,West Bengal,19,Kolkata,342,9000,10000,9500
2017-06-26,Apple,17,West Bengal,19,Kolkata,342,10000,11500,10500
2017-06-23,Apple,17,West Bengal,19,Kolkata,342,9500,10500,10000
2017-06-22,Apple,17,West Bengal,19,Kolkata,342,9000,10000,9500
2017-06-21,Apple,17,West Bengal,19,Kolkata,342,9500,11000,10500
2017-06-20,Apple,17,West Bengal,19,Kolkata,342,10000,11000,10500
2017-06-19,Apple,17,West Bengal,19,Kolkata,342,10000,12000,11000
2017-06-16,Apple,17,West Bengal,19,Kolkata,342,9500,11000,10000
2017-06-15,Apple,17,West Bengal,19,Kolkata,342,9500,11000,10000
2017-06-14,Apple,17,West Bengal,19,Kolkata,342,8000,9500,9000
2017-06-13,Apple,17,West Bengal,19,Kolkata,342,8000,9500,9000
2017-06-12,Apple,17,West Bengal,19,Kolkata,342,8000,9500,9000
2017-06-09,Apple,17,West Bengal,19,Kolkata,342,8000,9000,8500
2017-06-08,Apple,17,West Bengal,19,Kolkata,342,9000,10000,9500
2017-06-07,Apple,17,West Bengal,19,Kolkata,342,8000,9500,9000
2017-06-06,Apple,17,West Bengal,19,Kolkata,342,9000,10500,10000
2017-06-05,Apple,17,West Bengal,19,Kolkata,342,8000,9000,8600
2017-06-02,Apple,17,West Bengal,19,Kolkata,342,9000,10000,9600
2017-06-01,Apple,17,West Bengal,19,Kolkata,342,8500,9500,9000
2017-05-31,Apple,17,West Bengal,19,Kolkata,342,8500,10500,9500
2017-05-30,Apple,17,West Bengal,19,Kolkata,342,8000,10000,9000
2017-05-29,Apple,17,West Bengal,19,Kolkata,342,8200,9500,9000
2017-05-26,Apple,17,West Bengal,19,Kolkata,342,7500,9000,8500
2017-05-25,Apple,17,West Bengal,19,Kolkata,342,7500,9000,8500
2017-05-24,Apple,17,West Bengal,19,Kolkata,342,8500,10500,9500
2017-05-23,Apple,17,West Bengal,19,Kolkata,342,9000,11000,10000
2017-05-22,Apple,17,West Bengal,19,Kolkata,342,9000,11000,10000
2017-05-19,Apple,17,West Bengal,19,Kolkata,342,8500,10500,9500
2017-05-18,Apple,17,West Bengal,19,Kolkata,342,9000,12000,10000
2017-05-17,Apple,17,West Bengal,19,Kolkata,342,8000,10000,9000
2017-05-16,Apple,17,West Bengal,19,Kolkata,342,7500,9000,8200
2017-05-15,Apple,17,West Bengal,19,Kolkata,342,7500,9000,8400
2017-05-11,Apple,17,West Bengal,19,Kolkata,342,8200,10000,9200
2017-05-10,Apple,17,West Bengal,19,Kolkata,342,8500,10000,9500
2017-05-09,Apple,17,West Bengal,19,Kolkata,342,8300,9600,9200
2017-05-08,Apple,17,West Bengal,19,Kolkata,342,8300,9600,9100
2017-05-05,Apple,17,West Bengal,19,Kolkata,342,8300,9500,9000
2017-05-04,Apple,17,West Bengal,19,Kolkata,342,8800,10000,9600
2017-05-03,Apple,17,West Bengal,19,Kolkata,342,8500,9500,9000
2017-05-02,Apple,17,West Bengal,19,Kolkata,342,9000,10000,9600
2017-05-01,Apple,17,West Bengal,19,Kolkata,342,9000,10000,9500
2017-04-28,Apple,17,West Bengal,19,Kolkata,342,8000,9000,8500
2017-04-27,Apple,17,West Bengal,19,Kolkata,342,8600,9500,9200
2017-04-26,Apple,17,West Bengal,19,Kolkata,342,9000,10000,9500
2017-04-25,Apple,17,West Bengal,19,Kolkata,342,9000,11000,10500
2017-04-24,Apple,17,West Bengal,19,Kolkata,342,8000,10000,9000
2017-04-21,Apple,17,West Bengal,19,Kolkata,342,8500,10500,9500
2017-04-20,Apple,17,West Bengal,19,Kolkata,342,9200,11000,10500
2017-04-19,Apple,17,West Bengal,19,Kolkata,342,9200,11000,10500
2017-04-18,Apple,17,West Bengal,19,Kolkata,342,8000,10000,9000
2017-04-17,Apple,17,West Bengal,19,Kolkata,342,9000,11000,10000
2017-04-15,Apple,17,West Bengal,19,Kolkata,342,8000,10000,9000
2017-04-14,Apple,17,West Bengal,19,Kolkata,342,8000,10000,9000
2017-04-13,Apple,17,West Bengal,19,Kolkata,342,9000,11000,10000
2017-04-12,Apple,17,West Bengal,19,Kolkata,342,8500,10500,9500
2017-04-11,Apple,17,West Bengal,19,Kolkata,342,9000,11000,10000
2017-04-10,Apple,17,West Bengal,19,Kolkata,342,8000,10000,9000
2017-04-08,Apple,17,West Bengal,19,Kolkata,342,8500,10500,10000
2017-04-07,Apple,17,West Bengal,19,Kolkata,342,8600,10500,10000
2017-04-06,Apple,17,West Bengal,19,Kolkata,342,7600,9000,8500
2017-04-05,Apple,17,West Bengal,19,Kolkata,342,6500,8000,7600
2017-04-04,Apple,17,West Bengal,19,Kolkata,342,8400,10000,9600
2017-04-03,Apple,17,West Bengal,19,Kolkata,342,6000,8000,7000
2017-03-27,Apple,17,West Bengal,19,Kolkata,342,7500,9000,8500
2017-03-25,Apple,17,West Bengal,19,Kolkata,342,8500,10000,9500
2017-03-24,Apple,17,West Bengal,19,Kolkata,342,6000,8000,7000
2017-03-23,Apple,17,West Bengal,19,Kolkata,342,8500,10000,9500
2017-03-22,Apple,17,West Bengal,19,Kolkata,342,6000,8000,7000
2017-03-21,Apple,17,West Bengal,19,Kolkata,342,8500,10000,9500
2017-03-20,Apple,17,West Bengal,19,Kolkata,342,8000,10000,9700
2017-03-18,Apple,17,West Bengal,19,Kolkata,342,7500,9600,9000
2017-03-17,Apple,17,West Bengal,19,Kolkata,342,7000,8800,8000
2017-03-16,Apple,17,West Bengal,19,Kolkata,342,7600,10000,9600
2017-03-15,Apple,17,West Bengal,19,Kolkata,342,7600,10000,9600
2017-03-14,Apple,17,West Bengal,19,Kolkata,342,7300,10000,9500
2017-03-13,Apple,17,West Bengal,19,Kolkata,342,7500,10000,9500
2017-03-11,Apple,17,West Bengal,19,Kolkata,342,6800,8600,7800
2017-03-10,Apple,17,West Bengal,19,Kolkata,342,7400,10000,9400
2017-03-09,Apple,17,West Bengal,19,Kolkata,342,7100,9500,8300
2017-03-08,Apple,17,West Bengal,19,Kolkata,342,7500,10000,9000
2017-03-07,Apple,17,West Bengal,19,Kolkata,342,6500,7500,7000
2017-03-06,Apple,17,West Bengal,19,Kolkata,342,6000,7000,6500
2017-03-04,Apple,17,West Bengal,19,Kolkata,342,7500,9500,8500
2017-03-03,Apple,17,West Bengal,19,Kolkata,342,7500,9500,8500
2017-03-02,Apple,17,West Bengal,19,Kolkata,342,7500,9300,8500
2017-03-01,Apple,17,West Bengal,19,Kolkata,342,7500,9300,8500
2017-02-28,Apple,17,West Bengal,19,Kolkata,342,6300,7100,6600
2017-02-27,Apple,17,West Bengal,19,Kolkata,342,7600,9300,8400
2017-02-25,Apple,17,West Bengal,19,Kolkata,342,7500,9200,8500
2017-02-24,Apple,17,West Bengal,19,Kolkata,342,6300,7000,6600
2017-02-23,Apple,17,West Bengal,19,Kolkata,342,7500,9200,8500
2017-02-21,Apple,17,West Bengal,19,Kolkata,342,6200,6900,6500
2017-02-20,Apple,17,West Bengal,19,Kolkata,342,7200,9000,8200
2017-02-18,Apple,17,West Bengal,19,Kolkata,342,6200,7000,6500
2017-02-17,Apple,17,West Bengal,19,Kolkata,342,6200,7000,6600
2017-02-16,Apple,17,West Bengal,19,Kolkata,342,6200,7000,6500
2017-02-15,Apple,17,West Bengal,19,Kolkata,342,6000,6700,6300
2017-02-14,Apple,17,West Bengal,19,Kolkata,342,6100,6800,6400
2017-02-13,Apple,17,West Bengal,19,Kolkata,342,6100,6800,6400
2017-02-11,Apple,17,West Bengal,19,Kolkata,342,6000,6700,6300
2017-02-10,Apple,17,West Bengal,19,Kolkata,342,6000,6700,6300
2017-02-09,Apple,17,West Bengal,19,Kolkata,342,6000,6700,6300
2017-02-08,Apple,17,West Bengal,19,Kolkata,342,7400,9000,8000
2017-02-07,Apple,17,West Bengal,19,Kolkata,342,5900,6600,6300
2017-02-06,Apple,17,West Bengal,19,Kolkata,342,7500,9000,8200
2017-02-04,Apple,17,West Bengal,19,Kolkata,342,7600,9000,8300
2017-02-03,Apple,17,West Bengal,19,Kolkata,342,6300,7200,6800
2017-02-02,Apple,17,West Bengal,19,Kolkata,342,7600,9000,8300
2017-02-01,Apple,17,West Bengal,19,Kolkata,342,5800,6600,6200
2017-01-31,Apple,17,West Bengal,19,Kolkata,342,5800,6600,6200
2017-01-30,Apple,17,West Bengal,19,Kolkata,342,6000,6800,6400
2017-01-28,Apple,17,West Bengal,19,Kolkata,342,6000,6800,6400
2017-01-27,Apple,17,West Bengal,19,Kolkata,342,7900,9300,8400
2017-01-26,Apple,17,West Bengal,19,Kolkata,342,6000,6800,6400
2017-01-25,Apple,17,West Bengal,19,Kolkata,342,7900,9300,8400
2017-01-24,Apple,17,West Bengal,19,Kolkata,342,6000,6800,6400
2017-01-23,Apple,17,West Bengal,19,Kolkata,342,6600,7500,7100
2017-01-21,Apple,17,West Bengal,19,Kolkata,342,6000,6800,6400
2017-01-20,Apple,17,West Bengal,19,Kolkata,342,8000,9500,8500
2017-01-19,Apple,17,West Bengal,19,Kolkata,342,6000,6800,6500
2017-01-18,Apple,17,West Bengal,19,Kolkata,342,6000,6800,6500
2017-01-17,Apple,17,West Bengal,19,Kolkata,342,6000,6800,6500
2017-01-16,Apple,17,West Bengal,19,Kolkata,342,6600,7000,6800
2017-01-14,Apple,17,West Bengal,19,Kolkata,342,6600,7000,6800
2017-01-13,Apple,17,West Bengal,19,Kolkata,342,5500,6000,5800
2017-01-12,Apple,17,West Bengal,19,Kolkata,342,6600,7000,6800
2017-01-11,Apple,17,West Bengal,19,Kolkata,342,5500,6000,5800
2017-01-10,Apple,17,West Bengal,19,Kolkata,342,7500,9000,8200
2017-01-09,Apple,17,West Bengal,19,Kolkata,342,7600,9000,8500
2017-01-07,Apple,17,West Bengal,19,Kolkata,342,6500,7000,6600
2017-01-06,Apple,17,West Bengal,19,Kolkata,342,5200,6000,5500
2017-01-05,Apple,17,West Bengal,19,Kolkata,342,5300,6000,5500
2017-01-04,Apple,17,West Bengal,19,Kolkata,342,8000,9200,8500
2017-01-03,Apple,17,West Bengal,19,Kolkata,342,6400,7200,6700
2017-01-02,Apple,17,West Bengal,19,Kolkata,342,5100,5600,5300
2016-12-19,Apple,17,West Bengal,19,Kolkata,342,6200,7000,6500
2016-12-17,Apple,17,West Bengal,19,Kolkata,342,7800,8800,8400
2016-12-16,Apple,17,West Bengal,19,Kolkata,342,5100,5600,5300
2016-12-14,Apple,17,West Bengal,19,Kolkata,342,5100,5600,5300
2016-12-13,Apple,17,West Bengal,19,Kolkata,342,6000,7000,6300
2016-12-09,Apple,17,West Bengal,19,Kolkata,342,8000,9000,8500
2016-12-08,Apple,17,West Bengal,19,Kolkata,342,6300,7000,6500
2016-12-07,Apple,17,West Bengal,19,Kolkata,342,5000,5800,5500
2016-12-06,Apple,17,West Bengal,19,Kolkata,342,6200,7000,6500
2016-12-03,Apple,17,West Bengal,19,Kolkata,342,5600,6200,6100
2016-12-02,Apple,17,West Bengal,19,Kolkata,342,4800,5300,5100
2016-12-01,Apple,17,West Bengal,19,Kolkata,342,7300,8000,7500
2016-11-30,Apple,17,West Bengal,19,Kolkata,342,7200,7800,7400
2016-11-29,Apple,17,West Bengal,19,Kolkata,342,5600,6200,6000
2016-11-28,Apple,17,West Bengal,19,Kolkata,342,5000,5400,5100
2016-11-26,Apple,17,West Bengal,19,Kolkata,342,5800,6400,6100
2016-11-25,Apple,17,West Bengal,19,Kolkata,342,5200,5600,5400
2016-11-24,Apple,17,West Bengal,19,Kolkata,342,5200,5600,5400
2016-11-23,Apple,17,West Bengal,19,Kolkata,342,5300,5600,5500
2016-11-22,Apple,17,West Bengal,19,Kolkata,342,7500,7800,7600
2016-11-21,Apple,17,West Bengal,19,Kolkata,342,5600,5700,5600
2016-11-20,Apple,17,West Bengal,19,Kolkata,342,5600,5800,5700
2016-11-19,Apple,17,West Bengal,19,Kolkata,342,5600,5800,5800
2016-11-18,Apple,17,West Bengal,19,Kolkata,342,6500,6600,6500
2016-11-17,Apple,17,West Bengal,19,Kolkata,342,6400,6600,6500
2016-11-15,Apple,17,West Bengal,19,Kolkata,342,5700,5800,5800
2016-11-13,Apple,17,West Bengal,19,Kolkata,342,7600,7800,7800
2016-11-05,Apple,17,West Bengal,19,Kolkata,342,6900,7000,7000
2016-11-04,Apple,17,West Bengal,19,Kolkata,342,5000,5200,5100
2016-11-03,Apple,17,West Bengal,19,Kolkata,342,6900,7100,7000
2016-11-02,Apple,17,West Bengal,19,Kolkata,342,7900,8000,8000
2016-11-01,Apple,17,West Bengal,19,Kolkata,342,7000,7100,7100
2016-10-15,Apple,17,West Bengal,19,Kolkata,342,7800,8000,7800
2016-10-14,Apple,17,West Bengal,19,Kolkata,342,7900,8100,8000
2016-10-13,Apple,17,West Bengal,19,Kolkata,342,7000,7200,7100
2016-10-10,Apple,17,West Bengal,19,Kolkata,342,6700,6800,6800
2016-10-09,Apple,17,West Bengal,19,Kolkata,342,7800,8000,7800
2016-10-08,Apple,17,West Bengal,19,Kolkata,342,5000,5200,5200
2016-10-07,Apple,17,West Bengal,19,Kolkata,342,7900,8000,8000
2016-10-06,Apple,17,West Bengal,19,Kolkata,342,6900,7000,7000
2016-10-05,Apple,17,West Bengal,19,Kolkata,342,7800,8000,8000
2016-10-04,Apple,17,West Bengal,19,Kolkata,342,5200,5400,5400
2016-10-03,Apple,17,West Bengal,19,Kolkata,342,5200,5400,5400
2016-10-02,Apple,17,West Bengal,19,Kolkata,342,5200,5400,5300
2016-10-01,Apple,17,West Bengal,19,Kolkata,342,7000,7100,7000
2016-09-30,Apple,17,West Bengal,19,Kolkata,342,7000,7100,7000
2016-09-29,Apple,17,West Bengal,19,Kolkata,342,7000,7100,7000
2016-09-28,Apple,17,West Bengal,19,Kolkata,342,5500,5600,5500
2016-09-27,Apple,17,West Bengal,19,Kolkata,342,5500,5600,5500
2016-09-26,Apple,17,West Bengal,19,Kolkata,342,8200,8400,8200
2016-09-25,Apple,17,West Bengal,19,Kolkata,342,5500,5600,5600
2016-09-24,Apple,17,West Bengal,19,Kolkata,342,7300,7400,7400
2016-09-23,Apple,17,West Bengal,19,Kolkata,342,8500,8600,8600
2016-09-22,Apple,17,West Bengal,19,Kolkata,342,7400,7500,7500
2016-09-21,Apple,17,West Bengal,19,Kolkata,342,5600,5700,5600
2016-09-20,Apple,17,West Bengal,19,Kolkata,342,7400,7500,7500
2016-09-19,Apple,17,West Bengal,19,Kolkata,342,7600,7700,7600
2016-09-18,Apple,17,West Bengal,19,Kolkata,342,5800,6000,6000
2016-09-17,Apple,17,West Bengal,19,Kolkata,342,7600,7800,7600
2016-09-16,Apple,17,West Bengal,19,Kolkata,342,9000,9200,9000
2016-09-15,Apple,17,West Bengal,19,Kolkata,342,7600,7800,7700
2016-09-14,Apple,17,West Bengal,19,Kolkata,342,8800,8900,8800
2016-09-13,Apple,17,West Bengal,19,Kolkata,342,8800,9000,8800
2016-09-12,Apple,17,West Bengal,19,Kolkata,342,7800,7900,7800
2016-09-11,Apple,17,West Bengal,19,Kolkata,342,7900,7900,7900
2016-09-10,Apple,17,West Bengal,19,Kolkata,342,8800,9000,8800
2016-09-09,Apple,17,West Bengal,19,Kolkata,342,9000,9200,9000
2016-09-08,Apple,17,West Bengal,19,Kolkata,342,7400,7500,7400
2016-09-07,Apple,17,West Bengal,19,Kolkata,342,6400,6500,6400
2016-09-06,Apple,17,West Bengal,19,Kolkata,342,9800,10000,10000
2016-09-05,Apple,17,West Bengal,19,Kolkata,342,9800,10000,10000
2016-09-04,Apple,17,West Bengal,19,Kolkata,342,7400,7500,7400
2016-09-03,Apple,17,West Bengal,19,Kolkata,342,9800,10000,10000
2016-09-01,Apple,17,West Bengal,19,Kolkata,342,10000,10300,10200
2016-08-31,Apple,17,West Bengal,19,Kolkata,342,7500,7600,7500
2016-08-30,Apple,17,West Bengal,19,Kolkata,342,7500,7600,7500
2016-08-29,Apple,17,West Bengal,19,Kolkata,342,10000,10400,10200
2016-08-28,Apple,17,West Bengal,19,Kolkata,342,10000,10400,10100
2016-08-27,Apple,17,West Bengal,19,Kolkata,342,10000,10400,10000
2016-08-26,Apple,17,West Bengal,19,Kolkata,342,9800,10000,9800
2016-08-25,Apple,17,West Bengal,19,Kolkata,342,6500,6600,6600
2016-08-24,Apple,17,West Bengal,19,Kolkata,342,9800,10000,10000
2016-08-23,Apple,17,West Bengal,19,Kolkata,342,9800,10000,10000
2016-08-22,Apple,17,West Bengal,19,Kolkata,342,10100,10200,10100
2016-08-21,Apple,17,West Bengal,19,Kolkata,342,10200,10300,10200
2016-08-20,Apple,17,West Bengal,19,Kolkata,342,10200,10300,10300
2016-08-19,Apple,17,West Bengal,19,Kolkata,342,6800,7000,7000
2016-08-18,Apple,17,West Bengal,19,Kolkata,342,6800,7000,7000
2016-08-17,Apple,17,West Bengal,19,Kolkata,342,8400,8600,8400
2016-08-16,Apple,17,West Bengal,19,Kolkata,342,10200,10400,10200
2016-08-15,Apple,17,West Bengal,19,Kolkata,342,10400,10500,10400
2016-08-14,Apple,17,West Bengal,19,Kolkata,342,10400,10500,10400
2016-08-13,Apple,17,West Bengal,19,Kolkata,342,7000,7200,7200
2016-08-12,Apple,17,West Bengal,19,Kolkata,342,7500,7600,7500
2016-08-11,Apple,17,West Bengal,19,Kolkata,342,9200,9300,9300
2016-08-10,Apple,17,West Bengal,19,Kolkata,342,11000,11300,11300
2016-08-09,Apple,17,West Bengal,19,Kolkata,342,9200,9300,9300
2016-08-08,Apple,17,West Bengal,19,Kolkata,342,7500,7600,7600
2016-08-07,Apple,17,West Bengal,19,Kolkata,342,7500,7600,7600
2016-08-06,Apple,17,West Bengal,19,Kolkata,342,10800,11000,11000
2016-08-05,Apple,17,West Bengal,19,Kolkata,342,9200,9300,9200
2016-08-04,Apple,17,West Bengal,19,Kolkata,342,10700,10800,10800
2016-08-03,Apple,17,West Bengal,19,Kolkata,342,9600,9800,9700
2016-08-02,Apple,17,West Bengal,19,Kolkata,342,8400,8500,8400
2016-08-01,Apple,17,West Bengal,19,Kolkata,342,9700,9800,9800
2016-07-31,Apple,17,West Bengal,19,Kolkata,342,8400,8500,8400
2016-07-30,Apple,17,West Bengal,19,Kolkata,342,11000,11500,11500
2016-07-29,Apple,17,West Bengal,19,Kolkata,342,8200,8500,8400
2016-07-28,Apple,17,West Bengal,19,Kolkata,342,10800,11300,11000
2016-07-27,Apple,17,West Bengal,19,Kolkata,342,9500,9600,9600
2016-07-26,Apple,17,West Bengal,19,Kolkata,342,11000,11200,11000
2016-07-25,Apple,17,West Bengal,19,Kolkata,342,11000,11200,11200
2016-07-24,Apple,17,West Bengal,19,Kolkata,342,9500,9600,9600
2016-07-23,Apple,17,West Bengal,19,Kolkata,342,10700,11000,11000
2016-07-22,Apple,17,West Bengal,19,Kolkata,342,10700,11000,10800
2016-07-21,Apple,17,West Bengal,19,Kolkata,342,7700,7800,7800
2016-07-20,Apple,17,West Bengal,19,Kolkata,342,7700,7800,7700
2016-07-19,Apple,17,West Bengal,19,Kolkata,342,10800,11000,10800
2016-07-18,Apple,17,West Bengal,19,Kolkata,342,9000,9200,9200
2016-07-17,Apple,17,West Bengal,19,Kolkata,342,6800,7000,7000
2016-07-16,Apple,17,West Bengal,19,Kolkata,342,8800,9000,9000
2016-07-15,Apple,17,West Bengal,19,Kolkata,342,10400,10600,10600
2016-07-14,Apple,17,West Bengal,19,Kolkata,342,8500,8600,8600
2016-07-13,Apple,17,West Bengal,19,Kolkata,342,10500,11000,10800
2016-07-12,Apple,17,West Bengal,19,Kolkata,342,6400,6600,6500
2016-07-11,Apple,17,West Bengal,19,Kolkata,342,6500,6700,6600
2016-07-10,Apple,17,West Bengal,19,Kolkata,342,6500,6700,6600
2016-07-09,Apple,17,West Bengal,19,Kolkata,342,10000,11000,11000
2016-07-07,Apple,17,West Bengal,19,Kolkata,342,10000,11000,10000
2016-07-06,Apple,17,West Bengal,19,Kolkata,342,8400,8500,8400
2016-07-05,Apple,17,West Bengal,19,Kolkata,342,6400,6600,6500
2016-07-04,Apple,17,West Bengal,19,Kolkata,342,6400,6600,6500
2016-07-03,Apple,17,West Bengal,19,Kolkata,342,9200,9300,9300
2016-07-02,Apple,17,West Bengal,19,Kolkata,342,8200,8400,8400
2016-07-01,Apple,17,West Bengal,19,Kolkata,342,8200,8400,8400
2016-06-30,Apple,17,West Bengal,19,Kolkata,342,8400,8600,8500
2016-06-29,Apple,17,West Bengal,19,Kolkata,342,9500,9700,9600
2016-06-27,Apple,17,West Bengal,19,Kolkata,342,9800,10000,10000
2016-06-26,Apple,17,West Bengal,19,Kolkata,342,9400,9600,9500
2016-06-25,Apple,17,West Bengal,19,Kolkata,342,9400,9600,9500
2016-06-24,Apple,17,West Bengal,19,Kolkata,342,8400,8600,8500
2016-06-23,Apple,17,West Bengal,19,Kolkata,342,9800,10000,10000
2016-06-22,Apple,17,West Bengal,19,Kolkata,342,7300,7400,7400
2016-06-21,Apple,17,West Bengal,19,Kolkata,342,7200,7400,7400
2016-06-20,Apple,17,West Bengal,19,Kolkata,342,7200,7400,7400
2016-06-17,Apple,17,West Bengal,19,Kolkata,342,7200,7400,7400
2016-06-16,Apple,17,West Bengal,19,Kolkata,342,7600,7800,7600
2016-06-15,Apple,17,West Bengal,19,Kolkata,342,9800,9900,9800
2016-06-14,Apple,17,West Bengal,19,Kolkata,342,7600,7800,7700
2016-06-13,Apple,17,West Bengal,19,Kolkata,342,7600,7800,7800
2016-06-12,Apple,17,West Bengal,19,Kolkata,342,8600,8800,8800
2016-06-11,Apple,17,West Bengal,19,Kolkata,342,9800,10600,10000
2016-06-10,Apple,17,West Bengal,19,Kolkata,342,7700,8000,7800
2016-06-09,Apple,17,West Bengal,19,Kolkata,342,8600,8800,8600
2016-06-08,Apple,17,West Bengal,19,Kolkata,342,8800,9000,8900
2016-06-07,Apple,17,West Bengal,19,Kolkata,342,9800,10000,10000
2016-06-06,Apple,17,West Bengal,19,Kolkata,342,10000,10600,10600
2016-06-05,Apple,17,West Bengal,19,Kolkata,342,10800,11000,11000
2016-06-04,Apple,17,West Bengal,19,Kolkata,342,10000,10200,10200
2016-06-03,Apple,17,West Bengal,19,Kolkata,342,8200,8400,8300
2016-06-02,Apple,17,West Bengal,19,Kolkata,342,9800,10000,9800
2016-06-01,Apple,17,West Bengal,19,Kolkata,342,10000,10600,10600
2016-05-31,Apple,17,West Bengal,19,Kolkata,342,10000,10500,10500
2016-05-30,Apple,17,West Bengal,19,Kolkata,342,8500,8700,8600
2016-05-29,Apple,17,West Bengal,19,Kolkata,342,8700,8900,8800
2016-05-28,Apple,17,West Bengal,19,Kolkata,342,9900,10500,10000
2016-05-27,Apple,17,West Bengal,19,Kolkata,342,8900,9200,9000
2016-05-26,Apple,17,West Bengal,19,Kolkata,342,7700,8000,7800
2016-05-25,Apple,17,West Bengal,19,Kolkata,342,7500,7700,7600
2016-05-24,Apple,17,West Bengal,19,Kolkata,342,8600,8800,8600
2016-05-23,Apple,17,West Bengal,19,Kolkata,342,9400,9700,9500
2016-05-22,Apple,17,West Bengal,19,Kolkata,342,9700,10000,9800
2016-05-21,Apple,17,West Bengal,19,Kolkata,342,8600,8800,8800
2016-05-19,Apple,17,West Bengal,19,Kolkata,342,7500,7700,7600
2016-05-18,Apple,17,West Bengal,19,Kolkata,342,9500,9800,9700
2016-05-17,Apple,17,West Bengal,19,Kolkata,342,7400,7600,7600
2016-05-16,Apple,17,West Bengal,19,Kolkata,342,9600,9800,9700
2016-05-13,Apple,17,West Bengal,19,Kolkata,342,8300,8500,8400
2016-05-12,Apple,17,West Bengal,19,Kolkata,342,8200,8400,8300
2016-05-11,Apple,17,West Bengal,19,Kolkata,342,9800,11000,10500
2016-05-10,Apple,17,West Bengal,19,Kolkata,342,10000,11000,10500
2016-05-09,Apple,17,West Bengal,19,Kolkata,342,9000,9200,9100
2016-05-08,Apple,17,West Bengal,19,Kolkata,342,10400,11000,10500
2016-05-06,Apple,17,West Bengal,19,Kolkata,342,8200,8599,8400
2016-05-05,Apple,17,West Bengal,19,Kolkata,342,9600,9800,9700
2016-05-04,Apple,17,West Bengal,19,Kolkata,342,7700,7900,7800
2016-05-03,Apple,17,West Bengal,19,Kolkata,342,9600,10000,9800
2016-05-02,Apple,17,West Bengal,19,Kolkata,342,10000,11000,10500
2016-05-01,Apple,17,West Bengal,19,Kolkata,342,7500,7700,7600
2016-04-30,Apple,17,West Bengal,19,Kolkata,342,7400,7800,7600
2016-04-29,Apple,17,West Bengal,19,Kolkata,342,8500,8700,8600
2016-04-28,Apple,17,West Bengal,19,Kolkata,342,7500,7700,7600
2016-04-27,Apple,17,West Bengal,19,Kolkata,342,7400,7800,7600
2016-04-26,Apple,17,West Bengal,19,Kolkata,342,7500,7700,7600
2016-04-25,Apple,17,West Bengal,19,Kolkata,342,9800,10000,10000
2016-04-24,Apple,17,West Bengal,19,Kolkata,342,9700,10000,9800
2016-04-23,Apple,17,West Bengal,19,Kolkata,342,7200,7400,7300
2016-04-22,Apple,17,West Bengal,19,Kolkata,342,8200,8600,8400
2016-04-21,Apple,17,West Bengal,19,Kolkata,342,9500,9700,9600
2016-04-20,Apple,17,West Bengal,19,Kolkata,342,9400,9800,9600
2016-04-19,Apple,17,West Bengal,19,Kolkata,342,7100,7300,7200
2016-04-18,Apple,17,West Bengal,19,Kolkata,342,7200,7400,7300
2016-04-16,Apple,17,West Bengal,19,Kolkata,342,8200,8400,8200
2016-04-15,Apple,17,West Bengal,19,Kolkata,342,9800,10000,10000
2016-04-13,Apple,17,West Bengal,19,Kolkata,342,7400,7500,7500
2016-04-12,Apple,17,West Bengal,19,Kolkata,342,7400,7600,7500
2016-04-11,Apple,17,West Bengal,19,Kolkata,342,9800,11500,10000
2016-04-09,Apple,17,West Bengal,19,Kolkata,342,7100,7300,7200
2016-04-08,Apple,17,West Bengal,19,Kolkata,342,9200,9500,9400
2016-04-07,Apple,17,West Bengal,19,Kolkata,342,8100,8300,8200
2016-04-06,Apple,17,West Bengal,19,Kolkata,342,8000,8400,8200
2016-04-05,Apple,17,West Bengal,19,Kolkata,342,7000,7400,7200
2016-04-04,Apple,17,West Bengal,19,Kolkata,342,7200,7400,7300
2016-04-03,Apple,17,West Bengal,19,Kolkata,342,9600,10000,9800
2016-04-02,Apple,17,West Bengal,19,Kolkata,342,7200,7600,7400
2016-04-01,Apple,17,West Bengal,19,Kolkata,342,10000,12000,11000
2016-03-31,Apple,17,West Bengal,19,Kolkata,342,7000,7400,7200
2016-03-30,Apple,17,West Bengal,19,Kolkata,342,9400,9600,9600
2016-03-29,Apple,17,West Bengal,19,Kolkata,342,9400,9500,9500
2016-03-28,Apple,17,West Bengal,19,Kolkata,342,8300,8400,8300
2016-03-27,Apple,17,West Bengal,19,Kolkata,342,7200,7500,7300
2016-03-26,Apple,17,West Bengal,19,Kolkata,342,8100,8400,8200
2016-03-25,Apple,17,West Bengal,19,Kolkata,342,8000,8300,8200
2016-03-22,Apple,17,West Bengal,19,Kolkata,342,6600,6800,6700
2016-03-19,Apple,17,West Bengal,19,Kolkata,342,9500,9700,9600
2016-03-17,Apple,17,West Bengal,19,Kolkata,342,8000,8500,8200
2016-03-16,Apple,17,West Bengal,19,Kolkata,342,6400,6800,6600
2016-03-15,Apple,17,West Bengal,19,Kolkata,342,7800,8000,8000
2016-03-14,Apple,17,West Bengal,19,Kolkata,342,8800,9600,9200
2016-03-13,Apple,17,West Bengal,19,Kolkata,342,6600,7000,6800
2016-03-12,Apple,17,West Bengal,19,Kolkata,342,6600,7000,6800
2016-03-11,Apple,17,West Bengal,19,Kolkata,342,7200,7600,7400
2016-03-10,Apple,17,West Bengal,19,Kolkata,342,7200,7600,7200
2016-03-09,Apple,17,West Bengal,19,Kolkata,342,5600,6600,6200
2016-03-08,Apple,17,West Bengal,19,Kolkata,342,5400,6400,6000
2016-03-04,Apple,17,West Bengal,19,Kolkata,342,5500,6000,6000
2016-03-03,Apple,17,West Bengal,19,Kolkata,342,7000,7500,7000
2016-03-01,Apple,17,West Bengal,19,Kolkata,342,7000,8000,7500
2016-02-29,Apple,17,West Bengal,19,Kolkata,342,8700,9000,8800
2016-02-28,Apple,17,West Bengal,19,Kolkata,342,5400,6200,6000
2016-02-27,Apple,17,West Bengal,19,Kolkata,342,6500,7200,7000
2016-02-26,Apple,17,West Bengal,19,Kolkata,342,8200,8600,8400
2016-02-25,Apple,17,West Bengal,19,Kolkata,342,8200,8500,8400
2016-02-15,Apple,17,West Bengal,19,Kolkata,342,6000,6500,6000
2016-02-13,Apple,17,West Bengal,19,Kolkata,342,8000,8500,8500
2016-02-12,Apple,17,West Bengal,19,Kolkata,342,7000,7500,7500
2016-02-11,Apple,17,West Bengal,19,Kolkata,342,5500,6000,5500
2016-02-10,Apple,17,West Bengal,19,Kolkata,342,6500,7000,6500
2016-02-09,Apple,17,West Bengal,19,Kolkata,342,8000,9000,8800
2016-02-08,Apple,17,West Bengal,19,Kolkata,342,5000,6000,5500
2016-02-07,Apple,17,West Bengal,19,Kolkata,342,5000,6000,5500
2016-02-06,Apple,17,West Bengal,19,Kolkata,342,5000,6000,5500
2016-02-05,Apple,17,West Bengal,19,Kolkata,342,6500,7500,7000
2016-02-04,Apple,17,West Bengal,19,Kolkata,342,5000,6000,5300
2016-02-03,Apple,17,West Bengal,19,Kolkata,342,7800,9000,8500
2016-02-02,Apple,17,West Bengal,19,Kolkata,342,5000,5800,5200
2016-01-29,Apple,17,West Bengal,19,Kolkata,342,7600,8800,8300
2016-01-28,Apple,17,West Bengal,19,Kolkata,342,6300,7200,6800
2016-01-27,Apple,17,West Bengal,19,Kolkata,342,4800,5600,5100
2016-01-22,Apple,17,West Bengal,19,Kolkata,342,6200,7200,6800
2016-01-21,Apple,17,West Bengal,19,Kolkata,342,4600,5500,5000
2016-01-20,Apple,17,West Bengal,19,Kolkata,342,4600,5500,5000
2016-01-19,Apple,17,West Bengal,19,Kolkata,342,7400,8500,8000
2016-01-18,Apple,17,West Bengal,19,Kolkata,342,7400,8500,8000
2016-01-16,Apple,17,West Bengal,19,Kolkata,342,4400,5300,4800
2016-01-14,Apple,17,West Bengal,19,Kolkata,342,6000,7000,6500
2016-01-13,Apple,17,West Bengal,19,Kolkata,342,7400,8400,8000
2016-01-12,Apple,17,West Bengal,19,Kolkata,342,6000,6800,6500
2016-01-11,Apple,17,West Bengal,19,Kolkata,342,4200,5200,4600
2016-01-09,Apple,17,West Bengal,19,Kolkata,342,4000,5200,4600
2016-01-08,Apple,17,West Bengal,19,Kolkata,342,5800,6800,6400
2016-01-07,Apple,17,West Bengal,19,Kolkata,342,5800,6800,6400
2016-01-06,Apple,17,West Bengal,19,Kolkata,342,4000,5000,4500
2016-01-05,Apple,17,West Bengal,19,Kolkata,342,7000,8000,7800
2015-12-31,Apple,17,West Bengal,19,Kolkata,342,4000,5000,4500
2015-12-30,Apple,17,West Bengal,19,Kolkata,342,4000,5000,4500
2015-12-29,Apple,17,West Bengal,19,Kolkata,342,4000,5000,4400
2015-12-23,Apple,17,West Bengal,19,Kolkata,342,4000,5000,4400
2015-12-22,Apple,17,West Bengal,19,Kolkata,342,6800,7800,7200
2015-12-21,Apple,17,West Bengal,19,Kolkata,342,6800,7800,7200
2015-12-19,Apple,17,West Bengal,19,Kolkata,342,6800,7800,7200
2015-12-18,Apple,17,West Bengal,19,Kolkata,342,6800,8000,7300
2015-12-17,Apple,17,West Bengal,19,Kolkata,342,4000,5000,4400
2015-12-16,Apple,17,West Bengal,19,Kolkata,342,5600,6500,6200
2015-12-15,Apple,17,West Bengal,19,Kolkata,342,6800,8000,7300
2015-12-14,Apple,17,West Bengal,19,Kolkata,342,5600,6600,6200
2015-12-12,Apple,17,West Bengal,19,Kolkata,342,6800,8000,7400
2015-12-11,Apple,17,West Bengal,19,Kolkata,342,5600,6600,6200
2015-12-10,Apple,17,West Bengal,19,Kolkata,342,4000,5000,4400
2015-12-09,Apple,17,West Bengal,19,Kolkata,342,5600,6500,6200
2015-12-08,Apple,17,West Bengal,19,Kolkata,342,6600,7500,7200
2015-12-07,Apple,17,West Bengal,19,Kolkata,342,6600,7500,7200
2015-12-05,Apple,17,West Bengal,19,Kolkata,342,3800,5000,4300
2015-12-04,Apple,17,West Bengal,19,Kolkata,342,5400,6300,6000
2015-12-03,Apple,17,West Bengal,19,Kolkata,342,6500,7500,7100
2015-12-02,Apple,17,West Bengal,19,Kolkata,342,4000,5200,4500
2015-12-01,Apple,17,West Bengal,19,Kolkata,342,4000,5200,4500
2015-11-30,Apple,17,West Bengal,19,Kolkata,342,4000,5200,4500
2015-11-28,Apple,17,West Bengal,19,Kolkata,342,5400,6300,6000
2015-11-27,Apple,17,West Bengal,19,Kolkata,342,4200,5200,4500
2015-11-26,Apple,17,West Bengal,19,Kolkata,342,5600,6500,6200
2015-11-25,Apple,17,West Bengal,19,Kolkata,342,5600,6500,6300
2015-11-24,Apple,17,West Bengal,19,Kolkata,342,6800,7600,7200
2015-11-23,Apple,17,West Bengal,19,Kolkata,342,4200,5200,4500
2015-11-21,Apple,17,West Bengal,19,Kolkata,342,7000,7600,7300
2015-11-18,Apple,17,West Bengal,19,Kolkata,342,4300,5200,4600
2015-11-17,Apple,17,West Bengal,19,Kolkata,342,6200,7000,6800
2015-11-16,Apple,17,West Bengal,19,Kolkata,342,6500,7200,7100
2015-11-14,Apple,17,West Bengal,19,Kolkata,342,6600,7400,7200
2015-11-09,Apple,17,West Bengal,19,Kolkata,342,7800,8600,8300
2015-11-07,Apple,17,West Bengal,19,Kolkata,342,7800,8600,8300
2015-11-06,Apple,17,West Bengal,19,Kolkata,342,7800,8800,8300
2015-11-05,Apple,17,West Bengal,19,Kolkata,342,8000,9000,8400
2015-11-04,Apple,17,West Bengal,19,Kolkata,342,5200,6300,5600
2015-11-03,Apple,17,West Bengal,19,Kolkata,342,8500,9800,9000
2015-11-02,Apple,17,West Bengal,19,Kolkata,342,5400,6600,6000
2015-10-30,Apple,17,West Bengal,19,Kolkata,342,7200,8200,7800
2015-10-29,Apple,17,West Bengal,19,Kolkata,342,8400,9500,8800
2015-10-28,Apple,17,West Bengal,19,Kolkata,342,8200,9200,8600
2015-10-16,Apple,17,West Bengal,19,Kolkata,342,4000,5000,4600
2015-10-15,Apple,17,West Bengal,19,Kolkata,342,5800,6600,6200
2015-10-14,Apple,17,West Bengal,19,Kolkata,342,6800,7800,7400
2015-10-13,Apple,17,West Bengal,19,Kolkata,342,6800,7600,7400
2015-10-12,Apple,17,West Bengal,19,Kolkata,342,6800,7600,7400
2015-10-10,Apple,17,West Bengal,19,Kolkata,342,6800,7600,7400
2015-10-09,Apple,17,West Bengal,19,Kolkata,342,3900,4600,4400
2015-10-08,Apple,17,West Bengal,19,Kolkata,342,6600,7500,7300
2015-10-07,Apple,17,West Bengal,19,Kolkata,342,5600,6400,6100
2015-10-06,Apple,17,West Bengal,19,Kolkata,342,3800,4600,4400
2015-10-05,Apple,17,West Bengal,19,Kolkata,342,5500,6300,6000
2015-10-03,Apple,17,West Bengal,19,Kolkata,342,3800,4600,4400
2015-10-02,Apple,17,West Bengal,19,Kolkata,342,3800,4500,4300
2015-10-01,Apple,17,West Bengal,19,Kolkata,342,5400,6100,5800
2015-09-30,Apple,17,West Bengal,19,Kolkata,342,3800,4600,4300
2015-09-29,Apple,17,West Bengal,19,Kolkata,342,5400,6100,5800
2015-09-28,Apple,17,West Bengal,19,Kolkata,342,3800,4600,4200
2015-09-26,Apple,17,West Bengal,19,Kolkata,342,3800,4600,4200
2015-09-24,Apple,17,West Bengal,19,Kolkata,342,6500,7200,6800
2015-09-23,Apple,17,West Bengal,19,Kolkata,342,3800,4600,4200
2015-09-22,Apple,17,West Bengal,19,Kolkata,342,3800,4600,4200
2015-09-21,Apple,17,West Bengal,19,Kolkata,342,6400,7200,6800
2015-09-19,Apple,17,West Bengal,19,Kolkata,342,3800,4600,4200
2015-09-18,Apple,17,West Bengal,19,Kolkata,342,3800,4600,4200
2015-09-17,Apple,17,West Bengal,19,Kolkata,342,5300,6200,5800
2015-09-16,Apple,17,West Bengal,19,Kolkata,342,7000,8000,7500
2015-09-15,Apple,17,West Bengal,19,Kolkata,342,7000,8000,7500
2015-09-14,Apple,17,West Bengal,19,Kolkata,342,5500,6500,6000
2015-09-12,Apple,17,West Bengal,19,Kolkata,342,7000,8000,7600
2015-09-11,Apple,17,West Bengal,19,Kolkata,342,5500,6400,6000
2015-09-10,Apple,17,West Bengal,19,Kolkata,342,4000,5000,4400
2015-09-09,Apple,17,West Bengal,19,Kolkata,342,7000,8200,7600
2015-09-08,Apple,17,West Bengal,19,Kolkata,342,4200,5000,4500
2015-09-07,Apple,17,West Bengal,19,Kolkata,342,4000,5000,4400
2015-09-05,Apple,17,West Bengal,19,Kolkata,342,7200,8200,7800
2015-09-04,Apple,17,West Bengal,19,Kolkata,342,7500,8500,8000
2015-09-03,Apple,17,West Bengal,19,Kolkata,342,4500,5500,5000
2015-09-01,Apple,17,West Bengal,19,Kolkata,342,4300,5500,5000
2015-08-31,Apple,17,West Bengal,19,Kolkata,342,7800,8800,8400
2015-08-29,Apple,17,West Bengal,19,Kolkata,342,6200,7000,6600
2015-08-28,Apple,17,West Bengal,19,Kolkata,342,4500,5600,5000
2015-08-27,Apple,17,West Bengal,19,Kolkata,342,8000,9000,8500
2015-08-26,Apple,17,West Bengal,19,Kolkata,342,6800,7800,7300
2015-08-25,Apple,17,West Bengal,19,Kolkata,342,5600,6600,6000
2015-08-24,Apple,17,West Bengal,19,Kolkata,342,5800,6800,6200
2015-08-22,Apple,17,West Bengal,19,Kolkata,342,8600,10000,9400
2015-08-21,Apple,17,West Bengal,19,Kolkata,342,7200,8200,7800
2015-08-20,Apple,17,West Bengal,19,Kolkata,342,8600,9800,9400
2015-08-19,Apple,17,West Bengal,19,Kolkata,342,8500,9800,9300
2015-08-18,Apple,17,West Bengal,19,Kolkata,342,7200,8000,7600
2015-08-17,Apple,17,West Bengal,19,Kolkata,342,8500,9500,9200
2015-08-14,Apple,17,West Bengal,19,Kolkata,342,7200,8000,7500
2015-08-12,Apple,17,West Bengal,19,Kolkata,342,7000,7800,7300
2015-08-11,Apple,17,West Bengal,19,Kolkata,342,5500,6600,5800
2015-08-10,Apple,17,West Bengal,19,Kolkata,342,7000,7800,7200
2015-08-08,Apple,17,West Bengal,19,Kolkata,342,7000,7800,7200
2015-08-07,Apple,17,West Bengal,19,Kolkata,342,7000,7800,7200
2015-08-06,Apple,17,West Bengal,19,Kolkata,342,5500,6600,6000
2015-08-05,Apple,17,West Bengal,19,Kolkata,342,8500,9800,9300
2015-08-04,Apple,17,West Bengal,19,Kolkata,342,5600,6800,6100
2015-08-03,Apple,17,West Bengal,19,Kolkata,342,8200,9300,8800
2015-07-31,Apple,17,West Bengal,19,Kolkata,342,5500,6400,5800
2015-07-30,Apple,17,West Bengal,19,Kolkata,342,6800,7800,7300
2015-07-29,Apple,17,West Bengal,19,Kolkata,342,5500,6400,5800
2015-07-28,Apple,17,West Bengal,19,Kolkata,342,6800,7800,7300
2015-07-27,Apple,17,West Bengal,19,Kolkata,342,8300,9500,9000
2015-07-25,Apple,17,West Bengal,19,Kolkata,342,7000,8000,7400
2015-07-24,Apple,17,West Bengal,19,Kolkata,342,7000,8000,7500
2015-07-23,Apple,17,West Bengal,19,Kolkata,342,8500,10200,9400
2015-07-22,Apple,17,West Bengal,19,Kolkata,342,7000,8000,7600
2015-07-20,Apple,17,West Bengal,19,Kolkata,342,8500,10000,9300
2015-07-16,Apple,17,West Bengal,19,Kolkata,342,5600,6500,6000
2015-07-15,Apple,17,West Bengal,19,Kolkata,342,7000,8000,7500
2015-07-14,Apple,17,West Bengal,19,Kolkata,342,5600,6500,6000
2015-07-13,Apple,17,West Bengal,19,Kolkata,342,5600,6500,6000
2015-07-11,Apple,17,West Bengal,19,Kolkata,342,8500,10200,9500
2015-07-09,Apple,17,West Bengal,19,Kolkata,342,8500,10200,9300
2015-07-08,Apple,17,West Bengal,19,Kolkata,342,5800,6500,6000
2015-07-07,Apple,17,West Bengal,19,Kolkata,342,8500,10300,9600
2015-07-06,Apple,17,West Bengal,19,Kolkata,342,5800,6500,6000
2015-07-04,Apple,17,West Bengal,19,Kolkata,342,8500,10300,9600
2015-07-03,Apple,17,West Bengal,19,Kolkata,342,5800,6600,6100
2015-07-02,Apple,17,West Bengal,19,Kolkata,342,7200,8000,7500
2015-07-01,Apple,17,West Bengal,19,Kolkata,342,5800,6800,6200
2015-06-30,Apple,17,West Bengal,19,Kolkata,342,7200,8000,7600
2015-06-29,Apple,17,West Bengal,19,Kolkata,342,9000,10600,9800
2015-06-27,Apple,17,West Bengal,19,Kolkata,342,9000,10600,9800
2015-06-26,Apple,17,West Bengal,19,Kolkata,342,9000,10600,10000
2015-06-25,Apple,17,West Bengal,19,Kolkata,342,6000,7000,6300
2015-06-24,Apple,17,West Bengal,19,Kolkata,342,9200,11000,10200
2015-06-23,Apple,17,West Bengal,19,Kolkata,342,9200,11000,10200
2015-06-22,Apple,17,West Bengal,19,Kolkata,342,6000,7000,6300
2015-06-20,Apple,17,West Bengal,19,Kolkata,342,6000,7000,6300
2015-06-19,Apple,17,West Bengal,19,Kolkata,342,7200,8400,7800
2015-06-18,Apple,17,West Bengal,19,Kolkata,342,7300,8500,7800
2015-06-17,Apple,17,West Bengal,19,Kolkata,342,7200,8300,7600
2015-06-16,Apple,17,West Bengal,19,Kolkata,342,9000,10500,10000
2015-06-15,Apple,17,West Bengal,19,Kolkata,342,6000,6800,6300
2015-06-12,Apple,17,West Bengal,19,Kolkata,342,6000,6800,6300
2015-06-11,Apple,17,West Bengal,19,Kolkata,342,6000,6700,6200
2015-06-10,Apple,17,West Bengal,19,Kolkata,342,8800,10200,9800
2015-06-09,Apple,17,West Bengal,19,Kolkata,342,8800,10200,9800
2015-06-08,Apple,17,West Bengal,19,Kolkata,342,6000,6800,6200
2015-06-06,Apple,17,West Bengal,19,Kolkata,342,8800,10500,9800
2015-06-05,Apple,17,West Bengal,19,Kolkata,342,9000,10600,10000
2015-06-04,Apple,17,West Bengal,19,Kolkata,342,7200,8400,7800
2015-06-03,Apple,17,West Bengal,19,Kolkata,342,9000,10600,9800
2015-06-02,Apple,17,West Bengal,19,Kolkata,342,9000,10600,9800
2015-06-01,Apple,17,West Bengal,19,Kolkata,342,7200,8400,7800
2015-05-30,Apple,17,West Bengal,19,Kolkata,342,6000,6800,6300
2015-05-29,Apple,17,West Bengal,19,Kolkata,342,6000,6800,6300
2015-05-28,Apple,17,West Bengal,19,Kolkata,342,9000,10800,10000
2015-05-27,Apple,17,West Bengal,19,Kolkata,342,6000,7000,6300
2015-05-26,Apple,17,West Bengal,19,Kolkata,342,9000,11000,10000
2015-05-25,Apple,17,West Bengal,19,Kolkata,342,7500,8800,8100
2015-05-23,Apple,17,West Bengal,19,Kolkata,342,9200,11300,10000
2015-05-22,Apple,17,West Bengal,19,Kolkata,342,6200,7300,6500
2015-05-21,Apple,17,West Bengal,19,Kolkata,342,7600,9000,8300
2015-05-20,Apple,17,West Bengal,19,Kolkata,342,6000,7200,6300
2015-05-19,Apple,17,West Bengal,19,Kolkata,342,7600,8800,8100
2015-05-18,Apple,17,West Bengal,19,Kolkata,342,9000,11000,10000
2015-05-16,Apple,17,West Bengal,19,Kolkata,342,7800,8800,8200
2015-05-15,Apple,17,West Bengal,19,Kolkata,342,6200,7300,6600
2015-05-14,Apple,17,West Bengal,19,Kolkata,342,8000,9000,8400
2015-05-13,Apple,17,West Bengal,19,Kolkata,342,8000,9000,8500
2015-05-12,Apple,17,West Bengal,19,Kolkata,342,9300,11000,10000
2015-05-11,Apple,17,West Bengal,19,Kolkata,342,9300,11000,10000
2015-05-09,Apple,17,West Bengal,19,Kolkata,342,6200,7500,6700
2015-05-07,Apple,17,West Bengal,19,Kolkata,342,9200,10800,10000
2015-05-06,Apple,17,West Bengal,19,Kolkata,342,7500,8700,8000
2015-05-05,Apple,17,West Bengal,19,Kolkata,342,5500,6800,6000
2015-05-04,Apple,17,West Bengal,19,Kolkata,342,7500,8800,8300
2015-05-02,Apple,17,West Bengal,19,Kolkata,342,9000,10500,10000
2015-04-29,Apple,17,West Bengal,19,Kolkata,342,6000,7000,6400
2015-04-28,Apple,17,West Bengal,19,Kolkata,342,6000,7000,6400
2015-04-27,Apple,17,West Bengal,19,Kolkata,342,6000,7000,6400
2015-04-25,Apple,17,West Bengal,19,Kolkata,342,7500,8800,8300
2015-04-24,Apple,17,West Bengal,19,Kolkata,342,6000,7100,6500
2015-04-23,Apple,17,West Bengal,19,Kolkata,342,7500,8800,8300
2015-04-22,Apple,17,West Bengal,19,Kolkata,342,6000,7000,6500
2015-04-20,Apple,17,West Bengal,19,Kolkata,342,7400,8800,8200
2015-04-18,Apple,17,West Bengal,19,Kolkata,342,9200,10400,10000
2015-04-17,Apple,17,West Bengal,19,Kolkata,342,7400,8800,8300
2015-04-16,Apple,17,West Bengal,19,Kolkata,342,5800,7000,6500
2015-04-14,Apple,17,West Bengal,19,Kolkata,342,9200,10600,10000
2015-04-13,Apple,17,West Bengal,19,Kolkata,342,7400,8800,8400
2015-04-11,Apple,17,West Bengal,19,Kolkata,342,9200,10400,9800
2015-04-10,Apple,17,West Bengal,19,Kolkata,342,9200,10400,9800
2015-04-09,Apple,17,West Bengal,19,Kolkata,342,5600,6800,6200
2015-04-08,Apple,17,West Bengal,19,Kolkata,342,5600,6800,6200
2015-04-07,Apple,17,West Bengal,19,Kolkata,342,9000,10000,9600
2015-04-03,Apple,17,West Bengal,19,Kolkata,342,7000,8500,7800
2015-04-02,Apple,17,West Bengal,19,Kolkata,342,5000,6500,5800
2015-04-01,Apple,17,West Bengal,19,Kolkata,342,9000,10000,9400
2015-03-31,Apple,17,West Bengal,19,Kolkata,342,5000,6500,5800
2015-03-30,Apple,17,West Bengal,19,Kolkata,342,9000,10000,9500
2015-03-28,Apple,17,West Bengal,19,Kolkata,342,5000,6500,5800
2015-03-27,Apple,17,West Bengal,19,Kolkata,342,9000,10000,9500
2015-03-26,Apple,17,West Bengal,19,Kolkata,342,9000,10000,9500
2015-03-25,Apple,17,West Bengal,19,Kolkata,342,5500,6800,6000
2015-03-24,Apple,17,West Bengal,19,Kolkata,342,9000,10500,9800
2015-03-23,Apple,17,West Bengal,19,Kolkata,342,9000,10500,9800
2015-03-21,Apple,17,West Bengal,19,Kolkata,342,5000,6000,5500
2015-03-20,Apple,17,West Bengal,19,Kolkata,342,5000,6000,5500
2015-03-19,Apple,17,West Bengal,19,Kolkata,342,9000,10000,9500
2015-03-18,Apple,17,West Bengal,19,Kolkata,342,7800,8800,8300
2015-03-17,Apple,17,West Bengal,19,Kolkata,342,9000,10000,9500
2015-03-16,Apple,17,West Bengal,19,Kolkata,342,9400,10500,9800
2015-03-14,Apple,17,West Bengal,19,Kolkata,342,5500,6500,6000
2015-03-13,Apple,17,West Bengal,19,Kolkata,342,8000,9000,8700
2015-03-12,Apple,17,West Bengal,19,Kolkata,342,7800,8700,8300
2015-03-11,Apple,17,West Bengal,19,Kolkata,342,9000,10000,9500
2015-03-10,Apple,17,West Bengal,19,Kolkata,342,5000,6400,5700
2015-03-09,Apple,17,West Bengal,19,Kolkata,342,9000,10000,9500
2015-03-04,Apple,17,West Bengal,19,Kolkata,342,9200,10200,9500
2015-03-03,Apple,17,West Bengal,19,Kolkata,342,7800,8600,8200
2015-03-02,Apple,17,West Bengal,19,Kolkata,342,9000,10500,9500
2015-02-27,Apple,17,West Bengal,19,Kolkata,342,7400,8200,7800
2015-02-26,Apple,17,West Bengal,19,Kolkata,342,7300,8000,7600
2015-02-25,Apple,17,West Bengal,19,Kolkata,342,5600,6600,6000
2015-02-24,Apple,17,West Bengal,19,Kolkata,342,5600,6600,6000
2015-02-23,Apple,17,West Bengal,19,Kolkata,342,7000,7800,7400
2015-02-21,Apple,17,West Bengal,19,Kolkata,342,5300,6400,5700
2015-02-20,Apple,17,West Bengal,19,Kolkata,342,7800,9200,8200
2015-02-19,Apple,17,West Bengal,19,Kolkata,342,5200,6400,5700
2015-02-18,Apple,17,West Bengal,19,Kolkata,342,6800,7500,7300
2015-02-17,Apple,17,West Bengal,19,Kolkata,342,5200,6400,5700
2015-02-16,Apple,17,West Bengal,19,Kolkata,342,7600,9000,8100
2015-02-14,Apple,17,West Bengal,19,Kolkata,342,5200,6300,5600
2015-02-13,Apple,17,West Bengal,19,Kolkata,342,5200,6300,5600
2015-02-12,Apple,17,West Bengal,19,Kolkata,342,6600,7400,7100
2015-02-11,Apple,17,West Bengal,19,Kolkata,342,6800,7600,7300
2015-02-10,Apple,17,West Bengal,19,Kolkata,342,7800,9000,8200
2015-02-09,Apple,17,West Bengal,19,Kolkata,342,5300,6400,5800
2015-02-07,Apple,17,West Bengal,19,Kolkata,342,7500,9000,8200
2015-02-06,Apple,17,West Bengal,19,Kolkata,342,7500,9000,8200
2015-02-05,Apple,17,West Bengal,19,Kolkata,342,7400,8800,8000
2015-02-04,Apple,17,West Bengal,19,Kolkata,342,7400,8800,8000
2015-02-03,Apple,17,West Bengal,19,Kolkata,342,5000,5900,5500
2015-02-02,Apple,17,West Bengal,19,Kolkata,342,7100,8800,7700
2015-01-31,Apple,17,West Bengal,19,Kolkata,342,5900,6600,6400
2015-01-30,Apple,17,West Bengal,19,Kolkata,342,4800,5600,5200
2015-01-29,Apple,17,West Bengal,19,Kolkata,342,6800,8400,7400
2015-01-28,Apple,17,West Bengal,19,Kolkata,342,4700,5500,5000
2015-01-27,Apple,17,West Bengal,19,Kolkata,342,6700,8200,7300
2015-01-24,Apple,17,West Bengal,19,Kolkata,342,4500,5400,4800
2015-01-23,Apple,17,West Bengal,19,Kolkata,342,7000,8400,7800
2015-01-22,Apple,17,West Bengal,19,Kolkata,342,5800,6800,6300
2015-01-21,Apple,17,West Bengal,19,Kolkata,342,4000,4800,4200
2015-01-20,Apple,17,West Bengal,19,Kolkata,342,3800,4600,4000
2015-01-19,Apple,17,West Bengal,19,Kolkata,342,3800,4500,4000
2015-01-17,Apple,17,West Bengal,19,Kolkata,342,6400,7300,7000
2015-01-16,Apple,17,West Bengal,19,Kolkata,342,6400,7300,7000
2015-01-15,Apple,17,West Bengal,19,Kolkata,342,3800,4500,4000
2015-01-14,Apple,17,West Bengal,19,Kolkata,342,3800,4500,4100
2015-01-13,Apple,17,West Bengal,19,Kolkata,342,5200,6000,5500
2015-01-12,Apple,17,West Bengal,19,Kolkata,342,6400,7300,7000
2015-01-10,Apple,17,West Bengal,19,Kolkata,342,6500,7400,7000
2015-01-09,Apple,17,West Bengal,19,Kolkata,342,5200,6000,5500
2015-01-08,Apple,17,West Bengal,19,Kolkata,342,5200,6000,5600
2015-01-07,Apple,17,West Bengal,19,Kolkata,342,5200,6000,5600
2015-01-06,Apple,17,West Bengal,19,Kolkata,342,6600,7500,7200
2015-01-05,Apple,17,West Bengal,19,Kolkata,342,5200,6200,5800
2015-01-03,Apple,17,West Bengal,19,Kolkata,342,5400,6200,6000
2015-01-02,Apple,17,West Bengal,19,Kolkata,342,4000,4700,4300
