date,commodity,commodity_id,state,state_id,district,district_id,price_min,price_max,price_modal
2025-10-30,Barley (Jau),29,Rajasthan,8,Jaipur,110,2100,2100,2100
2025-10-29,Barley (Jau),29,Rajasthan,8,Jaipur,110,2300,2400,2350
2025-10-27,Barley (Jau),29,Rajasthan,8,Jaipur,110,2176,2201,2186
2025-10-26,Barley (Jau),29,Rajasthan,8,Jaipur,110,2300,2450,2400
2025-10-25,Barley (Jau),29,Rajasthan,8,Jaipur,110,2200,2300,2250
2025-10-24,Barley (Jau),29,Rajasthan,8,Jaipur,110,2500,2521,2510
2025-10-23,Barley (Jau),29,Rajasthan,8,Jaipur,110,2400,2450,2425
2025-10-18,Barley (Jau),29,Rajasthan,8,Jaipur,110,2151,2201,2176
2025-10-16,Barley (Jau),29,Rajasthan,8,Jaipur,110,2015.5,2195,2117.5
2025-10-15,Barley (Jau),29,Rajasthan,8,Jaipur,110,2195,2195,2195
2025-10-14,Barley (Jau),29,Rajasthan,8,Jaipur,110,2146,2293,2204.3333333333335
2025-10-13,Barley (Jau),29,Rajasthan,8,Jaipur,110,2220,2220,2220
2025-10-12,Barley (Jau),29,Rajasthan,8,Jaipur,110,2300,2350,2325
2025-10-11,Barley (Jau),29,Rajasthan,8,Jaipur,110,1900,2113,2069
2025-10-10,Barley (Jau),29,Rajasthan,8,Jaipur,110,2000,2100,2050
2025-10-09,Barley (Jau),29,Rajasthan,8,Jaipur,110,1817,2330,2073.5
2025-10-08,Barley (Jau),29,Rajasthan,8,Jaipur,110,2061.5,2177.5,2146
2025-10-07,Barley (Jau),29,Rajasthan,8,Jaipur,110,2061,2061,2061
2025-10-06,Barley (Jau),29,Rajasthan,8,Jaipur,110,2000,2182,2091
2025-10-04,Barley (Jau),29,Rajasthan,8,Jaipur,110,2150,2265,2207
2025-10-03,Barley (Jau),29,Rajasthan,8,Jaipur,110,2100,2100,2100
2025-10-01,Barley (Jau),29,Rajasthan,8,Jaipur,110,2174,2210,2192
2025-09-30,Barley (Jau),29,Rajasthan,8,Jaipur,110,2100,2370,2235
2025-09-29,Barley (Jau),29,Rajasthan,8,Jaipur,110,2118.3333333333335,2135,2126.6666666666665
2025-09-28,Barley (Jau),29,Rajasthan,8,Jaipur,110,2000,2200,2100
2025-09-27,Barley (Jau),29,Rajasthan,8,Jaipur,110,2015,2169.5,2115
2025-09-26,Barley (Jau),29,Rajasthan,8,Jaipur,110,2167.5,2181,2170
2025-09-25,Barley (Jau),29,Rajasthan,8,Jaipur,110,2151,2235.5,2170.5
2025-09-24,Barley (Jau),29,Rajasthan,8,Jaipur,110,2221,2290,2255
2025-09-23,Barley (Jau),29,Rajasthan,8,Jaipur,110,2110,2155,2110
2025-09-19,Barley (Jau),29,Rajasthan,8,Jaipur,110,2221,2376,2298
2025-09-18,Barley (Jau),29,Rajasthan,8,Jaipur,110,2252,2252,2252
2025-09-17,Barley (Jau),29,Rajasthan,8,Jaipur,110,2177.5,2370.5,2222
2025-09-16,Barley (Jau),29,Rajasthan,8,Jaipur,110,2261.3333333333335,2265.6666666666665,2263.3333333333335
2025-09-15,Barley (Jau),29,Rajasthan,8,Jaipur,110,2196,2212.3333333333335,2212.3333333333335
2025-09-13,Barley (Jau),29,Rajasthan,8,Jaipur,110,2246,2267,2256
2025-09-12,Barley (Jau),29,Rajasthan,8,Jaipur,110,2287.5,2287.5,2287.5
2025-09-11,Barley (Jau),29,Rajasthan,8,Jaipur,110,2100,2173.6666666666665,2125.3333333333335
2025-09-09,Barley (Jau),29,Rajasthan,8,Jaipur,110,1950.5,2161,2100.5
2025-09-08,Barley (Jau),29,Rajasthan,8,Jaipur,110,2175,2225,2200
2025-09-06,Barley (Jau),29,Rajasthan,8,Jaipur,110,2101,2290,2195
2025-09-05,Barley (Jau),29,Rajasthan,8,Jaipur,110,2100,2100,2100
2025-09-01,Barley (Jau),29,Rajasthan,8,Jaipur,110,2288,2288,2288
2025-08-30,Barley (Jau),29,Rajasthan,8,Jaipur,110,2220,2220,2220
2025-08-29,Barley (Jau),29,Rajasthan,8,Jaipur,110,2100,2321,2210
2025-08-28,Barley (Jau),29,Rajasthan,8,Jaipur,110,2182,2240.2,2211.8
2025-08-27,Barley (Jau),29,Rajasthan,8,Jaipur,110,2200,2231,2215
2025-08-26,Barley (Jau),29,Rajasthan,8,Jaipur,110,2190,2190,2190
2025-08-25,Barley (Jau),29,Rajasthan,8,Jaipur,110,2143,2225,2212.5
2025-08-22,Barley (Jau),29,Rajasthan,8,Jaipur,110,2163,2225,2194
2025-08-21,Barley (Jau),29,Rajasthan,8,Jaipur,110,2240,2328,2284
2025-08-20,Barley (Jau),29,Rajasthan,8,Jaipur,110,2100,2278,2189
2025-08-19,Barley (Jau),29,Rajasthan,8,Jaipur,110,2191,2233.5,2212.25
2025-08-18,Barley (Jau),29,Rajasthan,8,Jaipur,110,2167,2246.6666666666665,2227.3333333333335
2025-08-16,Barley (Jau),29,Rajasthan,8,Jaipur,110,2300,2300,2300
2025-08-14,Barley (Jau),29,Rajasthan,8,Jaipur,110,2232,2371,2301
2025-08-13,Barley (Jau),29,Rajasthan,8,Jaipur,110,2205,2259,2232
2025-08-12,Barley (Jau),29,Rajasthan,8,Jaipur,110,2198.3333333333335,2237,2217.6666666666665
2025-08-11,Barley (Jau),29,Rajasthan,8,Jaipur,110,2157.6666666666665,2203.6666666666665,2184
2025-08-09,Barley (Jau),29,Rajasthan,8,Jaipur,110,2150,2200,2175
2025-08-08,Barley (Jau),29,Rajasthan,8,Jaipur,110,2265,2311,2288
2025-08-07,Barley (Jau),29,Rajasthan,8,Jaipur,110,2100,2191.75,2145.75
2025-08-06,Barley (Jau),29,Rajasthan,8,Jaipur,110,2065.5,2105.5,2085.5
2025-08-05,Barley (Jau),29,Rajasthan,8,Jaipur,110,2045,2129.6,2086.8
2025-08-04,Barley (Jau),29,Rajasthan,8,Jaipur,110,2087.1428571428573,2171,2133.714285714286
2025-08-02,Barley (Jau),29,Rajasthan,8,Jaipur,110,2165.75,2189.75,2180.25
2025-08-01,Barley (Jau),29,Rajasthan,8,Jaipur,110,2196.6666666666665,2219,2205
2025-07-31,Barley (Jau),29,Rajasthan,8,Jaipur,110,2059,2159,2109
2025-07-30,Barley (Jau),29,Rajasthan,8,Jaipur,110,2259,2259,2259
2025-07-29,Barley (Jau),29,Rajasthan,8,Jaipur,110,2081,2200.5,2162.5
2025-07-28,Barley (Jau),29,Rajasthan,8,Jaipur,110,2204.3333333333335,2236.6666666666665,2224.3333333333335
2025-07-27,Barley (Jau),29,Rajasthan,8,Jaipur,110,2100,2150,2125
2025-07-26,Barley (Jau),29,Rajasthan,8,Jaipur,110,2150,2201.5,2175.5
2025-07-25,Barley (Jau),29,Rajasthan,8,Jaipur,110,1996.2,2107.2,2056.6
2025-07-24,Barley (Jau),29,Rajasthan,8,Jaipur,110,2130,2256.5,2193
2025-07-23,Barley (Jau),29,Rajasthan,8,Jaipur,110,2186.6666666666665,2240,2213.3333333333335
2025-07-22,Barley (Jau),29,Rajasthan,8,Jaipur,110,2123,2212.75,2166.5
2025-07-21,Barley (Jau),29,Rajasthan,8,Jaipur,110,2119.25,2151,2133.75
2025-07-19,Barley (Jau),29,Rajasthan,8,Jaipur,110,2144,2194,2169
2025-07-18,Barley (Jau),29,Rajasthan,8,Jaipur,110,2036.6666666666667,2180.6666666666665,2123.6666666666665
2025-07-17,Barley (Jau),29,Rajasthan,8,Jaipur,110,2031.6666666666667,2106.6666666666665,2077.3333333333335
2025-07-16,Barley (Jau),29,Rajasthan,8,Jaipur,110,2012.2,2106,2069
2025-07-14,Barley (Jau),29,Rajasthan,8,Jaipur,110,2085.3333333333335,2140.8333333333335,2117.8333333333335
2025-07-12,Barley (Jau),29,Rajasthan,8,Jaipur,110,2057.3333333333335,2061,2057.3333333333335
2025-07-11,Barley (Jau),29,Rajasthan,8,Jaipur,110,2033.6666666666667,2099.6666666666665,2090
2025-07-10,Barley (Jau),29,Rajasthan,8,Jaipur,110,2107.5,2107.5,2107.5
2025-07-09,Barley (Jau),29,Rajasthan,8,Jaipur,110,2056.6666666666665,2097.3333333333335,2078
2025-07-08,Barley (Jau),29,Rajasthan,8,Jaipur,110,2025,2116.25,2075
2025-07-07,Barley (Jau),29,Rajasthan,8,Jaipur,110,2065,2085,2075
2025-07-06,Barley (Jau),29,Rajasthan,8,Jaipur,110,2000,2050,2025
2025-07-05,Barley (Jau),29,Rajasthan,8,Jaipur,110,1952.5,2143.5,2124.5
2025-07-04,Barley (Jau),29,Rajasthan,8,Jaipur,110,2066,2138.2,2118.6
2025-07-03,Barley (Jau),29,Rajasthan,8,Jaipur,110,2078.3333333333335,2120.3333333333335,2103.3333333333335
2025-07-02,Barley (Jau),29,Rajasthan,8,Jaipur,110,2126.6666666666665,2175,2150
2025-07-01,Barley (Jau),29,Rajasthan,8,Jaipur,110,2100,2148,2124
2025-06-30,Barley (Jau),29,Rajasthan,8,Jaipur,110,2078.8571428571427,2152.285714285714,2115.5714285714284
2025-06-29,Barley (Jau),29,Rajasthan,8,Jaipur,110,2100,2150,2125
2025-06-28,Barley (Jau),29,Rajasthan,8,Jaipur,110,2050,2131,2090
2025-06-27,Barley (Jau),29,Rajasthan,8,Jaipur,110,2012.5,2090,2057.5
2025-06-26,Barley (Jau),29,Rajasthan,8,Jaipur,110,2072.6666666666665,2117.3333333333335,2095
2025-06-25,Barley (Jau),29,Rajasthan,8,Jaipur,110,2060,2096.6666666666665,2078.3333333333335
2025-06-24,Barley (Jau),29,Rajasthan,8,Jaipur,110,2086.6666666666665,2103.3333333333335,2095
2025-06-23,Barley (Jau),29,Rajasthan,8,Jaipur,110,2050,2071.6666666666665,2061
2025-06-22,Barley (Jau),29,Rajasthan,8,Jaipur,110,2075,2125,2100
2025-06-21,Barley (Jau),29,Rajasthan,8,Jaipur,110,2136.25,2192.5,2156.25
2025-06-20,Barley (Jau),29,Rajasthan,8,Jaipur,110,2143.3333333333335,2225,2183.3333333333335
2025-06-19,Barley (Jau),29,Rajasthan,8,Jaipur,110,2085,2137,2111
2025-06-18,Barley (Jau),29,Rajasthan,8,Jaipur,110,2103,2179.5,2139.75
2025-06-17,Barley (Jau),29,Rajasthan,8,Jaipur,110,2062,2195,2135
2025-06-16,Barley (Jau),29,Rajasthan,8,Jaipur,110,2125.4,2181.2,2150.8
2025-06-14,Barley (Jau),29,Rajasthan,8,Jaipur,110,2103.3333333333335,2182,2148.3333333333335
2025-06-13,Barley (Jau),29,Rajasthan,8,Jaipur,110,2089,2172.25,2142.5
2025-06-12,Barley (Jau),29,Rajasthan,8,Jaipur,110,2116.25,2192,2154.75
2025-06-11,Barley (Jau),29,Rajasthan,8,Jaipur,110,2031,2152,2091
2025-06-10,Barley (Jau),29,Rajasthan,8,Jaipur,110,2109,2221.25,2178.25
2025-06-09,Barley (Jau),29,Rajasthan,8,Jaipur,110,2046.6,2142,2108.2
2025-06-08,Barley (Jau),29,Rajasthan,8,Jaipur,110,2000,2100,2050
2025-06-07,Barley (Jau),29,Rajasthan,8,Jaipur,110,2010,2103,2076.5
2025-06-06,Barley (Jau),29,Rajasthan,8,Jaipur,110,2050,2129.3333333333335,2093.6666666666665
2025-06-05,Barley (Jau),29,Rajasthan,8,Jaipur,110,2117.75,2158.25,2139.25
2025-06-04,Barley (Jau),29,Rajasthan,8,Jaipur,110,2092.1428571428573,2185,2154.714285714286
2025-06-03,Barley (Jau),29,Rajasthan,8,Jaipur,110,2116,2179.8333333333335,2149.1666666666665
2025-06-02,Barley (Jau),29,Rajasthan,8,Jaipur,110,2112.5714285714284,2173.285714285714,2144
2025-06-01,Barley (Jau),29,Rajasthan,8,Jaipur,110,2150,2200,2175
2025-05-31,Barley (Jau),29,Rajasthan,8,Jaipur,110,2073.2,2210.6,2163.6
2025-05-30,Barley (Jau),29,Rajasthan,8,Jaipur,110,2065.8571428571427,2186.8571428571427,2137.8571428571427
2025-05-29,Barley (Jau),29,Rajasthan,8,Jaipur,110,2111.5,2267.75,2210.75
2025-05-28,Barley (Jau),29,Rajasthan,8,Jaipur,110,2084,2210,2166
2025-05-27,Barley (Jau),29,Rajasthan,8,Jaipur,110,2102.75,2209.5,2184.25
2025-05-26,Barley (Jau),29,Rajasthan,8,Jaipur,110,2106.625,2201.875,2158.875
2025-05-25,Barley (Jau),29,Rajasthan,8,Jaipur,110,2200,2250,2225
2025-05-24,Barley (Jau),29,Rajasthan,8,Jaipur,110,2124,2243,2184
2025-05-23,Barley (Jau),29,Rajasthan,8,Jaipur,110,2138.125,2289.875,2225.75
2025-05-22,Barley (Jau),29,Rajasthan,8,Jaipur,110,2100.1428571428573,2256.5714285714284,2183.8571428571427
2025-05-21,Barley (Jau),29,Rajasthan,8,Jaipur,110,2142.1428571428573,2262.5714285714284,2192.4285714285716
2025-05-20,Barley (Jau),29,Rajasthan,8,Jaipur,110,2150.75,2268.875,2209.25
2025-05-19,Barley (Jau),29,Rajasthan,8,Jaipur,110,2124.1666666666665,2268.6666666666665,2215
2025-05-18,Barley (Jau),29,Rajasthan,8,Jaipur,110,2300,2350,2325
2025-05-17,Barley (Jau),29,Rajasthan,8,Jaipur,110,2205.714285714286,2303.285714285714,2267.4285714285716
2025-05-16,Barley (Jau),29,Rajasthan,8,Jaipur,110,2165.125,2287.875,2241.125
2025-05-15,Barley (Jau),29,Rajasthan,8,Jaipur,110,2212.6666666666665,2310.6666666666665,2275.6666666666665
2025-05-14,Barley (Jau),29,Rajasthan,8,Jaipur,110,2238.3333333333335,2355,2306.1666666666665
2025-05-13,Barley (Jau),29,Rajasthan,8,Jaipur,110,2246.6666666666665,2337,2304.3333333333335
2025-05-12,Barley (Jau),29,Rajasthan,8,Jaipur,110,2199.285714285714,2307.285714285714,2265.8571428571427
2025-05-11,Barley (Jau),29,Rajasthan,8,Jaipur,110,2350,2400,2375
2025-05-10,Barley (Jau),29,Rajasthan,8,Jaipur,110,2242.8571428571427,2333.5714285714284,2289.5714285714284
2025-05-09,Barley (Jau),29,Rajasthan,8,Jaipur,110,2175.8571428571427,2343,2280.8571428571427
2025-05-08,Barley (Jau),29,Rajasthan,8,Jaipur,110,2222.1428571428573,2308.714285714286,2275.8571428571427
2025-05-07,Barley (Jau),29,Rajasthan,8,Jaipur,110,2227.2,2326.8,2294.2
2025-05-06,Barley (Jau),29,Rajasthan,8,Jaipur,110,2215.125,2320.875,2284.75
2025-05-05,Barley (Jau),29,Rajasthan,8,Jaipur,110,2250,2381,2336.8571428571427
2025-05-03,Barley (Jau),29,Rajasthan,8,Jaipur,110,2087,2306,2238
2025-05-02,Barley (Jau),29,Rajasthan,8,Jaipur,110,2135,2389.5,2300
2025-05-01,Barley (Jau),29,Rajasthan,8,Jaipur,110,2262.5,2328.75,2299.25
2025-04-30,Barley (Jau),29,Rajasthan,8,Jaipur,110,2233.75,2305.25,2275.875
2025-04-29,Barley (Jau),29,Rajasthan,8,Jaipur,110,2211.4285714285716,2342.4285714285716,2270.4285714285716
2025-04-28,Barley (Jau),29,Rajasthan,8,Jaipur,110,2200,2345.3333333333335,2297
2025-04-27,Barley (Jau),29,Rajasthan,8,Jaipur,110,2250,2300,2275
2025-04-26,Barley (Jau),29,Rajasthan,8,Jaipur,110,2215.875,2309.75,2276.375
2025-04-25,Barley (Jau),29,Rajasthan,8,Jaipur,110,2174.285714285714,2308.714285714286,2253.285714285714
2025-04-24,Barley (Jau),29,Rajasthan,8,Jaipur,110,2136.4285714285716,2320.5714285714284,2249.285714285714
2025-04-23,Barley (Jau),29,Rajasthan,8,Jaipur,110,2133.3333333333335,2333.6666666666665,2250.8333333333335
2025-04-22,Barley (Jau),29,Rajasthan,8,Jaipur,110,2136.875,2275.125,2218.5
2025-04-21,Barley (Jau),29,Rajasthan,8,Jaipur,110,2125,2238.714285714286,2184.5714285714284
2025-04-20,Barley (Jau),29,Rajasthan,8,Jaipur,110,2133.3333333333335,2183.3333333333335,2158.3333333333335
2025-04-19,Barley (Jau),29,Rajasthan,8,Jaipur,110,2124.1666666666665,2263.8333333333335,2213.6666666666665
2025-04-18,Barley (Jau),29,Rajasthan,8,Jaipur,110,2107.1428571428573,2249.714285714286,2205.714285714286
2025-04-17,Barley (Jau),29,Rajasthan,8,Jaipur,110,1996,2191.6,2116
2025-04-16,Barley (Jau),29,Rajasthan,8,Jaipur,110,2070.375,2203.5,2153.125
2025-04-15,Barley (Jau),29,Rajasthan,8,Jaipur,110,1995.2,2174.4,2104
2025-04-14,Barley (Jau),29,Rajasthan,8,Jaipur,110,2040.142857142857,2202.8571428571427,2142.1428571428573
2025-04-12,Barley (Jau),29,Rajasthan,8,Jaipur,110,2022.75,2182.5,2122
2025-04-11,Barley (Jau),29,Rajasthan,8,Jaipur,110,1922.6,2137.2,2067
2025-04-10,Barley (Jau),29,Rajasthan,8,Jaipur,110,2046.6666666666667,2215.3333333333335,2140.6666666666665
2025-04-09,Barley (Jau),29,Rajasthan,8,Jaipur,110,1966.6666666666667,2228.3333333333335,2138.3333333333335
2025-04-08,Barley (Jau),29,Rajasthan,8,Jaipur,110,2065.25,2171,2128
2025-04-07,Barley (Jau),29,Rajasthan,8,Jaipur,110,2044.857142857143,2193.8571428571427,2127.714285714286
2025-04-06,Barley (Jau),29,Rajasthan,8,Jaipur,110,2100,2150,2125
2025-04-05,Barley (Jau),29,Rajasthan,8,Jaipur,110,1980.625,2113.75,2063.5
2025-04-04,Barley (Jau),29,Rajasthan,8,Jaipur,110,1988.625,2113.75,2063.125
2025-04-03,Barley (Jau),29,Rajasthan,8,Jaipur,110,1967.875,2086.625,2036.25
2025-04-02,Barley (Jau),29,Rajasthan,8,Jaipur,110,1959.375,2069.125,2021.875
2025-04-01,Barley (Jau),29,Rajasthan,8,Jaipur,110,2020,2091,2065
2025-03-31,Barley (Jau),29,Rajasthan,8,Jaipur,110,1990,2095,2065
2025-03-30,Barley (Jau),29,Rajasthan,8,Jaipur,110,1900,2050,2000
2025-03-29,Barley (Jau),29,Rajasthan,8,Jaipur,110,1953.75,2079.75,2021.75
2025-03-28,Barley (Jau),29,Rajasthan,8,Jaipur,110,1946.6666666666667,2033.5,1994.6666666666667
2025-03-27,Barley (Jau),29,Rajasthan,8,Jaipur,110,1932.5,2052.6666666666665,1997.6666666666667
2025-03-26,Barley (Jau),29,Rajasthan,8,Jaipur,110,1925,2057.5,2001.5
2025-03-25,Barley (Jau),29,Rajasthan,8,Jaipur,110,1949.25,2043,1999.875
2025-03-24,Barley (Jau),29,Rajasthan,8,Jaipur,110,1911.625,2044.375,1981.375
2025-03-23,Barley (Jau),29,Rajasthan,8,Jaipur,110,1950,2000,1975
2025-03-22,Barley (Jau),29,Rajasthan,8,Jaipur,110,1885.1666666666667,2008,1943.8333333333333
2025-03-21,Barley (Jau),29,Rajasthan,8,Jaipur,110,1922.2,2039.6,1987
2025-03-20,Barley (Jau),29,Rajasthan,8,Jaipur,110,1880,1999.3333333333333,1928.3333333333333
2025-03-19,Barley (Jau),29,Rajasthan,8,Jaipur,110,1849.3333333333333,2030.3333333333333,1945.8333333333333
2025-03-18,Barley (Jau),29,Rajasthan,8,Jaipur,110,1889.3333333333333,2034.8333333333333,1965.8333333333333
2025-03-17,Barley (Jau),29,Rajasthan,8,Jaipur,110,1900,2055.2,1986.4
2025-03-16,Barley (Jau),29,Rajasthan,8,Jaipur,110,1875,1925,1900
2025-03-15,Barley (Jau),29,Rajasthan,8,Jaipur,110,1799.3333333333333,2024.3333333333333,1960
2025-03-12,Barley (Jau),29,Rajasthan,8,Jaipur,110,1994.5,2188,2071
2025-03-11,Barley (Jau),29,Rajasthan,8,Jaipur,110,2092,2188.285714285714,2144.8571428571427
2025-03-10,Barley (Jau),29,Rajasthan,8,Jaipur,110,2031.5,2260.75,2148.75
2025-03-08,Barley (Jau),29,Rajasthan,8,Jaipur,110,2081,2192.3333333333335,2153.3333333333335
2025-03-07,Barley (Jau),29,Rajasthan,8,Jaipur,110,1954.3333333333333,2218,2107.6666666666665
2025-03-06,Barley (Jau),29,Rajasthan,8,Jaipur,110,2016.3333333333333,2134,2108.3333333333335
2025-03-05,Barley (Jau),29,Rajasthan,8,Jaipur,110,1952.6666666666667,2333.6666666666665,2143
2025-03-04,Barley (Jau),29,Rajasthan,8,Jaipur,110,1800,2310.5,2085
2025-03-03,Barley (Jau),29,Rajasthan,8,Jaipur,110,1600,1600,1600
2025-02-28,Barley (Jau),29,Rajasthan,8,Jaipur,110,1800,2000,1850
2025-02-21,Barley (Jau),29,Rajasthan,8,Jaipur,110,1876,1876,1876
2025-02-20,Barley (Jau),29,Rajasthan,8,Jaipur,110,2105,2140,2122
2025-02-15,Barley (Jau),29,Rajasthan,8,Jaipur,110,2406,2406,2406
2025-02-14,Barley (Jau),29,Rajasthan,8,Jaipur,110,2160,2160,2160
2025-02-13,Barley (Jau),29,Rajasthan,8,Jaipur,110,2100,2300,2200
2025-02-12,Barley (Jau),29,Rajasthan,8,Jaipur,110,2066,2450,2258
2025-02-11,Barley (Jau),29,Rajasthan,8,Jaipur,110,2401,2401,2401
2025-02-09,Barley (Jau),29,Rajasthan,8,Jaipur,110,2000,2200,2100
2025-02-08,Barley (Jau),29,Rajasthan,8,Jaipur,110,2220,2220,2220
2025-02-07,Barley (Jau),29,Rajasthan,8,Jaipur,110,2250,2413,2331
2025-02-05,Barley (Jau),29,Rajasthan,8,Jaipur,110,2250,2250,2250
2025-02-04,Barley (Jau),29,Rajasthan,8,Jaipur,110,2460,2460,2460
2025-02-03,Barley (Jau),29,Rajasthan,8,Jaipur,110,2450,2450,2450
2025-01-31,Barley (Jau),29,Rajasthan,8,Jaipur,110,2040,2140,2106.6666666666665
2025-01-30,Barley (Jau),29,Rajasthan,8,Jaipur,110,2260.5,2260.5,2260.5
2025-01-29,Barley (Jau),29,Rajasthan,8,Jaipur,110,2165,2165,2165
2025-01-25,Barley (Jau),29,Rajasthan,8,Jaipur,110,2350,2350,2350
2025-01-21,Barley (Jau),29,Rajasthan,8,Jaipur,110,2060,2333,2196
2025-01-20,Barley (Jau),29,Rajasthan,8,Jaipur,110,2181,2181,2181
2025-01-18,Barley (Jau),29,Rajasthan,8,Jaipur,110,2268,2268,2268
2025-01-15,Barley (Jau),29,Rajasthan,8,Jaipur,110,1900,2281,2090
2025-01-13,Barley (Jau),29,Rajasthan,8,Jaipur,110,2015,2300,2157
2025-01-08,Barley (Jau),29,Rajasthan,8,Jaipur,110,2481,2481,2481
2025-01-06,Barley (Jau),29,Rajasthan,8,Jaipur,110,2276,2450,2363
2025-01-04,Barley (Jau),29,Rajasthan,8,Jaipur,110,2042,2220,2168.5
2025-01-03,Barley (Jau),29,Rajasthan,8,Jaipur,110,2001,2280,2280
2025-01-02,Barley (Jau),29,Rajasthan,8,Jaipur,110,2150,2150,2150
2024-12-30,Barley (Jau),29,Rajasthan,8,Jaipur,110,2336,2336,2336
2024-12-27,Barley (Jau),29,Rajasthan,8,Jaipur,110,2400,2400,2400
2024-12-26,Barley (Jau),29,Rajasthan,8,Jaipur,110,2190,2360,2275
2024-12-13,Barley (Jau),29,Rajasthan,8,Jaipur,110,2235,2297.5,2266.25
2024-12-12,Barley (Jau),29,Rajasthan,8,Jaipur,110,2112,2162,2162
2024-12-11,Barley (Jau),29,Rajasthan,8,Jaipur,110,2050,2275,2200
2024-12-10,Barley (Jau),29,Rajasthan,8,Jaipur,110,2200,2200,2200
2024-12-09,Barley (Jau),29,Rajasthan,8,Jaipur,110,2183.3333333333335,2284.3333333333335,2232.3333333333335
2024-12-07,Barley (Jau),29,Rajasthan,8,Jaipur,110,2235,2235,2235
2024-12-06,Barley (Jau),29,Rajasthan,8,Jaipur,110,2250,2260.5,2255
2024-12-05,Barley (Jau),29,Rajasthan,8,Jaipur,110,2181,2181,2181
2024-12-04,Barley (Jau),29,Rajasthan,8,Jaipur,110,2235,2355,2295
2024-12-03,Barley (Jau),29,Rajasthan,8,Jaipur,110,1960,2278.6666666666665,2177.3333333333335
2024-12-02,Barley (Jau),29,Rajasthan,8,Jaipur,110,2233.3333333333335,2406.6666666666665,2320
2024-12-01,Barley (Jau),29,Rajasthan,8,Jaipur,110,2200,2500,2350
2024-11-30,Barley (Jau),29,Rajasthan,8,Jaipur,110,2385,2385,2385
2024-11-29,Barley (Jau),29,Rajasthan,8,Jaipur,110,2337.5,2340,2338.5
2024-11-28,Barley (Jau),29,Rajasthan,8,Jaipur,110,2173.3333333333335,2381.3333333333335,2266.6666666666665
2024-11-27,Barley (Jau),29,Rajasthan,8,Jaipur,110,2100,2253,2170
2024-11-26,Barley (Jau),29,Rajasthan,8,Jaipur,110,2490,2490,2490
2024-11-25,Barley (Jau),29,Rajasthan,8,Jaipur,110,2333,2392,2375
2024-11-24,Barley (Jau),29,Rajasthan,8,Jaipur,110,2200,2400,2300
2024-11-23,Barley (Jau),29,Rajasthan,8,Jaipur,110,2491,2491,2491
2024-11-22,Barley (Jau),29,Rajasthan,8,Jaipur,110,2000,2372,2186
2024-11-21,Barley (Jau),29,Rajasthan,8,Jaipur,110,2100,2875,2487
2024-11-20,Barley (Jau),29,Rajasthan,8,Jaipur,110,2100,2360,2260
2024-11-19,Barley (Jau),29,Rajasthan,8,Jaipur,110,2055,2550,2302
2024-11-18,Barley (Jau),29,Rajasthan,8,Jaipur,110,2130,2415,2260
2024-11-16,Barley (Jau),29,Rajasthan,8,Jaipur,110,2313,2482.5,2375.5
2024-11-15,Barley (Jau),29,Rajasthan,8,Jaipur,110,2193.6666666666665,2210.3333333333335,2202
2024-11-14,Barley (Jau),29,Rajasthan,8,Jaipur,110,1900,2058.3333333333335,2000
2024-11-13,Barley (Jau),29,Rajasthan,8,Jaipur,110,2200,2200,2200
2024-11-12,Barley (Jau),29,Rajasthan,8,Jaipur,110,2183.6666666666665,2297.6666666666665,2249
2024-11-11,Barley (Jau),29,Rajasthan,8,Jaipur,110,2275,2384,2320
2024-11-10,Barley (Jau),29,Rajasthan,8,Jaipur,110,2200,2400,2300
2024-11-09,Barley (Jau),29,Rajasthan,8,Jaipur,110,2100,2411,2255
2024-11-08,Barley (Jau),29,Rajasthan,8,Jaipur,110,2192,2362.5,2277
2024-11-07,Barley (Jau),29,Rajasthan,8,Jaipur,110,2050,2160,2130
2024-11-06,Barley (Jau),29,Rajasthan,8,Jaipur,110,2050,2260,2122.5
2024-11-05,Barley (Jau),29,Rajasthan,8,Jaipur,110,2077.3333333333335,2208.6666666666665,2158.6666666666665
2024-11-04,Barley (Jau),29,Rajasthan,8,Jaipur,110,2245,2330,2250
2024-10-28,Barley (Jau),29,Rajasthan,8,Jaipur,110,2100,2350,2225
2024-10-27,Barley (Jau),29,Rajasthan,8,Jaipur,110,2200,2200,2200
2024-10-26,Barley (Jau),29,Rajasthan,8,Jaipur,110,2078.3333333333335,2155.6666666666665,2111.6666666666665
2024-10-25,Barley (Jau),29,Rajasthan,8,Jaipur,110,1925,2175,2091.25
2024-10-24,Barley (Jau),29,Rajasthan,8,Jaipur,110,1863.3333333333333,2195.3333333333335,2090.6666666666665
2024-10-23,Barley (Jau),29,Rajasthan,8,Jaipur,110,2087,2123.6666666666665,2100
2024-10-22,Barley (Jau),29,Rajasthan,8,Jaipur,110,1950,2225.5,2150
2024-10-21,Barley (Jau),29,Rajasthan,8,Jaipur,110,1900,2125,2075
2024-10-19,Barley (Jau),29,Rajasthan,8,Jaipur,110,2125,2191,2157.5
2024-10-18,Barley (Jau),29,Rajasthan,8,Jaipur,110,2050,2150,2150
2024-10-17,Barley (Jau),29,Rajasthan,8,Jaipur,110,2075,2175,2125
2024-10-16,Barley (Jau),29,Rajasthan,8,Jaipur,110,1975,2190.5,2145
2024-10-15,Barley (Jau),29,Rajasthan,8,Jaipur,110,1810,1810,1810
2024-10-14,Barley (Jau),29,Rajasthan,8,Jaipur,110,1993.3333333333333,2176.6666666666665,2126.6666666666665
2024-10-13,Barley (Jau),29,Rajasthan,8,Jaipur,110,2000,2200,2100
2024-10-11,Barley (Jau),29,Rajasthan,8,Jaipur,110,2125,2125,2125
2024-10-10,Barley (Jau),29,Rajasthan,8,Jaipur,110,2000,2100,2050
2024-10-09,Barley (Jau),29,Rajasthan,8,Jaipur,110,2230,2230,2230
2024-10-08,Barley (Jau),29,Rajasthan,8,Jaipur,110,2100,2160,2140
2024-10-07,Barley (Jau),29,Rajasthan,8,Jaipur,110,1955,2085,2075
2024-10-06,Barley (Jau),29,Rajasthan,8,Jaipur,110,2000,2000,2000
2024-10-05,Barley (Jau),29,Rajasthan,8,Jaipur,110,2237.5,2250,2247.5
2024-10-04,Barley (Jau),29,Rajasthan,8,Jaipur,110,1950,2275,2162.5
2024-10-03,Barley (Jau),29,Rajasthan,8,Jaipur,110,2075,2141.6666666666665,2108.3333333333335
2024-10-01,Barley (Jau),29,Rajasthan,8,Jaipur,110,2170,2210,2182.5
2024-09-30,Barley (Jau),29,Rajasthan,8,Jaipur,110,2185,2235,2210
2024-09-28,Barley (Jau),29,Rajasthan,8,Jaipur,110,2050,2275,2240
2024-09-27,Barley (Jau),29,Rajasthan,8,Jaipur,110,2102,2285,2236
2024-09-26,Barley (Jau),29,Rajasthan,8,Jaipur,110,1995,2254.3333333333335,2124.6666666666665
2024-09-25,Barley (Jau),29,Rajasthan,8,Jaipur,110,2150,2226.6666666666665,2176.6666666666665
2024-09-24,Barley (Jau),29,Rajasthan,8,Jaipur,110,2173.75,2221.5,2205
2024-09-23,Barley (Jau),29,Rajasthan,8,Jaipur,110,2200,2267.5,2242.5
2024-09-21,Barley (Jau),29,Rajasthan,8,Jaipur,110,2243,2280,2261.5
2024-09-20,Barley (Jau),29,Rajasthan,8,Jaipur,110,2221.25,2277.5,2246.25
2024-09-19,Barley (Jau),29,Rajasthan,8,Jaipur,110,2166.6666666666665,2283.3333333333335,2225
2024-09-18,Barley (Jau),29,Rajasthan,8,Jaipur,110,2154.75,2265.75,2215.25
2024-09-17,Barley (Jau),29,Rajasthan,8,Jaipur,110,2133.3333333333335,2200,2183.3333333333335
2024-09-16,Barley (Jau),29,Rajasthan,8,Jaipur,110,2260,2260,2260
2024-09-14,Barley (Jau),29,Rajasthan,8,Jaipur,110,2128,2218,2173
2024-09-12,Barley (Jau),29,Rajasthan,8,Jaipur,110,2154.3333333333335,2211,2174
2024-09-11,Barley (Jau),29,Rajasthan,8,Jaipur,110,2100,2150,2125
2024-09-10,Barley (Jau),29,Rajasthan,8,Jaipur,110,2075.3333333333335,2162,2118.6666666666665
2024-09-09,Barley (Jau),29,Rajasthan,8,Jaipur,110,2150.3333333333335,2167,2158.6666666666665
2024-09-06,Barley (Jau),29,Rajasthan,8,Jaipur,110,2023,2188,2105.5
2024-09-05,Barley (Jau),29,Rajasthan,8,Jaipur,110,2140,2191,2165.5
2024-09-04,Barley (Jau),29,Rajasthan,8,Jaipur,110,2087.6666666666665,2157,2132.3333333333335
2024-09-03,Barley (Jau),29,Rajasthan,8,Jaipur,110,2074.75,2171.75,2143
2024-09-02,Barley (Jau),29,Rajasthan,8,Jaipur,110,2104,2150,2125
2024-08-31,Barley (Jau),29,Rajasthan,8,Jaipur,110,2069.5,2092.5,2087
2024-08-30,Barley (Jau),29,Rajasthan,8,Jaipur,110,2066.2,2157,2110.6
2024-08-29,Barley (Jau),29,Rajasthan,8,Jaipur,110,2023.2,2140,2095.6
2024-08-28,Barley (Jau),29,Rajasthan,8,Jaipur,110,2103.75,2170,2131.25
2024-08-27,Barley (Jau),29,Rajasthan,8,Jaipur,110,2120.25,2210.25,2154
2024-08-26,Barley (Jau),29,Rajasthan,8,Jaipur,110,2188.5,2259,2223.5
2024-08-24,Barley (Jau),29,Rajasthan,8,Jaipur,110,2025,2132.5,2073
2024-08-23,Barley (Jau),29,Rajasthan,8,Jaipur,110,1993.3333333333333,2170.3333333333335,2133.3333333333335
2024-08-22,Barley (Jau),29,Rajasthan,8,Jaipur,110,2021.5,2082.25,2052
2024-08-21,Barley (Jau),29,Rajasthan,8,Jaipur,110,2105,2210,2150
2024-08-20,Barley (Jau),29,Rajasthan,8,Jaipur,110,2000,2112.5,2092.5
2024-08-19,Barley (Jau),29,Rajasthan,8,Jaipur,110,2100,2200,2150
2024-08-17,Barley (Jau),29,Rajasthan,8,Jaipur,110,2127,2139,2133
2024-08-16,Barley (Jau),29,Rajasthan,8,Jaipur,110,1967,2000.3333333333333,1980.3333333333333
2024-08-15,Barley (Jau),29,Rajasthan,8,Jaipur,110,2250,2250,2250
2024-08-14,Barley (Jau),29,Rajasthan,8,Jaipur,110,2059.5,2140,2099.5
2024-08-13,Barley (Jau),29,Rajasthan,8,Jaipur,110,2087.5,2162.5,2112.5
2024-08-12,Barley (Jau),29,Rajasthan,8,Jaipur,110,2090,2142.5,2112.5
2024-08-10,Barley (Jau),29,Rajasthan,8,Jaipur,110,2040,2040,2040
2024-08-09,Barley (Jau),29,Rajasthan,8,Jaipur,110,2061,2061,2061
2024-08-08,Barley (Jau),29,Rajasthan,8,Jaipur,110,2045.3333333333333,2120.3333333333335,2082.6666666666665
2024-08-07,Barley (Jau),29,Rajasthan,8,Jaipur,110,2054.5,2145,2099.5
2024-08-06,Barley (Jau),29,Rajasthan,8,Jaipur,110,1993.6666666666667,2080.3333333333335,2041.3333333333333
2024-08-05,Barley (Jau),29,Rajasthan,8,Jaipur,110,2042,2105.6,2071.8
2024-08-04,Barley (Jau),29,Rajasthan,8,Jaipur,110,2200,2200,2200
2024-07-31,Barley (Jau),29,Rajasthan,8,Jaipur,110,2048,2088.2,2068
2024-07-30,Barley (Jau),29,Rajasthan,8,Jaipur,110,1983.3333333333333,2095.3333333333335,2064.3333333333335
2024-07-29,Barley (Jau),29,Rajasthan,8,Jaipur,110,2003.8,2122,2084
2024-07-27,Barley (Jau),29,Rajasthan,8,Jaipur,110,2075,2105,2090
2024-07-26,Barley (Jau),29,Rajasthan,8,Jaipur,110,2086.6666666666665,2136.6666666666665,2111.6666666666665
2024-07-25,Barley (Jau),29,Rajasthan,8,Jaipur,110,2062.3333333333335,2118.6666666666665,2090.3333333333335
2024-07-24,Barley (Jau),29,Rajasthan,8,Jaipur,110,2007.5,2063.25,2039
2024-07-23,Barley (Jau),29,Rajasthan,8,Jaipur,110,2005.4,2058,2034.6
2024-07-22,Barley (Jau),29,Rajasthan,8,Jaipur,110,2036,2125.2,2081.6
2024-07-20,Barley (Jau),29,Rajasthan,8,Jaipur,110,1665,1698,1690
2024-07-19,Barley (Jau),29,Rajasthan,8,Jaipur,110,2012.75,2106.25,2060.75
2024-07-18,Barley (Jau),29,Rajasthan,8,Jaipur,110,2007.5,2054.5,2032.75
2024-07-17,Barley (Jau),29,Rajasthan,8,Jaipur,110,2006.25,2059.75,2045.25
2024-07-16,Barley (Jau),29,Rajasthan,8,Jaipur,110,1982.5,2098,2072.5
2024-07-15,Barley (Jau),29,Rajasthan,8,Jaipur,110,2006.25,2051,2031
2024-07-13,Barley (Jau),29,Rajasthan,8,Jaipur,110,2055,2055,2055
2024-07-12,Barley (Jau),29,Rajasthan,8,Jaipur,110,1906.25,1945,1937.5
2024-07-11,Barley (Jau),29,Rajasthan,8,Jaipur,110,2061.3333333333335,2090,2070.6666666666665
2024-07-10,Barley (Jau),29,Rajasthan,8,Jaipur,110,1963.6666666666667,2007,1988.3333333333333
2024-07-09,Barley (Jau),29,Rajasthan,8,Jaipur,110,1953.75,2041.25,2014.25
2024-07-08,Barley (Jau),29,Rajasthan,8,Jaipur,110,1990,2011,2000
2024-07-06,Barley (Jau),29,Rajasthan,8,Jaipur,110,1907,2014.3333333333333,1959
2024-07-05,Barley (Jau),29,Rajasthan,8,Jaipur,110,1970.3333333333333,1970.3333333333333,1970.3333333333333
2024-07-04,Barley (Jau),29,Rajasthan,8,Jaipur,110,1950,2027.5,1986
2024-07-03,Barley (Jau),29,Rajasthan,8,Jaipur,110,2031.5,2050.75,2042
2024-07-02,Barley (Jau),29,Rajasthan,8,Jaipur,110,1887.5,1984.5,1947
2024-07-01,Barley (Jau),29,Rajasthan,8,Jaipur,110,1935.5,1980,1957.5
2024-06-29,Barley (Jau),29,Rajasthan,8,Jaipur,110,1948.5,2023,1995.5
2024-06-28,Barley (Jau),29,Rajasthan,8,Jaipur,110,2011.6666666666667,2070.3333333333335,2025
2024-06-27,Barley (Jau),29,Rajasthan,8,Jaipur,110,1935.6666666666667,2024.3333333333333,1993.3333333333333
2024-06-26,Barley (Jau),29,Rajasthan,8,Jaipur,110,1937.5,1963,1950
2024-06-25,Barley (Jau),29,Rajasthan,8,Jaipur,110,1947.5,2048,2020
2024-06-24,Barley (Jau),29,Rajasthan,8,Jaipur,110,1967,2071.75,2018.25
2024-06-22,Barley (Jau),29,Rajasthan,8,Jaipur,110,1839.6666666666667,2048,2020
2024-06-21,Barley (Jau),29,Rajasthan,8,Jaipur,110,2022.6666666666667,2051.6666666666665,2036.6666666666667
2024-06-20,Barley (Jau),29,Rajasthan,8,Jaipur,110,1912.5,2057.5,2015
2024-06-19,Barley (Jau),29,Rajasthan,8,Jaipur,110,1963.75,2065.25,2035.5
2024-06-18,Barley (Jau),29,Rajasthan,8,Jaipur,110,2008.75,2057.5,2033
2024-06-17,Barley (Jau),29,Rajasthan,8,Jaipur,110,1953.3333333333333,2073.6666666666665,2040
2024-06-15,Barley (Jau),29,Rajasthan,8,Jaipur,110,2028.6666666666667,2076.3333333333335,2052.6666666666665
2024-06-14,Barley (Jau),29,Rajasthan,8,Jaipur,110,2062.5,2300,2095
2024-06-13,Barley (Jau),29,Rajasthan,8,Jaipur,110,2030,2151,2055
2024-06-12,Barley (Jau),29,Rajasthan,8,Jaipur,110,2000,2091.6666666666665,2068.3333333333335
2024-06-11,Barley (Jau),29,Rajasthan,8,Jaipur,110,1982.75,2154.25,2104
2024-06-10,Barley (Jau),29,Rajasthan,8,Jaipur,110,2041.25,2151.25,2102.5
2024-06-09,Barley (Jau),29,Rajasthan,8,Jaipur,110,2100,2150,2125
2024-06-08,Barley (Jau),29,Rajasthan,8,Jaipur,110,2064.5,2182.25,2099.75
2024-06-07,Barley (Jau),29,Rajasthan,8,Jaipur,110,2073.75,2151.5,2108.25
2024-06-06,Barley (Jau),29,Rajasthan,8,Jaipur,110,2013.6666666666667,2127.3333333333335,2087.6666666666665
2024-06-05,Barley (Jau),29,Rajasthan,8,Jaipur,110,1987,2121.6666666666665,2088.3333333333335
2024-06-04,Barley (Jau),29,Rajasthan,8,Jaipur,110,2020.5,2202.75,2147.75
2024-06-03,Barley (Jau),29,Rajasthan,8,Jaipur,110,2085.5,2190,2161.5
2024-06-01,Barley (Jau),29,Rajasthan,8,Jaipur,110,2024.75,2142,2075.75
2024-05-31,Barley (Jau),29,Rajasthan,8,Jaipur,110,2095,2154.75,2123.5
2024-05-30,Barley (Jau),29,Rajasthan,8,Jaipur,110,2081.6666666666665,2219,2145.3333333333335
2024-05-29,Barley (Jau),29,Rajasthan,8,Jaipur,110,2083.3333333333335,2218.6666666666665,2146.6666666666665
2024-05-28,Barley (Jau),29,Rajasthan,8,Jaipur,110,2060.25,2186.5,2112
2024-05-27,Barley (Jau),29,Rajasthan,8,Jaipur,110,2034,2183.6666666666665,2081.3333333333335
2024-05-26,Barley (Jau),29,Rajasthan,8,Jaipur,110,2100,2150,2125
2024-05-25,Barley (Jau),29,Rajasthan,8,Jaipur,110,1897.5,2133.5,2081.25
2024-05-24,Barley (Jau),29,Rajasthan,8,Jaipur,110,1947.2,2171.6,2068.2
2024-05-23,Barley (Jau),29,Rajasthan,8,Jaipur,110,1986.5,2098.75,2036.75
2024-05-22,Barley (Jau),29,Rajasthan,8,Jaipur,110,2023.25,2141.5,2064.75
2024-05-21,Barley (Jau),29,Rajasthan,8,Jaipur,110,2009,2080.5,2049.75
2024-05-20,Barley (Jau),29,Rajasthan,8,Jaipur,110,1962,2079,2029
2024-05-19,Barley (Jau),29,Rajasthan,8,Jaipur,110,2000,2050,2025
2024-05-18,Barley (Jau),29,Rajasthan,8,Jaipur,110,1979,2107,2055.75
2024-05-17,Barley (Jau),29,Rajasthan,8,Jaipur,110,1946,2070.4,2029
2024-05-16,Barley (Jau),29,Rajasthan,8,Jaipur,110,1983.6666666666667,2062,2025.3333333333333
2024-05-15,Barley (Jau),29,Rajasthan,8,Jaipur,110,1985,2063.6666666666665,2030
2024-05-14,Barley (Jau),29,Rajasthan,8,Jaipur,110,1967.75,2074.5,2009
2024-05-13,Barley (Jau),29,Rajasthan,8,Jaipur,110,1878.2,2025,1991.6
2024-05-12,Barley (Jau),29,Rajasthan,8,Jaipur,110,1900,2000,1950
2024-05-11,Barley (Jau),29,Rajasthan,8,Jaipur,110,1949,2066,1997
2024-05-10,Barley (Jau),29,Rajasthan,8,Jaipur,110,1904.6,2011.8,1965
2024-05-09,Barley (Jau),29,Rajasthan,8,Jaipur,110,1800,2024,1912
2024-05-08,Barley (Jau),29,Rajasthan,8,Jaipur,110,1986.6666666666667,2086,2033
2024-05-07,Barley (Jau),29,Rajasthan,8,Jaipur,110,1934.5,2005.5,1970
2024-05-06,Barley (Jau),29,Rajasthan,8,Jaipur,110,1906.6666666666667,2002.6666666666667,1946.3333333333333
2024-05-05,Barley (Jau),29,Rajasthan,8,Jaipur,110,2100,2150,2125
2024-05-04,Barley (Jau),29,Rajasthan,8,Jaipur,110,1886.5,2043,1962
2024-05-03,Barley (Jau),29,Rajasthan,8,Jaipur,110,1926.8,2044.2,1974.4
2024-05-02,Barley (Jau),29,Rajasthan,8,Jaipur,110,1845,2027.3333333333333,1958.6666666666667
2024-05-01,Barley (Jau),29,Rajasthan,8,Jaipur,110,1866.6666666666667,2013.6666666666667,1940
2024-04-30,Barley (Jau),29,Rajasthan,8,Jaipur,110,1876.25,1994.5,1937.25
2024-04-29,Barley (Jau),29,Rajasthan,8,Jaipur,110,1837.5,1976.5,1910.5
2024-04-28,Barley (Jau),29,Rajasthan,8,Jaipur,110,1900,1950,1925
2024-04-27,Barley (Jau),29,Rajasthan,8,Jaipur,110,1865,1943.75,1906.25
2024-04-26,Barley (Jau),29,Rajasthan,8,Jaipur,110,1880,1965.25,1920
2024-04-25,Barley (Jau),29,Rajasthan,8,Jaipur,110,1831.5,1971.5,1902.75
2024-04-24,Barley (Jau),29,Rajasthan,8,Jaipur,110,1854.2,1995.4,1932
2024-04-23,Barley (Jau),29,Rajasthan,8,Jaipur,110,1795.6,1988.4,1888.4
2024-04-22,Barley (Jau),29,Rajasthan,8,Jaipur,110,1811,1946.4,1893.4
2024-04-20,Barley (Jau),29,Rajasthan,8,Jaipur,110,1742.5,1891.25,1826.75
2024-04-18,Barley (Jau),29,Rajasthan,8,Jaipur,110,1765.5,1900,1832.5
2024-04-17,Barley (Jau),29,Rajasthan,8,Jaipur,110,1758.4,1885.2,1833.6
2024-04-16,Barley (Jau),29,Rajasthan,8,Jaipur,110,1815,1904,1861.5
2024-04-15,Barley (Jau),29,Rajasthan,8,Jaipur,110,1720,1845.6666666666667,1811
2024-04-14,Barley (Jau),29,Rajasthan,8,Jaipur,110,1775,1875,1825
2024-04-13,Barley (Jau),29,Rajasthan,8,Jaipur,110,1749.3333333333333,1875,1827.1666666666667
2024-04-12,Barley (Jau),29,Rajasthan,8,Jaipur,110,1837.8333333333333,2013.3333333333333,1946.5
2024-04-11,Barley (Jau),29,Rajasthan,8,Jaipur,110,1798.25,1905.75,1856
2024-04-10,Barley (Jau),29,Rajasthan,8,Jaipur,110,1722.5,1850,1786
2024-04-09,Barley (Jau),29,Rajasthan,8,Jaipur,110,1770,1979.5,1897.5
2024-04-08,Barley (Jau),29,Rajasthan,8,Jaipur,110,1755.6,1879,1830.6
2024-04-07,Barley (Jau),29,Rajasthan,8,Jaipur,110,1750,1825,1787.5
2024-04-06,Barley (Jau),29,Rajasthan,8,Jaipur,110,1725,1865,1805
2024-04-05,Barley (Jau),29,Rajasthan,8,Jaipur,110,1700,1887.6666666666667,1841.6666666666667
2024-04-04,Barley (Jau),29,Rajasthan,8,Jaipur,110,1736,1934,1860
2024-04-03,Barley (Jau),29,Rajasthan,8,Jaipur,110,1700,1885,1852.5
2024-04-02,Barley (Jau),29,Rajasthan,8,Jaipur,110,1788.5,1877.5,1837.5
2024-03-30,Barley (Jau),29,Rajasthan,8,Jaipur,110,1777.5,1880,1842.5
2024-03-29,Barley (Jau),29,Rajasthan,8,Jaipur,110,1745.6666666666667,2008.3333333333333,1900.3333333333333
2024-03-28,Barley (Jau),29,Rajasthan,8,Jaipur,110,1715,1918.6666666666667,1865
2024-03-27,Barley (Jau),29,Rajasthan,8,Jaipur,110,1746.25,1910,1861.25
2024-03-26,Barley (Jau),29,Rajasthan,8,Jaipur,110,1745.8333333333333,1923.3333333333333,1856.6666666666667
2024-03-25,Barley (Jau),29,Rajasthan,8,Jaipur,110,1850,1900,1850
2024-03-23,Barley (Jau),29,Rajasthan,8,Jaipur,110,1760,1930,1845
2024-03-22,Barley (Jau),29,Rajasthan,8,Jaipur,110,1755.5,1875.5,1815.5
2024-03-21,Barley (Jau),29,Rajasthan,8,Jaipur,110,1695.5,2006.25,1857.75
2024-03-20,Barley (Jau),29,Rajasthan,8,Jaipur,110,1742.5,1974.75,1890.5
2024-03-19,Barley (Jau),29,Rajasthan,8,Jaipur,110,1789.2,2073,1934
2024-03-18,Barley (Jau),29,Rajasthan,8,Jaipur,110,1788,2064,1930
2024-03-17,Barley (Jau),29,Rajasthan,8,Jaipur,110,1800,1904,1870
2024-03-16,Barley (Jau),29,Rajasthan,8,Jaipur,110,1600,2000,1800
2024-03-15,Barley (Jau),29,Rajasthan,8,Jaipur,110,1683.6666666666667,1946,1838.3333333333333
2024-03-14,Barley (Jau),29,Rajasthan,8,Jaipur,110,1675,1892,1800
2024-03-13,Barley (Jau),29,Rajasthan,8,Jaipur,110,1732.75,2086.5,1888.75
2024-03-12,Barley (Jau),29,Rajasthan,8,Jaipur,110,1722.5,1871.5,1798
2024-03-11,Barley (Jau),29,Rajasthan,8,Jaipur,110,1708.6666666666667,2099.6666666666665,1911
2024-03-09,Barley (Jau),29,Rajasthan,8,Jaipur,110,1723.6666666666667,1846,1794
2024-03-08,Barley (Jau),29,Rajasthan,8,Jaipur,110,1875,1150,2000
2024-03-07,Barley (Jau),29,Rajasthan,8,Jaipur,110,1860,1920.5,1895
2024-03-06,Barley (Jau),29,Rajasthan,8,Jaipur,110,1904,1920.6666666666667,1912.3333333333333
2024-03-05,Barley (Jau),29,Rajasthan,8,Jaipur,110,1900,1950,1925
2024-03-03,Barley (Jau),29,Rajasthan,8,Jaipur,110,1900,1950,1925
2024-03-02,Barley (Jau),29,Rajasthan,8,Jaipur,110,1881,1881,1881
2024-03-01,Barley (Jau),29,Rajasthan,8,Jaipur,110,1861,1886,1873.5
2024-02-29,Barley (Jau),29,Rajasthan,8,Jaipur,110,1880,1907.5,1900
2024-02-28,Barley (Jau),29,Rajasthan,8,Jaipur,110,1925,1955,1940
2024-02-27,Barley (Jau),29,Rajasthan,8,Jaipur,110,1874.6666666666667,1916,1895.3333333333333
2024-02-26,Barley (Jau),29,Rajasthan,8,Jaipur,110,1792,1808.6666666666667,1800.3333333333333
2024-02-24,Barley (Jau),29,Rajasthan,8,Jaipur,110,1950,1975,1962.5
2024-02-23,Barley (Jau),29,Rajasthan,8,Jaipur,110,1835,1969,1910
2024-02-21,Barley (Jau),29,Rajasthan,8,Jaipur,110,2030.5,2230.5,2130.5
2024-02-20,Barley (Jau),29,Rajasthan,8,Jaipur,110,1950,1950,1950
2024-02-19,Barley (Jau),29,Rajasthan,8,Jaipur,110,1700,1770.5,1735
2024-02-16,Barley (Jau),29,Rajasthan,8,Jaipur,110,1310,1741,1525
2024-02-14,Barley (Jau),29,Rajasthan,8,Jaipur,110,1250,1833,1541
2024-02-13,Barley (Jau),29,Rajasthan,8,Jaipur,110,1760,1760,1760
2024-02-12,Barley (Jau),29,Rajasthan,8,Jaipur,110,1782,1782,1782
2024-02-10,Barley (Jau),29,Rajasthan,8,Jaipur,110,2065,2092,2078
2024-02-09,Barley (Jau),29,Rajasthan,8,Jaipur,110,1875.5,1875.5,1875.5
2024-02-08,Barley (Jau),29,Rajasthan,8,Jaipur,110,1811.6666666666667,1817.3333333333333,1814.3333333333333
2024-02-07,Barley (Jau),29,Rajasthan,8,Jaipur,110,1625,1625,1625
2024-02-05,Barley (Jau),29,Rajasthan,8,Jaipur,110,1725,1750,1737.5
2024-02-03,Barley (Jau),29,Rajasthan,8,Jaipur,110,1694,1735,1735
2024-02-02,Barley (Jau),29,Rajasthan,8,Jaipur,110,1826,2000,1913
2024-02-01,Barley (Jau),29,Rajasthan,8,Jaipur,110,1821,1935,1878
2024-01-31,Barley (Jau),29,Rajasthan,8,Jaipur,110,1755,1755,1755
2024-01-30,Barley (Jau),29,Rajasthan,8,Jaipur,110,1778,1835,1778
2024-01-29,Barley (Jau),29,Rajasthan,8,Jaipur,110,1825,1825,1825
2024-01-25,Barley (Jau),29,Rajasthan,8,Jaipur,110,1971,1971,1971
2024-01-24,Barley (Jau),29,Rajasthan,8,Jaipur,110,1900,1950,1925
2024-01-20,Barley (Jau),29,Rajasthan,8,Jaipur,110,1885,1910,1897.5
2024-01-19,Barley (Jau),29,Rajasthan,8,Jaipur,110,1900,1900,1900
2024-01-17,Barley (Jau),29,Rajasthan,8,Jaipur,110,1800,1800,1800
2024-01-16,Barley (Jau),29,Rajasthan,8,Jaipur,110,1655,1655,1655
2024-01-15,Barley (Jau),29,Rajasthan,8,Jaipur,110,1880,1880,1880
2024-01-12,Barley (Jau),29,Rajasthan,8,Jaipur,110,1840,1840,1840
2024-01-11,Barley (Jau),29,Rajasthan,8,Jaipur,110,1737,1737,1737
2024-01-10,Barley (Jau),29,Rajasthan,8,Jaipur,110,1714,1714,1714
2024-01-09,Barley (Jau),29,Rajasthan,8,Jaipur,110,1817.5,1817.5,1817.5
2024-01-08,Barley (Jau),29,Rajasthan,8,Jaipur,110,1641,1641,1641
2024-01-06,Barley (Jau),29,Rajasthan,8,Jaipur,110,1821.6666666666667,1870.6666666666667,1846
2024-01-04,Barley (Jau),29,Rajasthan,8,Jaipur,110,1756,1800,1778
2024-01-03,Barley (Jau),29,Rajasthan,8,Jaipur,110,1775,1775,1775
2023-12-30,Barley (Jau),29,Rajasthan,8,Jaipur,110,1850,1850,1850
2023-12-29,Barley (Jau),29,Rajasthan,8,Jaipur,110,1816.5,1900.5,1858.5
2023-12-27,Barley (Jau),29,Rajasthan,8,Jaipur,110,1638,1812,1664
2023-12-26,Barley (Jau),29,Rajasthan,8,Jaipur,110,1760,1760,1760
2023-12-25,Barley (Jau),29,Rajasthan,8,Jaipur,110,1725,1760,1742
2023-12-23,Barley (Jau),29,Rajasthan,8,Jaipur,110,1680,1755.5,1720
2023-12-22,Barley (Jau),29,Rajasthan,8,Jaipur,110,1670,1900,1785
2023-12-21,Barley (Jau),29,Rajasthan,8,Jaipur,110,1850,1850,1850
2023-12-20,Barley (Jau),29,Rajasthan,8,Jaipur,110,1730.5,1873,1743
2023-12-19,Barley (Jau),29,Rajasthan,8,Jaipur,110,1730,1925.5,1783.5
2023-12-18,Barley (Jau),29,Rajasthan,8,Jaipur,110,1757.5,1810.5,1765
2023-12-16,Barley (Jau),29,Rajasthan,8,Jaipur,110,1692.5,1759,1705
2023-12-15,Barley (Jau),29,Rajasthan,8,Jaipur,110,1660,1721.5,1690.5
2023-12-14,Barley (Jau),29,Rajasthan,8,Jaipur,110,1851,0,1858
2023-12-13,Barley (Jau),29,Rajasthan,8,Jaipur,110,1781,1859,1820
2023-12-12,Barley (Jau),29,Rajasthan,8,Jaipur,110,1675.5,1745.5,1710.5
2023-12-11,Barley (Jau),29,Rajasthan,8,Jaipur,110,1670,1935,1802
2023-12-09,Barley (Jau),29,Rajasthan,8,Jaipur,110,1780,1850.3333333333333,1815
2023-12-08,Barley (Jau),29,Rajasthan,8,Jaipur,110,1708.3333333333333,1790.3333333333333,1741
2023-12-07,Barley (Jau),29,Rajasthan,8,Jaipur,110,1625,1818,1721.5
2023-12-06,Barley (Jau),29,Rajasthan,8,Jaipur,110,1400,1730,1600
2023-12-05,Barley (Jau),29,Rajasthan,8,Jaipur,110,1770,1832.5,1801
2023-12-04,Barley (Jau),29,Rajasthan,8,Jaipur,110,1675,1875.5,1812.5
2023-12-02,Barley (Jau),29,Rajasthan,8,Jaipur,110,1650.5,1834.5,1742.5
2023-12-01,Barley (Jau),29,Rajasthan,8,Jaipur,110,1710.5,1795.5,1753
2023-11-30,Barley (Jau),29,Rajasthan,8,Jaipur,110,1722.5,1772.5,1742.5
2023-11-29,Barley (Jau),29,Rajasthan,8,Jaipur,110,1685,1871.5,1814
2023-11-28,Barley (Jau),29,Rajasthan,8,Jaipur,110,1750,1845.5,1797.5
2023-11-27,Barley (Jau),29,Rajasthan,8,Jaipur,110,1900,1943,1921
2023-11-24,Barley (Jau),29,Rajasthan,8,Jaipur,110,1834,1834,1834
2023-11-23,Barley (Jau),29,Rajasthan,8,Jaipur,110,1700,1950,1825
2023-11-22,Barley (Jau),29,Rajasthan,8,Jaipur,110,1683.3333333333333,1811,1753
2023-11-21,Barley (Jau),29,Rajasthan,8,Jaipur,110,1653,1895,1761
2023-11-20,Barley (Jau),29,Rajasthan,8,Jaipur,110,1703.6666666666667,1775,1727.6666666666667
2023-11-18,Barley (Jau),29,Rajasthan,8,Jaipur,110,1633.3333333333333,1766.6666666666667,1720
2023-11-17,Barley (Jau),29,Rajasthan,8,Jaipur,110,1639.3333333333333,1785.3333333333333,1726.6666666666667
2023-11-16,Barley (Jau),29,Rajasthan,8,Jaipur,110,1725.5,1796.5,1725.5
2023-11-10,Barley (Jau),29,Rajasthan,8,Jaipur,110,1600,1900,1750
2023-11-09,Barley (Jau),29,Rajasthan,8,Jaipur,110,1588,1849.5,1755
2023-11-08,Barley (Jau),29,Rajasthan,8,Jaipur,110,1538.3333333333333,1823.6666666666667,1697.6666666666667
2023-11-07,Barley (Jau),29,Rajasthan,8,Jaipur,110,1633.3333333333333,1814,1712.6666666666667
2023-11-06,Barley (Jau),29,Rajasthan,8,Jaipur,110,1676.6666666666667,1805.6666666666667,1762
2023-11-04,Barley (Jau),29,Rajasthan,8,Jaipur,110,1575.5,1770.5,1673
2023-11-03,Barley (Jau),29,Rajasthan,8,Jaipur,110,1673,1802,1755.3333333333333
2023-11-02,Barley (Jau),29,Rajasthan,8,Jaipur,110,1660.5,1885.5,1767.5
2023-11-01,Barley (Jau),29,Rajasthan,8,Jaipur,110,1650,1825,1730.5
2023-10-31,Barley (Jau),29,Rajasthan,8,Jaipur,110,1710.6666666666667,1808,1776
2023-10-30,Barley (Jau),29,Rajasthan,8,Jaipur,110,1667.3333333333333,1770,1725.3333333333333
2023-10-28,Barley (Jau),29,Rajasthan,8,Jaipur,110,1690,1830,1784
2023-10-27,Barley (Jau),29,Rajasthan,8,Jaipur,110,1640,1798.6666666666667,1706.3333333333333
2023-10-26,Barley (Jau),29,Rajasthan,8,Jaipur,110,1596,1763.5,1699.5
2023-10-25,Barley (Jau),29,Rajasthan,8,Jaipur,110,1637.75,1740.5,1710.25
2023-10-24,Barley (Jau),29,Rajasthan,8,Jaipur,110,1700,1700,1700
2023-10-23,Barley (Jau),29,Rajasthan,8,Jaipur,110,1720,1751,1735
2023-10-21,Barley (Jau),29,Rajasthan,8,Jaipur,110,1646.25,1697.5,1678.75
2023-10-20,Barley (Jau),29,Rajasthan,8,Jaipur,110,1668,1751,1694
2023-10-19,Barley (Jau),29,Rajasthan,8,Jaipur,110,1617.5,1776,1655
2023-10-18,Barley (Jau),29,Rajasthan,8,Jaipur,110,1733,1765,1744
2023-10-17,Barley (Jau),29,Rajasthan,8,Jaipur,110,1670,1784.3333333333333,1720.3333333333333
2023-10-16,Barley (Jau),29,Rajasthan,8,Jaipur,110,1675,1770,1722.5
2023-10-14,Barley (Jau),29,Rajasthan,8,Jaipur,110,1696.5,1853,1759
2023-10-13,Barley (Jau),29,Rajasthan,8,Jaipur,110,1640.3333333333333,1730,1685
2023-10-12,Barley (Jau),29,Rajasthan,8,Jaipur,110,1693.3333333333333,1731.6666666666667,1713.3333333333333
2023-10-11,Barley (Jau),29,Rajasthan,8,Jaipur,110,1673.6666666666667,1781,1713.6666666666667
2023-10-10,Barley (Jau),29,Rajasthan,8,Jaipur,110,1755,1822,1788.5
2023-10-09,Barley (Jau),29,Rajasthan,8,Jaipur,110,1687.5,1700,1693.5
2023-10-07,Barley (Jau),29,Rajasthan,8,Jaipur,110,1500,1651,1600
2023-10-06,Barley (Jau),29,Rajasthan,8,Jaipur,110,1650.5,1750.5,1712
2023-10-05,Barley (Jau),29,Rajasthan,8,Jaipur,110,1640,1808,1726
2023-10-04,Barley (Jau),29,Rajasthan,8,Jaipur,110,1617.5,1752.5,1700.5
2023-10-03,Barley (Jau),29,Rajasthan,8,Jaipur,110,1666.6666666666667,1740,1708
2023-10-02,Barley (Jau),29,Rajasthan,8,Jaipur,110,1683.6666666666667,1730.6666666666667,1708.3333333333333
2023-09-30,Barley (Jau),29,Rajasthan,8,Jaipur,110,1600,1680,1625
2023-09-29,Barley (Jau),29,Rajasthan,8,Jaipur,110,1668,1715,1694
2023-09-28,Barley (Jau),29,Rajasthan,8,Jaipur,110,1650,1690,1675
2023-09-27,Barley (Jau),29,Rajasthan,8,Jaipur,110,1657.5,1825.5,1706.5
2023-09-26,Barley (Jau),29,Rajasthan,8,Jaipur,110,1650,1726.5,1693.75
2023-09-25,Barley (Jau),29,Rajasthan,8,Jaipur,110,1711,1739,1731
2023-09-23,Barley (Jau),29,Rajasthan,8,Jaipur,110,1300,1732,1725
2023-09-22,Barley (Jau),29,Rajasthan,8,Jaipur,110,1775.5,1793,1784.5
2023-09-21,Barley (Jau),29,Rajasthan,8,Jaipur,110,1586.5,1643.5,1632.25
2023-09-20,Barley (Jau),29,Rajasthan,8,Jaipur,110,1738.5,1756,1747.5
2023-09-19,Barley (Jau),29,Rajasthan,8,Jaipur,110,1760,1780,1770
2023-09-18,Barley (Jau),29,Rajasthan,8,Jaipur,110,1720.5,1790,1754.5
2023-09-17,Barley (Jau),29,Rajasthan,8,Jaipur,110,1800,1800,1800
2023-09-16,Barley (Jau),29,Rajasthan,8,Jaipur,110,1629.5,1744,1700
2023-09-15,Barley (Jau),29,Rajasthan,8,Jaipur,110,1668,1759.25,1733.5
2023-09-14,Barley (Jau),29,Rajasthan,8,Jaipur,110,1688.6666666666667,1745,1718.3333333333333
2023-09-13,Barley (Jau),29,Rajasthan,8,Jaipur,110,1750,1799.25,1774.5
2023-09-12,Barley (Jau),29,Rajasthan,8,Jaipur,110,1677.5,1764,1715.5
2023-09-11,Barley (Jau),29,Rajasthan,8,Jaipur,110,1656.5,1765.5,1735
2023-09-09,Barley (Jau),29,Rajasthan,8,Jaipur,110,1678,1712.6,1694.6
2023-09-08,Barley (Jau),29,Rajasthan,8,Jaipur,110,1687.5,1771,1727.5
2023-09-07,Barley (Jau),29,Rajasthan,8,Jaipur,110,1688.3333333333333,1746.6666666666667,1719
2023-09-06,Barley (Jau),29,Rajasthan,8,Jaipur,110,1705.3333333333333,1771,1736
2023-09-05,Barley (Jau),29,Rajasthan,8,Jaipur,110,1644.75,1754,1705
2023-09-04,Barley (Jau),29,Rajasthan,8,Jaipur,110,1668.6666666666667,1767,1704.6666666666667
2023-09-03,Barley (Jau),29,Rajasthan,8,Jaipur,110,1650,1700,1675
2023-09-02,Barley (Jau),29,Rajasthan,8,Jaipur,110,1640.5,1722.75,1677.5
2023-09-01,Barley (Jau),29,Rajasthan,8,Jaipur,110,1652.25,1729,1683
2023-08-31,Barley (Jau),29,Rajasthan,8,Jaipur,110,1576,1626.6666666666667,1623.3333333333333
2023-08-29,Barley (Jau),29,Rajasthan,8,Jaipur,110,1650,1721,1685
2023-08-28,Barley (Jau),29,Rajasthan,8,Jaipur,110,1600.6666666666667,1730.6666666666667,1640.6666666666667
2023-08-26,Barley (Jau),29,Rajasthan,8,Jaipur,110,1574.8,1672,1622.8
2023-08-25,Barley (Jau),29,Rajasthan,8,Jaipur,110,1568.2,1636.6,1616.2
2023-08-24,Barley (Jau),29,Rajasthan,8,Jaipur,110,1577.6666666666667,1631,1618.6666666666667
2023-08-23,Barley (Jau),29,Rajasthan,8,Jaipur,110,1605,1689,1649.5
2023-08-22,Barley (Jau),29,Rajasthan,8,Jaipur,110,1561.25,1672.25,1615
2023-08-21,Barley (Jau),29,Rajasthan,8,Jaipur,110,1566.6666666666667,1647,1609.3333333333333
2023-08-19,Barley (Jau),29,Rajasthan,8,Jaipur,110,1550,1687,1633.3333333333333
2023-08-18,Barley (Jau),29,Rajasthan,8,Jaipur,110,1573.75,1665.75,1621.5
2023-08-17,Barley (Jau),29,Rajasthan,8,Jaipur,110,1561,1674,1605
2023-08-16,Barley (Jau),29,Rajasthan,8,Jaipur,110,1550,1637.5,1602.5
2023-08-14,Barley (Jau),29,Rajasthan,8,Jaipur,110,1550,1659.6666666666667,1613
2023-08-13,Barley (Jau),29,Rajasthan,8,Jaipur,110,1550,1600,1575
2023-08-12,Barley (Jau),29,Rajasthan,8,Jaipur,110,1466.3333333333333,1661.6666666666667,1575
2023-08-11,Barley (Jau),29,Rajasthan,8,Jaipur,110,1519,1646.75,1581.5
2023-08-10,Barley (Jau),29,Rajasthan,8,Jaipur,110,1564.6666666666667,1698.6666666666667,1625.6666666666667
2023-08-09,Barley (Jau),29,Rajasthan,8,Jaipur,110,1533.6,1658.6,1591.8
2023-08-08,Barley (Jau),29,Rajasthan,8,Jaipur,110,1530.5,1650,1591.25
2023-08-07,Barley (Jau),29,Rajasthan,8,Jaipur,110,1560,1682,1620
2023-08-05,Barley (Jau),29,Rajasthan,8,Jaipur,110,1504.3333333333333,1580.6666666666667,1545
2023-08-04,Barley (Jau),29,Rajasthan,8,Jaipur,110,1550,1621,1585
2023-08-03,Barley (Jau),29,Rajasthan,8,Jaipur,110,1530,1644.25,1605.75
2023-08-02,Barley (Jau),29,Rajasthan,8,Jaipur,110,1565.6,1643,1598.6
2023-08-01,Barley (Jau),29,Rajasthan,8,Jaipur,110,1574.5,1663,1615
2023-07-31,Barley (Jau),29,Rajasthan,8,Jaipur,110,1576.25,1650,1615
2023-07-30,Barley (Jau),29,Rajasthan,8,Jaipur,110,1600,1650,1625
2023-07-29,Barley (Jau),29,Rajasthan,8,Jaipur,110,1586,1605,1600
2023-07-28,Barley (Jau),29,Rajasthan,8,Jaipur,110,1574,1655.4,1616.2
2023-07-27,Barley (Jau),29,Rajasthan,8,Jaipur,110,1550.75,1650.5,1607.5
2023-07-26,Barley (Jau),29,Rajasthan,8,Jaipur,110,1572.5,1658.75,1618.75
2023-07-25,Barley (Jau),29,Rajasthan,8,Jaipur,110,1555,1675.5,1642
2023-07-24,Barley (Jau),29,Rajasthan,8,Jaipur,110,1537.5,1650,1611.25
2023-07-23,Barley (Jau),29,Rajasthan,8,Jaipur,110,1600,1650,1625
2023-07-22,Barley (Jau),29,Rajasthan,8,Jaipur,110,1583,1665,1619.4
2023-07-21,Barley (Jau),29,Rajasthan,8,Jaipur,110,1580,1680.5,1633.75
2023-07-20,Barley (Jau),29,Rajasthan,8,Jaipur,110,1516.6666666666667,1656.6666666666667,1620
2023-07-19,Barley (Jau),29,Rajasthan,8,Jaipur,110,1538.2,1673,1606.8
2023-07-18,Barley (Jau),29,Rajasthan,8,Jaipur,110,1604,1669.5,1641
2023-07-17,Barley (Jau),29,Rajasthan,8,Jaipur,110,1634.75,1698.25,1669.5
2023-07-16,Barley (Jau),29,Rajasthan,8,Jaipur,110,1650,1700,1675
2023-07-15,Barley (Jau),29,Rajasthan,8,Jaipur,110,1590.2,1677,1642
2023-07-14,Barley (Jau),29,Rajasthan,8,Jaipur,110,1624.75,1690.25,1652.25
2023-07-13,Barley (Jau),29,Rajasthan,8,Jaipur,110,1630.5,1689.5,1660
2023-07-12,Barley (Jau),29,Rajasthan,8,Jaipur,110,1595.3333333333333,1688,1654
2023-07-11,Barley (Jau),29,Rajasthan,8,Jaipur,110,1612.5,1702.75,1666.25
2023-07-10,Barley (Jau),29,Rajasthan,8,Jaipur,110,1646,1714.5,1672.5
2023-07-09,Barley (Jau),29,Rajasthan,8,Jaipur,110,1600,1650,1625
2023-07-08,Barley (Jau),29,Rajasthan,8,Jaipur,110,1652.75,1706,1680.25
2023-07-07,Barley (Jau),29,Rajasthan,8,Jaipur,110,1600,1695.5,1651
2023-07-06,Barley (Jau),29,Rajasthan,8,Jaipur,110,1619.6666666666667,1700,1659
2023-07-05,Barley (Jau),29,Rajasthan,8,Jaipur,110,1600.75,1690.25,1659
2023-07-04,Barley (Jau),29,Rajasthan,8,Jaipur,110,1605,1685.5,1653
2023-07-03,Barley (Jau),29,Rajasthan,8,Jaipur,110,1626.5,1728.75,1688.25
2023-07-02,Barley (Jau),29,Rajasthan,8,Jaipur,110,1650,1700,1675
2023-07-01,Barley (Jau),29,Rajasthan,8,Jaipur,110,1610,1715,1673
2023-06-30,Barley (Jau),29,Rajasthan,8,Jaipur,110,1616.5,1705.5,1677
2023-06-29,Barley (Jau),29,Rajasthan,8,Jaipur,110,1580.6666666666667,1703.6666666666667,1667.6666666666667
2023-06-28,Barley (Jau),29,Rajasthan,8,Jaipur,110,1388.3333333333333,1742.6666666666667,1643.3333333333333
2023-06-27,Barley (Jau),29,Rajasthan,8,Jaipur,110,1570.3333333333333,1689.3333333333333,1637.6666666666667
2023-06-26,Barley (Jau),29,Rajasthan,8,Jaipur,110,1605,1718.25,1663.75
2023-06-24,Barley (Jau),29,Rajasthan,8,Jaipur,110,1610.75,1709.25,1669.75
2023-06-23,Barley (Jau),29,Rajasthan,8,Jaipur,110,1600,1706.5,1656.25
2023-06-22,Barley (Jau),29,Rajasthan,8,Jaipur,110,1591.6666666666667,1725.3333333333333,1652.3333333333333
2023-06-21,Barley (Jau),29,Rajasthan,8,Jaipur,110,1577,1691.6666666666667,1652.6666666666667
2023-06-20,Barley (Jau),29,Rajasthan,8,Jaipur,110,1594.2,1686.4,1648.2
2023-06-19,Barley (Jau),29,Rajasthan,8,Jaipur,110,1610,1793.25,1702.75
2023-06-17,Barley (Jau),29,Rajasthan,8,Jaipur,110,1630.5,1760,1725
2023-06-16,Barley (Jau),29,Rajasthan,8,Jaipur,110,1595,1704.25,1662
2023-06-15,Barley (Jau),29,Rajasthan,8,Jaipur,110,1632,1728.3333333333333,1695.6666666666667
2023-06-14,Barley (Jau),29,Rajasthan,8,Jaipur,110,1612.5,1730.75,1691.5
2023-06-13,Barley (Jau),29,Rajasthan,8,Jaipur,110,1612.5,1775,1725
2023-06-12,Barley (Jau),29,Rajasthan,8,Jaipur,110,1657.75,1765.25,1741.75
2023-06-11,Barley (Jau),29,Rajasthan,8,Jaipur,110,1650,1700,1675
2023-06-10,Barley (Jau),29,Rajasthan,8,Jaipur,110,1645.4,1751,1713
2023-06-09,Barley (Jau),29,Rajasthan,8,Jaipur,110,1651.6666666666667,1734.6666666666667,1694.6666666666667
2023-06-08,Barley (Jau),29,Rajasthan,8,Jaipur,110,1654,1762.3333333333333,1718
2023-06-07,Barley (Jau),29,Rajasthan,8,Jaipur,110,1600,1776.4,1711.4
2023-06-06,Barley (Jau),29,Rajasthan,8,Jaipur,110,1605.25,1737,1671
2023-06-05,Barley (Jau),29,Rajasthan,8,Jaipur,110,1651.75,1762.75,1719.25
2023-06-04,Barley (Jau),29,Rajasthan,8,Jaipur,110,1700,1750,1725
2023-06-03,Barley (Jau),29,Rajasthan,8,Jaipur,110,1637,1767,1743.6666666666667
2023-06-02,Barley (Jau),29,Rajasthan,8,Jaipur,110,1650.3333333333333,1793.3333333333333,1753.3333333333333
2023-06-01,Barley (Jau),29,Rajasthan,8,Jaipur,110,1646,1736,1691
2023-05-31,Barley (Jau),29,Rajasthan,8,Jaipur,110,1676.3333333333333,1822.6666666666667,1786.3333333333333
2023-05-30,Barley (Jau),29,Rajasthan,8,Jaipur,110,1688.3333333333333,1818.3333333333333,1779
2023-05-29,Barley (Jau),29,Rajasthan,8,Jaipur,110,1644.6666666666667,1810.6666666666667,1762.6666666666667
2023-05-28,Barley (Jau),29,Rajasthan,8,Jaipur,110,1700,1750,1725
2023-05-27,Barley (Jau),29,Rajasthan,8,Jaipur,110,1663.3333333333333,1816.6666666666667,1755
2023-05-26,Barley (Jau),29,Rajasthan,8,Jaipur,110,1743.3333333333333,1850,1808.3333333333333
2023-05-25,Barley (Jau),29,Rajasthan,8,Jaipur,110,1680.5,1813,1772
2023-05-24,Barley (Jau),29,Rajasthan,8,Jaipur,110,1694,1761,1727.5
2023-05-23,Barley (Jau),29,Rajasthan,8,Jaipur,110,1675,1756.5,1715.5
2023-05-22,Barley (Jau),29,Rajasthan,8,Jaipur,110,1677,1833.3333333333333,1763.3333333333333
2023-05-21,Barley (Jau),29,Rajasthan,8,Jaipur,110,1750,1800,1775
2023-05-20,Barley (Jau),29,Rajasthan,8,Jaipur,110,1745,1890,1852.5
2023-05-19,Barley (Jau),29,Rajasthan,8,Jaipur,110,1684.5,1854,1811.5
2023-05-18,Barley (Jau),29,Rajasthan,8,Jaipur,110,1637,1870.5,1768.5
2023-05-17,Barley (Jau),29,Rajasthan,8,Jaipur,110,1738.6666666666667,1878.6666666666667,1843.6666666666667
2023-05-16,Barley (Jau),29,Rajasthan,8,Jaipur,110,1793.6666666666667,1873.3333333333333,1841
2023-05-15,Barley (Jau),29,Rajasthan,8,Jaipur,110,1800,1900.5,1872.5
2023-05-14,Barley (Jau),29,Rajasthan,8,Jaipur,110,1800,1850,1825
2023-05-13,Barley (Jau),29,Rajasthan,8,Jaipur,110,1765,1860,1797.5
2023-05-12,Barley (Jau),29,Rajasthan,8,Jaipur,110,1777.6666666666667,1921,1876
2023-05-11,Barley (Jau),29,Rajasthan,8,Jaipur,110,1647,1915,1793.5
2023-05-10,Barley (Jau),29,Rajasthan,8,Jaipur,110,1701.3333333333333,1866.6666666666667,1800.6666666666667
2023-05-09,Barley (Jau),29,Rajasthan,8,Jaipur,110,1776.6666666666667,1920.3333333333333,1853.3333333333333
2023-05-08,Barley (Jau),29,Rajasthan,8,Jaipur,110,1770,1924.3333333333333,1850.3333333333333
2023-05-07,Barley (Jau),29,Rajasthan,8,Jaipur,110,1900,1950,1925
2023-05-06,Barley (Jau),29,Rajasthan,8,Jaipur,110,1829.6666666666667,1938.6666666666667,1890.6666666666667
2023-05-05,Barley (Jau),29,Rajasthan,8,Jaipur,110,1869.3333333333333,1931.6666666666667,1910.3333333333333
2023-05-04,Barley (Jau),29,Rajasthan,8,Jaipur,110,1830,2016.3333333333333,1933
2023-05-03,Barley (Jau),29,Rajasthan,8,Jaipur,110,1847,1985.25,1913.75
2023-05-02,Barley (Jau),29,Rajasthan,8,Jaipur,110,1846.75,1992,1920
2023-05-01,Barley (Jau),29,Rajasthan,8,Jaipur,110,1833.3333333333333,2083.3333333333335,1975
2023-04-30,Barley (Jau),29,Rajasthan,8,Jaipur,110,1900,1950,1925
2023-04-29,Barley (Jau),29,Rajasthan,8,Jaipur,110,1938.5,2005,1972.5
2023-04-28,Barley (Jau),29,Rajasthan,8,Jaipur,110,1909.5,2050,1992
2023-04-27,Barley (Jau),29,Rajasthan,8,Jaipur,110,1939.5,2088,2022.5
2023-04-26,Barley (Jau),29,Rajasthan,8,Jaipur,110,1798.75,2036.25,1939.25
2023-04-25,Barley (Jau),29,Rajasthan,8,Jaipur,110,1902.75,2006.5,1959.5
2023-04-24,Barley (Jau),29,Rajasthan,8,Jaipur,110,1887.5,2036.25,1972.5
2023-04-23,Barley (Jau),29,Rajasthan,8,Jaipur,110,1875,2000,1937.5
2023-04-22,Barley (Jau),29,Rajasthan,8,Jaipur,110,1915,2117.5,2062.5
2023-04-21,Barley (Jau),29,Rajasthan,8,Jaipur,110,1909,2072.25,2001.75
2023-04-20,Barley (Jau),29,Rajasthan,8,Jaipur,110,1864,2145,2034.3333333333333
2023-04-19,Barley (Jau),29,Rajasthan,8,Jaipur,110,1950.75,2096.5,2026
2023-04-18,Barley (Jau),29,Rajasthan,8,Jaipur,110,1897.5,2101.75,2035
2023-04-17,Barley (Jau),29,Rajasthan,8,Jaipur,110,1860,2026.6666666666667,1941.6666666666667
2023-04-16,Barley (Jau),29,Rajasthan,8,Jaipur,110,1850,1975,1912.5
2023-04-15,Barley (Jau),29,Rajasthan,8,Jaipur,110,1820,1999.3333333333333,1941.6666666666667
2023-04-14,Barley (Jau),29,Rajasthan,8,Jaipur,110,1929,2075,2002
2023-04-13,Barley (Jau),29,Rajasthan,8,Jaipur,110,1650,1985,1817.5
2023-04-12,Barley (Jau),29,Rajasthan,8,Jaipur,110,1800,1928.3333333333333,1864
2023-04-11,Barley (Jau),29,Rajasthan,8,Jaipur,110,1785,1966.25,1892
2023-04-10,Barley (Jau),29,Rajasthan,8,Jaipur,110,1761.6666666666667,1945,1875
2023-04-09,Barley (Jau),29,Rajasthan,8,Jaipur,110,1725,1835,1787.5
2023-04-08,Barley (Jau),29,Rajasthan,8,Jaipur,110,1850,1970,1917.5
2023-04-07,Barley (Jau),29,Rajasthan,8,Jaipur,110,1766.6666666666667,1938.3333333333333,1868.3333333333333
2023-04-06,Barley (Jau),29,Rajasthan,8,Jaipur,110,1812.5,1942,1910
2023-04-05,Barley (Jau),29,Rajasthan,8,Jaipur,110,1753.3333333333333,1911.6666666666667,1835
2023-04-04,Barley (Jau),29,Rajasthan,8,Jaipur,110,1786.6666666666667,1912.6666666666667,1841.6666666666667
2023-04-03,Barley (Jau),29,Rajasthan,8,Jaipur,110,1750,1895,1818.3333333333333
2023-04-02,Barley (Jau),29,Rajasthan,8,Jaipur,110,1800,1850,1825
2023-04-01,Barley (Jau),29,Rajasthan,8,Jaipur,110,1790,1965,1862.5
2023-03-31,Barley (Jau),29,Rajasthan,8,Jaipur,110,1874,2170,2100
2023-03-30,Barley (Jau),29,Rajasthan,8,Jaipur,110,1911,2143,1984.5
2023-03-29,Barley (Jau),29,Rajasthan,8,Jaipur,110,1793.6666666666667,2085,2021.6666666666667
2023-03-28,Barley (Jau),29,Rajasthan,8,Jaipur,110,1903.5,2134,2050
2023-03-27,Barley (Jau),29,Rajasthan,8,Jaipur,110,1663.5,2165,2069
2023-03-25,Barley (Jau),29,Rajasthan,8,Jaipur,110,1949.5,2206,2083
2023-03-24,Barley (Jau),29,Rajasthan,8,Jaipur,110,1920,2207.5,2086
2023-03-23,Barley (Jau),29,Rajasthan,8,Jaipur,110,1750,2253,2151
2023-03-22,Barley (Jau),29,Rajasthan,8,Jaipur,110,1873,2200,2036
2023-03-21,Barley (Jau),29,Rajasthan,8,Jaipur,110,2070,2238,2180
2023-03-20,Barley (Jau),29,Rajasthan,8,Jaipur,110,2051,2200,2150
2023-03-18,Barley (Jau),29,Rajasthan,8,Jaipur,110,2036,2185,2130.5
2023-03-17,Barley (Jau),29,Rajasthan,8,Jaipur,110,2165,2222,2200
2023-03-16,Barley (Jau),29,Rajasthan,8,Jaipur,110,2000,2270,2200
2023-03-15,Barley (Jau),29,Rajasthan,8,Jaipur,110,1930,2184.5,2100
2023-03-14,Barley (Jau),29,Rajasthan,8,Jaipur,110,1977.75,2110.25,2040
2023-03-13,Barley (Jau),29,Rajasthan,8,Jaipur,110,1970.25,2338.75,2103.25
2023-03-12,Barley (Jau),29,Rajasthan,8,Jaipur,110,2100,2150,2125
2023-03-11,Barley (Jau),29,Rajasthan,8,Jaipur,110,1914,2324,2078.5
2023-03-10,Barley (Jau),29,Rajasthan,8,Jaipur,110,2015,2336,2105.3333333333335
2023-03-09,Barley (Jau),29,Rajasthan,8,Jaipur,110,1900.5,2112.5,2025
2023-03-08,Barley (Jau),29,Rajasthan,8,Jaipur,110,1838.5,2234.75,2070.25
2023-03-06,Barley (Jau),29,Rajasthan,8,Jaipur,110,2050,2100,2075
2023-03-05,Barley (Jau),29,Rajasthan,8,Jaipur,110,2100,2150,2125
2023-03-04,Barley (Jau),29,Rajasthan,8,Jaipur,110,1826,2181,2003
2023-03-03,Barley (Jau),29,Rajasthan,8,Jaipur,110,1750,2220,1985
2023-03-02,Barley (Jau),29,Rajasthan,8,Jaipur,110,1801,2166,1983
2023-03-01,Barley (Jau),29,Rajasthan,8,Jaipur,110,1875,2166,2020.5
2023-02-28,Barley (Jau),29,Rajasthan,8,Jaipur,110,1980,2241,2110.5
2023-02-27,Barley (Jau),29,Rajasthan,8,Jaipur,110,2120,2267.5,2193.5
2023-02-25,Barley (Jau),29,Rajasthan,8,Jaipur,110,2087.5,2270,2178.5
2023-02-24,Barley (Jau),29,Rajasthan,8,Jaipur,110,2065,2300,2182
2023-02-23,Barley (Jau),29,Rajasthan,8,Jaipur,110,1945,1981,1963
2023-02-22,Barley (Jau),29,Rajasthan,8,Jaipur,110,2225.5,2375.5,2300.5
2023-02-21,Barley (Jau),29,Rajasthan,8,Jaipur,110,2160,2180,2170
2023-02-18,Barley (Jau),29,Rajasthan,8,Jaipur,110,2251,2400,2325
2023-02-17,Barley (Jau),29,Rajasthan,8,Jaipur,110,2800,2800,2800
2023-02-16,Barley (Jau),29,Rajasthan,8,Jaipur,110,2650,2650,2650
2023-02-15,Barley (Jau),29,Rajasthan,8,Jaipur,110,2400,2400,2400
2023-02-09,Barley (Jau),29,Rajasthan,8,Jaipur,110,2550,2550,2550
2023-02-06,Barley (Jau),29,Rajasthan,8,Jaipur,110,2440,2440,2440
2023-02-04,Barley (Jau),29,Rajasthan,8,Jaipur,110,2700,2700,2700
2023-02-03,Barley (Jau),29,Rajasthan,8,Jaipur,110,2700,2700,2700
2023-01-28,Barley (Jau),29,Rajasthan,8,Jaipur,110,2680,2680,2680
2023-01-25,Barley (Jau),29,Rajasthan,8,Jaipur,110,2915,2915,2915
2023-01-23,Barley (Jau),29,Rajasthan,8,Jaipur,110,2900,2900,2900
2023-01-16,Barley (Jau),29,Rajasthan,8,Jaipur,110,2640,2640,2640
2023-01-13,Barley (Jau),29,Rajasthan,8,Jaipur,110,2201,2201,2201
2023-01-12,Barley (Jau),29,Rajasthan,8,Jaipur,110,2781,2781,2781
2023-01-09,Barley (Jau),29,Rajasthan,8,Jaipur,110,2800,2800,2800
2023-01-06,Barley (Jau),29,Rajasthan,8,Jaipur,110,2750,2750,2750
2023-01-02,Barley (Jau),29,Rajasthan,8,Jaipur,110,2965,2965,2965
2023-01-01,Barley (Jau),29,Rajasthan,8,Jaipur,110,2600,2650,2625
2022-12-26,Barley (Jau),29,Rajasthan,8,Jaipur,110,2815,2842.5,2828.5
2022-12-24,Barley (Jau),29,Rajasthan,8,Jaipur,110,2740,2740,2740
2022-12-23,Barley (Jau),29,Rajasthan,8,Jaipur,110,2650,2880,2765
2022-12-21,Barley (Jau),29,Rajasthan,8,Jaipur,110,2525,2525,2525
2022-12-20,Barley (Jau),29,Rajasthan,8,Jaipur,110,2500,2600,2500
2022-12-19,Barley (Jau),29,Rajasthan,8,Jaipur,110,2600,2600,2600
2022-12-17,Barley (Jau),29,Rajasthan,8,Jaipur,110,2745,2760,2752
2022-12-15,Barley (Jau),29,Rajasthan,8,Jaipur,110,2850,2912.5,2881
2022-12-14,Barley (Jau),29,Rajasthan,8,Jaipur,110,2900,2970,2935
2022-12-13,Barley (Jau),29,Rajasthan,8,Jaipur,110,2789.3333333333335,2901.3333333333335,2845.3333333333335
2022-12-12,Barley (Jau),29,Rajasthan,8,Jaipur,110,2000,2000,2000
2022-12-10,Barley (Jau),29,Rajasthan,8,Jaipur,110,2800,2900,2850
2022-12-09,Barley (Jau),29,Rajasthan,8,Jaipur,110,2565,2690,2627.5
2022-12-08,Barley (Jau),29,Rajasthan,8,Jaipur,110,2868,2868,2868
2022-12-07,Barley (Jau),29,Rajasthan,8,Jaipur,110,2809.3333333333335,2809.3333333333335,2809.3333333333335
2022-12-06,Barley (Jau),29,Rajasthan,8,Jaipur,110,2730.5,2816,2773
2022-12-05,Barley (Jau),29,Rajasthan,8,Jaipur,110,2706.6666666666665,2897,2820.3333333333335
2022-12-03,Barley (Jau),29,Rajasthan,8,Jaipur,110,2853.5,2895.5,2874.5
2022-12-02,Barley (Jau),29,Rajasthan,8,Jaipur,110,2700,2835,2767
2022-12-01,Barley (Jau),29,Rajasthan,8,Jaipur,110,2803.3333333333335,2803.3333333333335,2803.3333333333335
2022-11-30,Barley (Jau),29,Rajasthan,8,Jaipur,110,2895.5,3055,2975
2022-11-29,Barley (Jau),29,Rajasthan,8,Jaipur,110,2708.6666666666665,2810,2759.3333333333335
2022-11-28,Barley (Jau),29,Rajasthan,8,Jaipur,110,2200,2660,2621
2022-11-26,Barley (Jau),29,Rajasthan,8,Jaipur,110,2562.5,2829,2715
2022-11-25,Barley (Jau),29,Rajasthan,8,Jaipur,110,2805,2805,2805
2022-11-24,Barley (Jau),29,Rajasthan,8,Jaipur,110,2463,2518,2490.5
2022-11-23,Barley (Jau),29,Rajasthan,8,Jaipur,110,2400,2865,2782.5
2022-11-22,Barley (Jau),29,Rajasthan,8,Jaipur,110,2850,2850,2850
2022-11-19,Barley (Jau),29,Rajasthan,8,Jaipur,110,2490,2800,2645
2022-11-18,Barley (Jau),29,Rajasthan,8,Jaipur,110,2910,2967.5,2938.5
2022-11-17,Barley (Jau),29,Rajasthan,8,Jaipur,110,2871,2900,2885
2022-11-16,Barley (Jau),29,Rajasthan,8,Jaipur,110,2950,2950,2950
2022-11-15,Barley (Jau),29,Rajasthan,8,Jaipur,110,2840.5,3018,2929
2022-11-14,Barley (Jau),29,Rajasthan,8,Jaipur,110,2989.5,2989.5,2989.5
2022-11-12,Barley (Jau),29,Rajasthan,8,Jaipur,110,2817.5,2817.5,2817.5
2022-11-11,Barley (Jau),29,Rajasthan,8,Jaipur,110,2800,2800,2800
2022-11-10,Barley (Jau),29,Rajasthan,8,Jaipur,110,2800,2800,2800
2022-11-09,Barley (Jau),29,Rajasthan,8,Jaipur,110,2800,2990,2895
2022-11-08,Barley (Jau),29,Rajasthan,8,Jaipur,110,2000,2947,2473
2022-11-07,Barley (Jau),29,Rajasthan,8,Jaipur,110,2797.5,2867.5,2832.5
2022-11-05,Barley (Jau),29,Rajasthan,8,Jaipur,110,2797,2797,2797
2022-11-03,Barley (Jau),29,Rajasthan,8,Jaipur,110,2400,2990,2695
2022-11-02,Barley (Jau),29,Rajasthan,8,Jaipur,110,2700,2700,2700
2022-11-01,Barley (Jau),29,Rajasthan,8,Jaipur,110,2980,3025.5,3002.5
2022-10-31,Barley (Jau),29,Rajasthan,8,Jaipur,110,2796,2951,2873
2022-10-29,Barley (Jau),29,Rajasthan,8,Jaipur,110,2790,2996,2893
2022-10-25,Barley (Jau),29,Rajasthan,8,Jaipur,110,2850,2900,2875
2022-10-22,Barley (Jau),29,Rajasthan,8,Jaipur,110,2800,3000,2900
2022-10-21,Barley (Jau),29,Rajasthan,8,Jaipur,110,3015,3055,3035
2022-10-20,Barley (Jau),29,Rajasthan,8,Jaipur,110,2000,3000,2500
2022-10-19,Barley (Jau),29,Rajasthan,8,Jaipur,110,2680,2883.3333333333335,2781.6666666666665
2022-10-18,Barley (Jau),29,Rajasthan,8,Jaipur,110,2595,2695,2645
2022-10-17,Barley (Jau),29,Rajasthan,8,Jaipur,110,2550,2850,2700
2022-10-15,Barley (Jau),29,Rajasthan,8,Jaipur,110,2930.5,2930.5,2930.5
2022-10-14,Barley (Jau),29,Rajasthan,8,Jaipur,110,2600,2600,2600
2022-10-13,Barley (Jau),29,Rajasthan,8,Jaipur,110,2650.5,2837.5,2744
2022-10-12,Barley (Jau),29,Rajasthan,8,Jaipur,110,2400,3200,2800
2022-10-11,Barley (Jau),29,Rajasthan,8,Jaipur,110,2950,3100,3025
2022-10-10,Barley (Jau),29,Rajasthan,8,Jaipur,110,2755.5,2755.5,2755.5
2022-10-06,Barley (Jau),29,Rajasthan,8,Jaipur,110,2791,2791,2791
2022-10-05,Barley (Jau),29,Rajasthan,8,Jaipur,110,2395,2875,2635
2022-10-04,Barley (Jau),29,Rajasthan,8,Jaipur,110,2721,2800,2760
2022-10-03,Barley (Jau),29,Rajasthan,8,Jaipur,110,2700,2700,2700
2022-10-01,Barley (Jau),29,Rajasthan,8,Jaipur,110,2600,2775,2687.5
2022-09-29,Barley (Jau),29,Rajasthan,8,Jaipur,110,2840,2840,2840
2022-09-28,Barley (Jau),29,Rajasthan,8,Jaipur,110,2644,2760.5,2722
2022-09-27,Barley (Jau),29,Rajasthan,8,Jaipur,110,2608,2633,2633
2022-09-22,Barley (Jau),29,Rajasthan,8,Jaipur,110,2755,2755,2755
2022-09-21,Barley (Jau),29,Rajasthan,8,Jaipur,110,2250,2654,2447
2022-09-20,Barley (Jau),29,Rajasthan,8,Jaipur,110,2496.5,2718.5,2605
2022-09-17,Barley (Jau),29,Rajasthan,8,Jaipur,110,2700,2750,2725
2022-09-16,Barley (Jau),29,Rajasthan,8,Jaipur,110,2605,2751,2700
2022-09-15,Barley (Jau),29,Rajasthan,8,Jaipur,110,2491,2750,2620
2022-09-14,Barley (Jau),29,Rajasthan,8,Jaipur,110,2572.5,2685.5,2593
2022-09-13,Barley (Jau),29,Rajasthan,8,Jaipur,110,2528.5,2691.5,2610
2022-09-12,Barley (Jau),29,Rajasthan,8,Jaipur,110,2558,2570.5,2564
2022-09-10,Barley (Jau),29,Rajasthan,8,Jaipur,110,2500,2500,2500
2022-09-09,Barley (Jau),29,Rajasthan,8,Jaipur,110,2545,2692.5,2690
2022-09-08,Barley (Jau),29,Rajasthan,8,Jaipur,110,2646.6666666666665,2708.3333333333335,2681.6666666666665
2022-09-07,Barley (Jau),29,Rajasthan,8,Jaipur,110,2433.3333333333335,2628.3333333333335,2547.3333333333335
2022-09-06,Barley (Jau),29,Rajasthan,8,Jaipur,110,2510,2683,2659
2022-09-05,Barley (Jau),29,Rajasthan,8,Jaipur,110,2600,2701,2600
2022-09-03,Barley (Jau),29,Rajasthan,8,Jaipur,110,2450.25,2677.75,2579.5
2022-09-02,Barley (Jau),29,Rajasthan,8,Jaipur,110,2400,2800,2600
2022-09-01,Barley (Jau),29,Rajasthan,8,Jaipur,110,2638,2666,2666
2022-08-31,Barley (Jau),29,Rajasthan,8,Jaipur,110,2598,2663,2630.5
2022-08-30,Barley (Jau),29,Rajasthan,8,Jaipur,110,2511,2681,2675.5
2022-08-29,Barley (Jau),29,Rajasthan,8,Jaipur,110,2649.5,2736,2698
2022-08-27,Barley (Jau),29,Rajasthan,8,Jaipur,110,2495.5,2800,2638
2022-08-26,Barley (Jau),29,Rajasthan,8,Jaipur,110,2500,2500,2500
2022-08-25,Barley (Jau),29,Rajasthan,8,Jaipur,110,2671,2760,2715
2022-08-24,Barley (Jau),29,Rajasthan,8,Jaipur,110,2300,2571,2435
2022-08-23,Barley (Jau),29,Rajasthan,8,Jaipur,110,2630,2630,2630
2022-08-22,Barley (Jau),29,Rajasthan,8,Jaipur,110,2595,2687.5,2641
2022-08-20,Barley (Jau),29,Rajasthan,8,Jaipur,110,2589,2720,2689
2022-08-18,Barley (Jau),29,Rajasthan,8,Jaipur,110,2740,2740,2740
2022-08-17,Barley (Jau),29,Rajasthan,8,Jaipur,110,2502.5,2502.5,2502.5
2022-08-16,Barley (Jau),29,Rajasthan,8,Jaipur,110,2850,2850,2850
2022-08-13,Barley (Jau),29,Rajasthan,8,Jaipur,110,2720,2725.5,2720
2022-08-12,Barley (Jau),29,Rajasthan,8,Jaipur,110,2400,2797,2598
2022-08-10,Barley (Jau),29,Rajasthan,8,Jaipur,110,2781,2781,2781
2022-08-09,Barley (Jau),29,Rajasthan,8,Jaipur,110,2550,2705,2627.5
2022-08-08,Barley (Jau),29,Rajasthan,8,Jaipur,110,2603,2603,2603
2022-08-06,Barley (Jau),29,Rajasthan,8,Jaipur,110,2634,2730,2703.75
2022-08-05,Barley (Jau),29,Rajasthan,8,Jaipur,110,2690.5,2841,2775
2022-08-04,Barley (Jau),29,Rajasthan,8,Jaipur,110,2250,2250,2250
2022-08-03,Barley (Jau),29,Rajasthan,8,Jaipur,110,2708.6666666666665,2818,2741.6666666666665
2022-08-02,Barley (Jau),29,Rajasthan,8,Jaipur,110,2785.5,2845,2815
2022-08-01,Barley (Jau),29,Rajasthan,8,Jaipur,110,2684,2774,2729
2022-07-30,Barley (Jau),29,Rajasthan,8,Jaipur,110,2762.5,2845,2800.25
2022-07-29,Barley (Jau),29,Rajasthan,8,Jaipur,110,2624.25,2860,2768.25
2022-07-28,Barley (Jau),29,Rajasthan,8,Jaipur,110,2735.5,2835.5,2835.5
2022-07-27,Barley (Jau),29,Rajasthan,8,Jaipur,110,2850,2850,2850
2022-07-26,Barley (Jau),29,Rajasthan,8,Jaipur,110,2700,2700,2700
2022-07-25,Barley (Jau),29,Rajasthan,8,Jaipur,110,2837,2879.3333333333335,2871
2022-07-24,Barley (Jau),29,Rajasthan,8,Jaipur,110,2800,2850,2825
2022-07-22,Barley (Jau),29,Rajasthan,8,Jaipur,110,2721.6666666666665,2724,2722.6666666666665
2022-07-21,Barley (Jau),29,Rajasthan,8,Jaipur,110,2613.6666666666665,2727,2665.3333333333335
2022-07-20,Barley (Jau),29,Rajasthan,8,Jaipur,110,2600,2737.5,2700
2022-07-19,Barley (Jau),29,Rajasthan,8,Jaipur,110,2651.5,2811.75,2765.25
2022-07-18,Barley (Jau),29,Rajasthan,8,Jaipur,110,2780,2780,2780
2022-07-17,Barley (Jau),29,Rajasthan,8,Jaipur,110,2800,2850,2825
2022-07-16,Barley (Jau),29,Rajasthan,8,Jaipur,110,2865,2932.5,2898.5
2022-07-15,Barley (Jau),29,Rajasthan,8,Jaipur,110,2530,2785.6,2694.6
2022-07-14,Barley (Jau),29,Rajasthan,8,Jaipur,110,2701.5,2776.5,2726.5
2022-07-13,Barley (Jau),29,Rajasthan,8,Jaipur,110,2700,2700,2700
2022-07-12,Barley (Jau),29,Rajasthan,8,Jaipur,110,2672.6666666666665,2820.8333333333335,2762.8333333333335
2022-07-11,Barley (Jau),29,Rajasthan,8,Jaipur,110,2800.5,2820,2810
2022-07-09,Barley (Jau),29,Rajasthan,8,Jaipur,110,2837.5,2905.5,2873.75
2022-07-08,Barley (Jau),29,Rajasthan,8,Jaipur,110,2826,2870.5,2848
2022-07-07,Barley (Jau),29,Rajasthan,8,Jaipur,110,2711.6666666666665,2827.3333333333335,2781
2022-07-06,Barley (Jau),29,Rajasthan,8,Jaipur,110,2790.5,2900.75,2834.25
2022-07-05,Barley (Jau),29,Rajasthan,8,Jaipur,110,2750.25,2841.5,2804.5
2022-07-04,Barley (Jau),29,Rajasthan,8,Jaipur,110,2763.3333333333335,2801.6666666666665,2781.6666666666665
2022-07-03,Barley (Jau),29,Rajasthan,8,Jaipur,110,2600,2700,2650
2022-07-02,Barley (Jau),29,Rajasthan,8,Jaipur,110,2900.5,2925.5,2913
2022-07-01,Barley (Jau),29,Rajasthan,8,Jaipur,110,2911,2911,2911
2022-06-30,Barley (Jau),29,Rajasthan,8,Jaipur,110,2775,2800,2787.5
2022-06-29,Barley (Jau),29,Rajasthan,8,Jaipur,110,2500,2856.6666666666665,2808.3333333333335
2022-06-28,Barley (Jau),29,Rajasthan,8,Jaipur,110,2723.75,2893,2831.5
2022-06-27,Barley (Jau),29,Rajasthan,8,Jaipur,110,2849.5,2906.75,2891.25
2022-06-26,Barley (Jau),29,Rajasthan,8,Jaipur,110,2900,2950,2925
2022-06-25,Barley (Jau),29,Rajasthan,8,Jaipur,110,2670.3333333333335,2820.6666666666665,2754
2022-06-24,Barley (Jau),29,Rajasthan,8,Jaipur,110,2740.3333333333335,2789,2769.3333333333335
2022-06-23,Barley (Jau),29,Rajasthan,8,Jaipur,110,2694.25,2813,2758.5
2022-06-22,Barley (Jau),29,Rajasthan,8,Jaipur,110,2612,2814,2733
2022-06-21,Barley (Jau),29,Rajasthan,8,Jaipur,110,2581.25,2831.75,2767.5
2022-06-20,Barley (Jau),29,Rajasthan,8,Jaipur,110,2760,2911.6666666666665,2835.6666666666665
2022-06-18,Barley (Jau),29,Rajasthan,8,Jaipur,110,2614.3333333333335,2889.6666666666665,2766
2022-06-17,Barley (Jau),29,Rajasthan,8,Jaipur,110,2435,2689.25,2571.5
2022-06-16,Barley (Jau),29,Rajasthan,8,Jaipur,110,2820,2980,2925
2022-06-15,Barley (Jau),29,Rajasthan,8,Jaipur,110,2691.6666666666665,2922.6666666666665,2857
2022-06-14,Barley (Jau),29,Rajasthan,8,Jaipur,110,2607.2,2919.2,2809.6
2022-06-13,Barley (Jau),29,Rajasthan,8,Jaipur,110,2807.75,2911,2879.75
2022-06-11,Barley (Jau),29,Rajasthan,8,Jaipur,110,2738.6666666666665,2937.6666666666665,2853.3333333333335
2022-06-10,Barley (Jau),29,Rajasthan,8,Jaipur,110,2763.25,2895.5,2829.75
2022-06-09,Barley (Jau),29,Rajasthan,8,Jaipur,110,2583.3333333333335,2776.6666666666665,2706
2022-06-08,Barley (Jau),29,Rajasthan,8,Jaipur,110,2658.3333333333335,2883.6666666666665,2783.3333333333335
2022-06-07,Barley (Jau),29,Rajasthan,8,Jaipur,110,2670.25,2853.75,2808.75
2022-06-06,Barley (Jau),29,Rajasthan,8,Jaipur,110,2736.6666666666665,2808.3333333333335,2775
2022-06-05,Barley (Jau),29,Rajasthan,8,Jaipur,110,2750,2800,2775
2022-06-04,Barley (Jau),29,Rajasthan,8,Jaipur,110,2650,2826,2754
2022-06-03,Barley (Jau),29,Rajasthan,8,Jaipur,110,2510.2,2802.8,2694.4
2022-06-02,Barley (Jau),29,Rajasthan,8,Jaipur,110,2805,2930.3333333333335,2887.3333333333335
2022-06-01,Barley (Jau),29,Rajasthan,8,Jaipur,110,2739,2950,2876
2022-05-31,Barley (Jau),29,Rajasthan,8,Jaipur,110,2748.75,2906.75,2835.75
2022-05-30,Barley (Jau),29,Rajasthan,8,Jaipur,110,2662.5,2825,2753
2022-05-28,Barley (Jau),29,Rajasthan,8,Jaipur,110,2684,2945.25,2845
2022-05-27,Barley (Jau),29,Rajasthan,8,Jaipur,110,2650.3333333333335,2984.3333333333335,2844
2022-05-26,Barley (Jau),29,Rajasthan,8,Jaipur,110,2692.5,2911.5,2843.75
2022-05-25,Barley (Jau),29,Rajasthan,8,Jaipur,110,2595.25,2885.25,2771.5
2022-05-24,Barley (Jau),29,Rajasthan,8,Jaipur,110,2593.3333333333335,2986,2859.6666666666665
2022-05-23,Barley (Jau),29,Rajasthan,8,Jaipur,110,2694.75,2941.25,2861.75
2022-05-22,Barley (Jau),29,Rajasthan,8,Jaipur,110,2800,2850,2825
2022-05-21,Barley (Jau),29,Rajasthan,8,Jaipur,110,2683.6666666666665,2875,2811.6666666666665
2022-05-20,Barley (Jau),29,Rajasthan,8,Jaipur,110,2768.2,2926.8,2875
2022-05-19,Barley (Jau),29,Rajasthan,8,Jaipur,110,2750,2966,2900
2022-05-18,Barley (Jau),29,Rajasthan,8,Jaipur,110,2640,2956.8,2874
2022-05-17,Barley (Jau),29,Rajasthan,8,Jaipur,110,2736.2,2971,2888
2022-05-16,Barley (Jau),29,Rajasthan,8,Jaipur,110,2700.25,2927.25,2881.25
2022-05-14,Barley (Jau),29,Rajasthan,8,Jaipur,110,2775,2900,2825
2022-05-13,Barley (Jau),29,Rajasthan,8,Jaipur,110,2856.6666666666665,2957.6666666666665,2903.6666666666665
2022-05-12,Barley (Jau),29,Rajasthan,8,Jaipur,110,2900,3032,3005.5
2022-05-11,Barley (Jau),29,Rajasthan,8,Jaipur,110,2875,3125,3005.5
2022-05-10,Barley (Jau),29,Rajasthan,8,Jaipur,110,2733.3333333333335,3008.3333333333335,2933.3333333333335
2022-05-09,Barley (Jau),29,Rajasthan,8,Jaipur,110,2787.5,2972.5,2906.25
2022-05-07,Barley (Jau),29,Rajasthan,8,Jaipur,110,2775,3035,2966.25
2022-05-06,Barley (Jau),29,Rajasthan,8,Jaipur,110,3358.3333333333335,3561.6666666666665,3491.6666666666665
2022-05-05,Barley (Jau),29,Rajasthan,8,Jaipur,110,2916.6666666666665,3103.3333333333335,3038.3333333333335
2022-05-04,Barley (Jau),29,Rajasthan,8,Jaipur,110,2866.6666666666665,3050,2985.3333333333335
2022-05-03,Barley (Jau),29,Rajasthan,8,Jaipur,110,2933.3333333333335,3058.3333333333335,2991.6666666666665
2022-05-02,Barley (Jau),29,Rajasthan,8,Jaipur,110,2771.25,3032.75,2993.75
2022-05-01,Barley (Jau),29,Rajasthan,8,Jaipur,110,2800,2850,2825
2022-04-30,Barley (Jau),29,Rajasthan,8,Jaipur,110,2933.3333333333335,3065,3008.3333333333335
2022-04-29,Barley (Jau),29,Rajasthan,8,Jaipur,110,2770,3038.5,2969
2022-04-28,Barley (Jau),29,Rajasthan,8,Jaipur,110,2723.3333333333335,3036.6666666666665,2916.6666666666665
2022-04-27,Barley (Jau),29,Rajasthan,8,Jaipur,110,2722,3050.8,2971
2022-04-26,Barley (Jau),29,Rajasthan,8,Jaipur,110,2843.8333333333335,3046.8333333333335,2968.5
2022-04-25,Barley (Jau),29,Rajasthan,8,Jaipur,110,2716.8333333333335,3061,2992.8333333333335
2022-04-24,Barley (Jau),29,Rajasthan,8,Jaipur,110,2900,2950,2925
2022-04-23,Barley (Jau),29,Rajasthan,8,Jaipur,110,2809.2,3064.8,3022.8
2022-04-22,Barley (Jau),29,Rajasthan,8,Jaipur,110,2950,3106.5,3028.25
2022-04-21,Barley (Jau),29,Rajasthan,8,Jaipur,110,2750,2070.3333333333335,3013.3333333333335
2022-04-20,Barley (Jau),29,Rajasthan,8,Jaipur,110,2790,3060.4,2971
2022-04-19,Barley (Jau),29,Rajasthan,8,Jaipur,110,2806,3032.2,2971.4
2022-04-18,Barley (Jau),29,Rajasthan,8,Jaipur,110,2382.285714285714,2535.714285714286,2911.4285714285716
2022-04-17,Barley (Jau),29,Rajasthan,8,Jaipur,110,2800,2850,2825
2022-04-16,Barley (Jau),29,Rajasthan,8,Jaipur,110,2706,2928,2838.8
2022-04-15,Barley (Jau),29,Rajasthan,8,Jaipur,110,2747.75,2918.5,2834.5
2022-04-14,Barley (Jau),29,Rajasthan,8,Jaipur,110,2750,2985,2867.5
2022-04-13,Barley (Jau),29,Rajasthan,8,Jaipur,110,2530,3009.6666666666665,2925
2022-04-12,Barley (Jau),29,Rajasthan,8,Jaipur,110,2614,2958.6,2907.4
2022-04-11,Barley (Jau),29,Rajasthan,8,Jaipur,110,2816,2984.2,2934
2022-04-10,Barley (Jau),29,Rajasthan,8,Jaipur,110,2775,2850,2812.5
2022-04-09,Barley (Jau),29,Rajasthan,8,Jaipur,110,2690.6666666666665,2889.3333333333335,2841.6666666666665
2022-04-08,Barley (Jau),29,Rajasthan,8,Jaipur,110,2562.5,3005.25,2956.25
2022-04-07,Barley (Jau),29,Rajasthan,8,Jaipur,110,2733.3333333333335,3042.6666666666665,2970
2022-04-06,Barley (Jau),29,Rajasthan,8,Jaipur,110,2626.25,2934.25,2856.25
2022-04-05,Barley (Jau),29,Rajasthan,8,Jaipur,110,2749,2941.6,2898
2022-04-04,Barley (Jau),29,Rajasthan,8,Jaipur,110,2502.75,2994.75,2867.5
2022-04-03,Barley (Jau),29,Rajasthan,8,Jaipur,110,2850,2925,2887.5
2022-04-02,Barley (Jau),29,Rajasthan,8,Jaipur,110,2900,3013.3333333333335,2958.3333333333335
2022-04-01,Barley (Jau),29,Rajasthan,8,Jaipur,110,2883.3333333333335,2990,2958.3333333333335
2022-03-31,Barley (Jau),29,Rajasthan,8,Jaipur,110,2720,3010,2875
2022-03-30,Barley (Jau),29,Rajasthan,8,Jaipur,110,2731.5,2943.75,2843.25
2022-03-29,Barley (Jau),29,Rajasthan,8,Jaipur,110,2810,2926.6666666666665,2871.6666666666665
2022-03-28,Barley (Jau),29,Rajasthan,8,Jaipur,110,2691,2982.285714285714,2854.5714285714284
2022-03-27,Barley (Jau),29,Rajasthan,8,Jaipur,110,2800,2850,2825
2022-03-26,Barley (Jau),29,Rajasthan,8,Jaipur,110,2757.75,2888.75,2812
2022-03-25,Barley (Jau),29,Rajasthan,8,Jaipur,110,2700,2750,2725
2022-03-24,Barley (Jau),29,Rajasthan,8,Jaipur,110,2463.3333333333335,2985,2850.6666666666665
2022-03-23,Barley (Jau),29,Rajasthan,8,Jaipur,110,2377.5,2698.75,2625
2022-03-22,Barley (Jau),29,Rajasthan,8,Jaipur,110,2110,2318.75,2237.5
2022-03-21,Barley (Jau),29,Rajasthan,8,Jaipur,110,2066.8333333333335,2295.1666666666665,2197.6666666666665
2022-03-20,Barley (Jau),29,Rajasthan,8,Jaipur,110,2050,2100,2075
2022-03-19,Barley (Jau),29,Rajasthan,8,Jaipur,110,2020,2165,2080
2022-03-18,Barley (Jau),29,Rajasthan,8,Jaipur,110,2100,2150,2125
2022-03-16,Barley (Jau),29,Rajasthan,8,Jaipur,110,2100,2222,2150
2022-03-15,Barley (Jau),29,Rajasthan,8,Jaipur,110,2000,2230.6666666666665,2117
2022-03-14,Barley (Jau),29,Rajasthan,8,Jaipur,110,2001,2226.2,2103.4
2022-03-13,Barley (Jau),29,Rajasthan,8,Jaipur,110,2050,2100,2075
2022-03-12,Barley (Jau),29,Rajasthan,8,Jaipur,110,1937.25,2131.25,2047.25
2022-03-11,Barley (Jau),29,Rajasthan,8,Jaipur,110,1947,2270,2129
2022-03-10,Barley (Jau),29,Rajasthan,8,Jaipur,110,2000,2000,2000
2022-03-09,Barley (Jau),29,Rajasthan,8,Jaipur,110,2082.75,2300,2191.25
2022-03-08,Barley (Jau),29,Rajasthan,8,Jaipur,110,1962.75,2155.25,2059
2022-03-07,Barley (Jau),29,Rajasthan,8,Jaipur,110,2003.25,2210,2102.75
2022-03-05,Barley (Jau),29,Rajasthan,8,Jaipur,110,1964,2121,2042
2022-03-04,Barley (Jau),29,Rajasthan,8,Jaipur,110,1943.6666666666667,2118.6666666666665,2034.6666666666667
2022-03-03,Barley (Jau),29,Rajasthan,8,Jaipur,110,1995.5,1995.5,1995.5
2022-03-02,Barley (Jau),29,Rajasthan,8,Jaipur,110,2277.6666666666665,2278,2277.6666666666665
2022-03-01,Barley (Jau),29,Rajasthan,8,Jaipur,110,1901,1901,1901
2022-02-26,Barley (Jau),29,Rajasthan,8,Jaipur,110,2050,2050,2050
2022-02-25,Barley (Jau),29,Rajasthan,8,Jaipur,110,2400,2485,2450
2022-02-24,Barley (Jau),29,Rajasthan,8,Jaipur,110,2400,2485,2450
2022-02-23,Barley (Jau),29,Rajasthan,8,Jaipur,110,2435,2460,2445
2022-02-22,Barley (Jau),29,Rajasthan,8,Jaipur,110,2150,2150,2150
2022-02-21,Barley (Jau),29,Rajasthan,8,Jaipur,110,2300,2300,2300
2022-02-19,Barley (Jau),29,Rajasthan,8,Jaipur,110,2380,2380,2380
2022-02-18,Barley (Jau),29,Rajasthan,8,Jaipur,110,1700,1700,1700
2022-02-16,Barley (Jau),29,Rajasthan,8,Jaipur,110,2370,2370,2370
2022-02-15,Barley (Jau),29,Rajasthan,8,Jaipur,110,2440,2440,2440
2022-02-14,Barley (Jau),29,Rajasthan,8,Jaipur,110,2240,2562.5,2425
2022-02-11,Barley (Jau),29,Rajasthan,8,Jaipur,110,2088,2290,2182.5
2022-02-10,Barley (Jau),29,Rajasthan,8,Jaipur,110,2180,2380,2280
2022-02-09,Barley (Jau),29,Rajasthan,8,Jaipur,110,2300,2300,2300
2022-02-08,Barley (Jau),29,Rajasthan,8,Jaipur,110,2197.5,2330,2245
2022-02-07,Barley (Jau),29,Rajasthan,8,Jaipur,110,2228,2328,2278
2022-02-05,Barley (Jau),29,Rajasthan,8,Jaipur,110,2586,2586,2586
2022-02-03,Barley (Jau),29,Rajasthan,8,Jaipur,110,2277,2373.6666666666665,2325.3333333333335
2022-02-01,Barley (Jau),29,Rajasthan,8,Jaipur,110,2200,2250,2225
2022-01-31,Barley (Jau),29,Rajasthan,8,Jaipur,110,1700,1750,1725
2022-01-29,Barley (Jau),29,Rajasthan,8,Jaipur,110,2235.5,2485,2344
2022-01-28,Barley (Jau),29,Rajasthan,8,Jaipur,110,2232.5,2318,2275
2022-01-25,Barley (Jau),29,Rajasthan,8,Jaipur,110,2371,2400,2385
2022-01-22,Barley (Jau),29,Rajasthan,8,Jaipur,110,2225,2225,2225
2022-01-20,Barley (Jau),29,Rajasthan,8,Jaipur,110,2165,2166,2166
2022-01-19,Barley (Jau),29,Rajasthan,8,Jaipur,110,2000,2190,2095
2022-01-13,Barley (Jau),29,Rajasthan,8,Jaipur,110,2240,2351,2295
2022-01-11,Barley (Jau),29,Rajasthan,8,Jaipur,110,2141,2141,2141
2022-01-10,Barley (Jau),29,Rajasthan,8,Jaipur,110,1957.75,2157.5,2057.5
2022-01-09,Barley (Jau),29,Rajasthan,8,Jaipur,110,2000,2050,2025
2022-01-08,Barley (Jau),29,Rajasthan,8,Jaipur,110,1551,2150,1850
2022-01-07,Barley (Jau),29,Rajasthan,8,Jaipur,110,2045,2045,2045
2022-01-04,Barley (Jau),29,Rajasthan,8,Jaipur,110,1953.5,2255,2054
2022-01-03,Barley (Jau),29,Rajasthan,8,Jaipur,110,1897.5,1947.5,1922.5
2022-01-01,Barley (Jau),29,Rajasthan,8,Jaipur,110,1780,2252,2100
2021-12-30,Barley (Jau),29,Rajasthan,8,Jaipur,110,1605,1605,1605
2021-12-28,Barley (Jau),29,Rajasthan,8,Jaipur,110,2057,2073.6666666666665,2065.3333333333335
2021-12-25,Barley (Jau),29,Rajasthan,8,Jaipur,110,2216,2325,2250
2021-12-24,Barley (Jau),29,Rajasthan,8,Jaipur,110,1800,1800,1800
2021-12-23,Barley (Jau),29,Rajasthan,8,Jaipur,110,2125,2125,2125
2021-12-22,Barley (Jau),29,Rajasthan,8,Jaipur,110,2145,2272.5,2195
2021-12-21,Barley (Jau),29,Rajasthan,8,Jaipur,110,1990.5,2182.5,2075
2021-12-17,Barley (Jau),29,Rajasthan,8,Jaipur,110,2000,2200,2100
2021-12-14,Barley (Jau),29,Rajasthan,8,Jaipur,110,2198,2198,2198
2021-12-13,Barley (Jau),29,Rajasthan,8,Jaipur,110,2075,2220,2150
2021-12-11,Barley (Jau),29,Rajasthan,8,Jaipur,110,2100,2175,2150
2021-12-10,Barley (Jau),29,Rajasthan,8,Jaipur,110,1850,2150,1900
2021-12-09,Barley (Jau),29,Rajasthan,8,Jaipur,110,2017,2017,2017
2021-12-07,Barley (Jau),29,Rajasthan,8,Jaipur,110,1975,2223,2050
2021-12-06,Barley (Jau),29,Rajasthan,8,Jaipur,110,2270,2270,2270
2021-12-04,Barley (Jau),29,Rajasthan,8,Jaipur,110,2105,2105,2105
2021-12-03,Barley (Jau),29,Rajasthan,8,Jaipur,110,1950,1950,1950
2021-12-02,Barley (Jau),29,Rajasthan,8,Jaipur,110,2000,2121,2000
2021-11-30,Barley (Jau),29,Rajasthan,8,Jaipur,110,1887.5,2270.5,2059
2021-11-29,Barley (Jau),29,Rajasthan,8,Jaipur,110,2120,2157.5,2145
2021-11-27,Barley (Jau),29,Rajasthan,8,Jaipur,110,2105,2170,2140
2021-11-25,Barley (Jau),29,Rajasthan,8,Jaipur,110,2000,2000,2000
2021-11-24,Barley (Jau),29,Rajasthan,8,Jaipur,110,1900,2132,2100
2021-11-23,Barley (Jau),29,Rajasthan,8,Jaipur,110,2150,2150,2150
2021-11-19,Barley (Jau),29,Rajasthan,8,Jaipur,110,2000,2000,2000
2021-11-18,Barley (Jau),29,Rajasthan,8,Jaipur,110,2050,2050,2050
2021-11-17,Barley (Jau),29,Rajasthan,8,Jaipur,110,1825,2165,2100
2021-11-16,Barley (Jau),29,Rajasthan,8,Jaipur,110,2011,2280,2230
2021-11-15,Barley (Jau),29,Rajasthan,8,Jaipur,110,2061,2150,2150
2021-11-14,Barley (Jau),29,Rajasthan,8,Jaipur,110,2000,2050,2025
2021-11-13,Barley (Jau),29,Rajasthan,8,Jaipur,110,1950,2171,2150
2021-11-12,Barley (Jau),29,Rajasthan,8,Jaipur,110,2175,2275.5,2237.5
2021-11-11,Barley (Jau),29,Rajasthan,8,Jaipur,110,2000,2161,2100
2021-11-10,Barley (Jau),29,Rajasthan,8,Jaipur,110,1950,2130,2112.5
2021-11-09,Barley (Jau),29,Rajasthan,8,Jaipur,110,2033.3333333333333,2133.6666666666665,2098.3333333333335
2021-11-08,Barley (Jau),29,Rajasthan,8,Jaipur,110,2121,2151,2121
2021-11-05,Barley (Jau),29,Rajasthan,8,Jaipur,110,2000,2050,2025
2021-11-01,Barley (Jau),29,Rajasthan,8,Jaipur,110,1710,1710,1710
2021-10-30,Barley (Jau),29,Rajasthan,8,Jaipur,110,2055,2175,2162.5
2021-10-29,Barley (Jau),29,Rajasthan,8,Jaipur,110,2025,2125,2062.5
2021-10-27,Barley (Jau),29,Rajasthan,8,Jaipur,110,1900,2125,2100
2021-10-26,Barley (Jau),29,Rajasthan,8,Jaipur,110,2016,2016,2016
2021-10-25,Barley (Jau),29,Rajasthan,8,Jaipur,110,2000,2050,2025
2021-10-23,Barley (Jau),29,Rajasthan,8,Jaipur,110,1900,1900,1900
2021-10-22,Barley (Jau),29,Rajasthan,8,Jaipur,110,2025,2155,2137.5
2021-10-21,Barley (Jau),29,Rajasthan,8,Jaipur,110,1751,2149,2100
2021-10-20,Barley (Jau),29,Rajasthan,8,Jaipur,110,2100,2100,2100
2021-10-19,Barley (Jau),29,Rajasthan,8,Jaipur,110,2115,2125,2125
2021-10-16,Barley (Jau),29,Rajasthan,8,Jaipur,110,1995,2091,2045
2021-10-09,Barley (Jau),29,Rajasthan,8,Jaipur,110,1850,1970,1900
2021-10-08,Barley (Jau),29,Rajasthan,8,Jaipur,110,1965.5,2021.5,2015.5
2021-10-06,Barley (Jau),29,Rajasthan,8,Jaipur,110,2018,2018,2018
2021-10-05,Barley (Jau),29,Rajasthan,8,Jaipur,110,1925,2025,2000
2021-10-04,Barley (Jau),29,Rajasthan,8,Jaipur,110,1979,2023,2009
2021-10-02,Barley (Jau),29,Rajasthan,8,Jaipur,110,1970,1970,1970
2021-10-01,Barley (Jau),29,Rajasthan,8,Jaipur,110,2055,2080,2067.5
2021-09-30,Barley (Jau),29,Rajasthan,8,Jaipur,110,1850,2018,1950
2021-09-29,Barley (Jau),29,Rajasthan,8,Jaipur,110,1935,1940.3333333333333,1940
2021-09-28,Barley (Jau),29,Rajasthan,8,Jaipur,110,1877.3333333333333,1944,1910.6666666666667
2021-09-27,Barley (Jau),29,Rajasthan,8,Jaipur,110,1941.6666666666667,2063.3333333333335,2020.6666666666667
2021-09-25,Barley (Jau),29,Rajasthan,8,Jaipur,110,1900,2000,1950
2021-09-24,Barley (Jau),29,Rajasthan,8,Jaipur,110,2023,2065.5,2065
2021-09-23,Barley (Jau),29,Rajasthan,8,Jaipur,110,2011,2141,2100
2021-09-22,Barley (Jau),29,Rajasthan,8,Jaipur,110,1903,1981.5,1949.5
2021-09-21,Barley (Jau),29,Rajasthan,8,Jaipur,110,1888.6666666666667,1930.3333333333333,1922
2021-09-20,Barley (Jau),29,Rajasthan,8,Jaipur,110,1895.6666666666667,1995.6666666666667,1945.6666666666667
2021-09-17,Barley (Jau),29,Rajasthan,8,Jaipur,110,2036.3333333333333,2086.3333333333335,2061.3333333333335
2021-09-16,Barley (Jau),29,Rajasthan,8,Jaipur,110,2002.6666666666667,2016.3333333333333,2012.6666666666667
2021-09-15,Barley (Jau),29,Rajasthan,8,Jaipur,110,1600,1900,1750
2021-09-14,Barley (Jau),29,Rajasthan,8,Jaipur,110,2025.5,2050.5,2038
2021-09-13,Barley (Jau),29,Rajasthan,8,Jaipur,110,1879.6666666666667,2049,1985
2021-09-11,Barley (Jau),29,Rajasthan,8,Jaipur,110,1785,1785,1785
2021-09-10,Barley (Jau),29,Rajasthan,8,Jaipur,110,1962.5,2000.5,1984
2021-09-09,Barley (Jau),29,Rajasthan,8,Jaipur,110,1900,2035.5,1987.5
2021-09-08,Barley (Jau),29,Rajasthan,8,Jaipur,110,1901.5,2047.5,2004.5
2021-09-07,Barley (Jau),29,Rajasthan,8,Jaipur,110,2008,2043,2023.5
2021-09-06,Barley (Jau),29,Rajasthan,8,Jaipur,110,1854.75,2035,2017.25
2021-09-04,Barley (Jau),29,Rajasthan,8,Jaipur,110,1745,1795,1782.5
2021-09-03,Barley (Jau),29,Rajasthan,8,Jaipur,110,1900,2030,2000
2021-09-01,Barley (Jau),29,Rajasthan,8,Jaipur,110,1870,1870,1870
2021-08-31,Barley (Jau),29,Rajasthan,8,Jaipur,110,1954.5,1999.5,1979.5
2021-08-30,Barley (Jau),29,Rajasthan,8,Jaipur,110,1862.5,1933,1897.5
2021-08-28,Barley (Jau),29,Rajasthan,8,Jaipur,110,1807.5,1830,1820
2021-08-26,Barley (Jau),29,Rajasthan,8,Jaipur,110,1904.5,2015.5,1975
2021-08-25,Barley (Jau),29,Rajasthan,8,Jaipur,110,1803,1997.3333333333333,1908.3333333333333
2021-08-24,Barley (Jau),29,Rajasthan,8,Jaipur,110,1946.6666666666667,2001.6666666666667,1980
2021-08-23,Barley (Jau),29,Rajasthan,8,Jaipur,110,1900,1990,1950
2021-08-21,Barley (Jau),29,Rajasthan,8,Jaipur,110,1900,2086,2055.5
2021-08-20,Barley (Jau),29,Rajasthan,8,Jaipur,110,1947.5,2087.5,2029.5
2021-08-19,Barley (Jau),29,Rajasthan,8,Jaipur,110,2004.3333333333333,2033.3333333333333,2020.3333333333333
2021-08-18,Barley (Jau),29,Rajasthan,8,Jaipur,110,1736,1820,1778
2021-08-17,Barley (Jau),29,Rajasthan,8,Jaipur,110,1843.5,1940.5,1905.75
2021-08-16,Barley (Jau),29,Rajasthan,8,Jaipur,110,1863.25,1972,1935.75
2021-08-14,Barley (Jau),29,Rajasthan,8,Jaipur,110,1932,2001,1970.3333333333333
2021-08-13,Barley (Jau),29,Rajasthan,8,Jaipur,110,1786.5,1861.5,1824
2021-08-12,Barley (Jau),29,Rajasthan,8,Jaipur,110,1795.5,1880.75,1836
2021-08-11,Barley (Jau),29,Rajasthan,8,Jaipur,110,1822.6666666666667,1937.6666666666667,1883.6666666666667
2021-08-10,Barley (Jau),29,Rajasthan,8,Jaipur,110,1893.3333333333333,1936.6666666666667,1915
2021-08-09,Barley (Jau),29,Rajasthan,8,Jaipur,110,1837,1933,1930
2021-08-07,Barley (Jau),29,Rajasthan,8,Jaipur,110,1860,1970.3333333333333,1919
2021-08-06,Barley (Jau),29,Rajasthan,8,Jaipur,110,1775,1963,1962.5
2021-08-05,Barley (Jau),29,Rajasthan,8,Jaipur,110,1800,1850,1825
2021-08-04,Barley (Jau),29,Rajasthan,8,Jaipur,110,1800,1821,1820
2021-08-03,Barley (Jau),29,Rajasthan,8,Jaipur,110,1800,1800,1800
2021-07-30,Barley (Jau),29,Rajasthan,8,Jaipur,110,1770,1919,1897.5
2021-07-29,Barley (Jau),29,Rajasthan,8,Jaipur,110,1689,1803.75,1764.5
2021-07-28,Barley (Jau),29,Rajasthan,8,Jaipur,110,1663,1775.5,1732.5
2021-07-27,Barley (Jau),29,Rajasthan,8,Jaipur,110,1490.5,1748,1650
2021-07-26,Barley (Jau),29,Rajasthan,8,Jaipur,110,1700,1777,1758.3333333333333
2021-07-24,Barley (Jau),29,Rajasthan,8,Jaipur,110,1625.5,1815.5,1719
2021-07-23,Barley (Jau),29,Rajasthan,8,Jaipur,110,1653.75,1740.25,1696.25
2021-07-22,Barley (Jau),29,Rajasthan,8,Jaipur,110,1676.6666666666667,1738.6666666666667,1721.6666666666667
2021-07-21,Barley (Jau),29,Rajasthan,8,Jaipur,110,1700,1800,1800
2021-07-20,Barley (Jau),29,Rajasthan,8,Jaipur,110,1675,1800,1760
2021-07-19,Barley (Jau),29,Rajasthan,8,Jaipur,110,1691,1752.3333333333333,1711.6666666666667
2021-07-17,Barley (Jau),29,Rajasthan,8,Jaipur,110,1640,1671.6666666666667,1665
2021-07-15,Barley (Jau),29,Rajasthan,8,Jaipur,110,1675.5,1769,1702.5
2021-07-14,Barley (Jau),29,Rajasthan,8,Jaipur,110,1610.5,1713,1689
2021-07-13,Barley (Jau),29,Rajasthan,8,Jaipur,110,1697.5,1726,1716
2021-07-12,Barley (Jau),29,Rajasthan,8,Jaipur,110,1694,1722,1710
2021-07-10,Barley (Jau),29,Rajasthan,8,Jaipur,110,1561.6666666666667,1621.3333333333333,1594
2021-07-09,Barley (Jau),29,Rajasthan,8,Jaipur,110,1660,1700,1680
2021-07-08,Barley (Jau),29,Rajasthan,8,Jaipur,110,1486,1504,1495
2021-07-07,Barley (Jau),29,Rajasthan,8,Jaipur,110,1700,1760,1730
2021-07-06,Barley (Jau),29,Rajasthan,8,Jaipur,110,1750,1800,1775
2021-07-05,Barley (Jau),29,Rajasthan,8,Jaipur,110,1620.3333333333333,1664.3333333333333,1641.6666666666667
2021-07-03,Barley (Jau),29,Rajasthan,8,Jaipur,110,1590.5,1617.5,1605.5
2021-07-02,Barley (Jau),29,Rajasthan,8,Jaipur,110,1605,1706.5,1680
2021-07-01,Barley (Jau),29,Rajasthan,8,Jaipur,110,1618,1618,1618
2021-06-30,Barley (Jau),29,Rajasthan,8,Jaipur,110,1549,1608,1578.5
2021-06-29,Barley (Jau),29,Rajasthan,8,Jaipur,110,1601,1627.5,1614
2021-06-28,Barley (Jau),29,Rajasthan,8,Jaipur,110,1566,1631,1603.6666666666667
2021-06-26,Barley (Jau),29,Rajasthan,8,Jaipur,110,1560,1654.3333333333333,1620
2021-06-25,Barley (Jau),29,Rajasthan,8,Jaipur,110,1626.6666666666667,1709.6666666666667,1667.3333333333333
2021-06-24,Barley (Jau),29,Rajasthan,8,Jaipur,110,1595,1702.75,1660.5
2021-06-23,Barley (Jau),29,Rajasthan,8,Jaipur,110,1600.3333333333333,1670.3333333333333,1648.6666666666667
2021-06-22,Barley (Jau),29,Rajasthan,8,Jaipur,110,1578.75,1690,1643.5
2021-06-21,Barley (Jau),29,Rajasthan,8,Jaipur,110,1601.6666666666667,1657,1653.3333333333333
2021-06-19,Barley (Jau),29,Rajasthan,8,Jaipur,110,1562.5,1640.5,1625
2021-06-18,Barley (Jau),29,Rajasthan,8,Jaipur,110,1590.3333333333333,1673,1655.6666666666667
2021-06-17,Barley (Jau),29,Rajasthan,8,Jaipur,110,1576,1700.25,1669.75
2021-06-16,Barley (Jau),29,Rajasthan,8,Jaipur,110,1569.25,1683.75,1635
2021-06-15,Barley (Jau),29,Rajasthan,8,Jaipur,110,1493.75,1680,1606.25
2021-06-14,Barley (Jau),29,Rajasthan,8,Jaipur,110,1541.25,1671.25,1615
2021-06-12,Barley (Jau),29,Rajasthan,8,Jaipur,110,1602.5,1695,1662.5
2021-06-11,Barley (Jau),29,Rajasthan,8,Jaipur,110,1661.25,1741.5,1703
2021-06-10,Barley (Jau),29,Rajasthan,8,Jaipur,110,1557.5,1698.25,1630
2021-06-09,Barley (Jau),29,Rajasthan,8,Jaipur,110,1575.5,1688,1634.5
2021-06-08,Barley (Jau),29,Rajasthan,8,Jaipur,110,1530,1697,1633
2021-06-07,Barley (Jau),29,Rajasthan,8,Jaipur,110,1545,1738.3333333333333,1687.3333333333333
2021-06-06,Barley (Jau),29,Rajasthan,8,Jaipur,110,1670,1770,1720
2021-06-05,Barley (Jau),29,Rajasthan,8,Jaipur,110,1650,1730,1690
2021-06-04,Barley (Jau),29,Rajasthan,8,Jaipur,110,1663.6666666666667,1733.6666666666667,1715
2021-06-03,Barley (Jau),29,Rajasthan,8,Jaipur,110,1641.6666666666667,1742,1697
2021-06-02,Barley (Jau),29,Rajasthan,8,Jaipur,110,1500,1685,1660
2021-06-01,Barley (Jau),29,Rajasthan,8,Jaipur,110,1700,1700,1700
2021-05-28,Barley (Jau),29,Rajasthan,8,Jaipur,110,1777.5,1802.5,1790
2021-05-27,Barley (Jau),29,Rajasthan,8,Jaipur,110,1771,1771,1771
2021-05-26,Barley (Jau),29,Rajasthan,8,Jaipur,110,1770,1770,1770
2021-05-25,Barley (Jau),29,Rajasthan,8,Jaipur,110,1750,1810.5,1780
2021-05-24,Barley (Jau),29,Rajasthan,8,Jaipur,110,1662.5,1712.5,1687.5
2021-05-22,Barley (Jau),29,Rajasthan,8,Jaipur,110,1670,1770,1720
2021-05-21,Barley (Jau),29,Rajasthan,8,Jaipur,110,1700,1787.5,1762.5
2021-05-20,Barley (Jau),29,Rajasthan,8,Jaipur,110,1775,1775,1775
2021-05-18,Barley (Jau),29,Rajasthan,8,Jaipur,110,1800,1800,1800
2021-05-17,Barley (Jau),29,Rajasthan,8,Jaipur,110,1780,1780,1780
2021-05-14,Barley (Jau),29,Rajasthan,8,Jaipur,110,1790,1790,1790
2021-05-12,Barley (Jau),29,Rajasthan,8,Jaipur,110,1700,1750,1725
2021-05-11,Barley (Jau),29,Rajasthan,8,Jaipur,110,1825,1825,1825
2021-05-10,Barley (Jau),29,Rajasthan,8,Jaipur,110,1700,1800,1750
2021-05-06,Barley (Jau),29,Rajasthan,8,Jaipur,110,1831,1831,1831
2021-05-05,Barley (Jau),29,Rajasthan,8,Jaipur,110,1700,1825,1800
2021-05-04,Barley (Jau),29,Rajasthan,8,Jaipur,110,1700,1825,1775
2021-05-03,Barley (Jau),29,Rajasthan,8,Jaipur,110,1730,1850,1800
2021-04-30,Barley (Jau),29,Rajasthan,8,Jaipur,110,1715,1835,1780
2021-04-29,Barley (Jau),29,Rajasthan,8,Jaipur,110,1600,1900,1820
2021-04-28,Barley (Jau),29,Rajasthan,8,Jaipur,110,1800,1900,1850
2021-04-27,Barley (Jau),29,Rajasthan,8,Jaipur,110,1750,1842,1796
2021-04-26,Barley (Jau),29,Rajasthan,8,Jaipur,110,1648.3333333333333,1856,1798.3333333333333
2021-04-24,Barley (Jau),29,Rajasthan,8,Jaipur,110,1644.5,1800,1722
2021-04-23,Barley (Jau),29,Rajasthan,8,Jaipur,110,1613.3333333333333,1903,1828
2021-04-22,Barley (Jau),29,Rajasthan,8,Jaipur,110,1605,1889,1850
2021-04-21,Barley (Jau),29,Rajasthan,8,Jaipur,110,1750,1870,1820
2021-04-20,Barley (Jau),29,Rajasthan,8,Jaipur,110,1631.6666666666667,1821.8333333333333,1750.8333333333333
2021-04-19,Barley (Jau),29,Rajasthan,8,Jaipur,110,1683.3333333333333,1852.6666666666667,1816.6666666666667
2021-04-16,Barley (Jau),29,Rajasthan,8,Jaipur,110,1557.5,1753.5,1688.75
2021-04-15,Barley (Jau),29,Rajasthan,8,Jaipur,110,1642,1780.25,1712.25
2021-04-14,Barley (Jau),29,Rajasthan,8,Jaipur,110,1565,1715.5,1640
2021-04-13,Barley (Jau),29,Rajasthan,8,Jaipur,110,1665,1767,1723.3333333333333
2021-04-12,Barley (Jau),29,Rajasthan,8,Jaipur,110,1545.4,1731.6,1663
2021-04-11,Barley (Jau),29,Rajasthan,8,Jaipur,110,1550,1650,1600
2021-04-10,Barley (Jau),29,Rajasthan,8,Jaipur,110,1555.75,1682.5,1638.5
2021-04-09,Barley (Jau),29,Rajasthan,8,Jaipur,110,1500,1669.5,1620
2021-04-08,Barley (Jau),29,Rajasthan,8,Jaipur,110,1410,1669,1620
2021-04-07,Barley (Jau),29,Rajasthan,8,Jaipur,110,1513.3333333333333,1643.6666666666667,1613.3333333333333
2021-04-06,Barley (Jau),29,Rajasthan,8,Jaipur,110,1470.25,1610,1572.5
2021-04-05,Barley (Jau),29,Rajasthan,8,Jaipur,110,1457.5,1587.5,1565
2021-04-04,Barley (Jau),29,Rajasthan,8,Jaipur,110,1440,1500,1470
2021-04-03,Barley (Jau),29,Rajasthan,8,Jaipur,110,1450,1549,1505
2021-04-02,Barley (Jau),29,Rajasthan,8,Jaipur,110,1425,1547,1490
2021-04-01,Barley (Jau),29,Rajasthan,8,Jaipur,110,1285.5,1575.5,1537.5
2021-03-31,Barley (Jau),29,Rajasthan,8,Jaipur,110,1437.5,1523,1487.5
2021-03-30,Barley (Jau),29,Rajasthan,8,Jaipur,110,1407.5,1521.25,1467.5
2021-03-28,Barley (Jau),29,Rajasthan,8,Jaipur,110,1350,1430,1415
2021-03-27,Barley (Jau),29,Rajasthan,8,Jaipur,110,1316.6666666666667,1533.6666666666667,1403.3333333333333
2021-03-26,Barley (Jau),29,Rajasthan,8,Jaipur,110,1375,1510,1470
2021-03-25,Barley (Jau),29,Rajasthan,8,Jaipur,110,1400,1534,1480
2021-03-24,Barley (Jau),29,Rajasthan,8,Jaipur,110,1360.8,1483.8,1450.2
2021-03-23,Barley (Jau),29,Rajasthan,8,Jaipur,110,1387,1475.5,1441
2021-03-22,Barley (Jau),29,Rajasthan,8,Jaipur,110,1342.2,1497.2,1456
2021-03-21,Barley (Jau),29,Rajasthan,8,Jaipur,110,1400,1440,1420
2021-03-20,Barley (Jau),29,Rajasthan,8,Jaipur,110,1350,1489.6666666666667,1463.3333333333333
2021-03-19,Barley (Jau),29,Rajasthan,8,Jaipur,110,1261.75,1484,1442.5
2021-03-18,Barley (Jau),29,Rajasthan,8,Jaipur,110,1343.3333333333333,1447.3333333333333,1403
2021-03-17,Barley (Jau),29,Rajasthan,8,Jaipur,110,1273.8,1409.8,1365.8
2021-03-16,Barley (Jau),29,Rajasthan,8,Jaipur,110,1325,1402.5,1371
2021-03-15,Barley (Jau),29,Rajasthan,8,Jaipur,110,1303,1368.25,1340.75
2021-03-14,Barley (Jau),29,Rajasthan,8,Jaipur,110,1300,1350,1325
2021-03-13,Barley (Jau),29,Rajasthan,8,Jaipur,110,1284.3333333333333,1368,1322.6666666666667
2021-03-12,Barley (Jau),29,Rajasthan,8,Jaipur,110,1243,1391.5,1333.25
2021-03-11,Barley (Jau),29,Rajasthan,8,Jaipur,110,1225.5,1360,1290
2021-03-10,Barley (Jau),29,Rajasthan,8,Jaipur,110,1285.5,1326.5,1305
2021-03-09,Barley (Jau),29,Rajasthan,8,Jaipur,110,1243.3333333333333,1316.6666666666667,1291.6666666666667
2021-03-08,Barley (Jau),29,Rajasthan,8,Jaipur,110,1218,1304,1264
2021-03-07,Barley (Jau),29,Rajasthan,8,Jaipur,110,1240,1260,1250
2021-03-06,Barley (Jau),29,Rajasthan,8,Jaipur,110,1207.75,1275.25,1258.25
2021-03-05,Barley (Jau),29,Rajasthan,8,Jaipur,110,1247.5,1320.5,1280
2021-03-04,Barley (Jau),29,Rajasthan,8,Jaipur,110,1231,1401,1320
2021-03-03,Barley (Jau),29,Rajasthan,8,Jaipur,110,1225,1255.5,1240
2021-03-02,Barley (Jau),29,Rajasthan,8,Jaipur,110,1175.5,1261,1215
2021-02-27,Barley (Jau),29,Rajasthan,8,Jaipur,110,1160,1262.5,1240
2021-02-26,Barley (Jau),29,Rajasthan,8,Jaipur,110,1193.3333333333333,1240.3333333333333,1216.6666666666667
2021-02-25,Barley (Jau),29,Rajasthan,8,Jaipur,110,1207.5,1207.5,1207.5
2021-02-24,Barley (Jau),29,Rajasthan,8,Jaipur,110,1287,1320.6666666666667,1308.3333333333333
2021-02-23,Barley (Jau),29,Rajasthan,8,Jaipur,110,1220.6666666666667,1267.3333333333333,1248
2021-02-22,Barley (Jau),29,Rajasthan,8,Jaipur,110,1161,1161,1161
2021-02-20,Barley (Jau),29,Rajasthan,8,Jaipur,110,1242.5,1252.5,1247.5
2021-02-19,Barley (Jau),29,Rajasthan,8,Jaipur,110,1235,1241.6666666666667,1238.3333333333333
2021-02-18,Barley (Jau),29,Rajasthan,8,Jaipur,110,1190.3333333333333,1245.3333333333333,1222
2021-02-17,Barley (Jau),29,Rajasthan,8,Jaipur,110,1209,1222.3333333333333,1215.6666666666667
2021-02-16,Barley (Jau),29,Rajasthan,8,Jaipur,110,1220,1230,1225
2021-02-15,Barley (Jau),29,Rajasthan,8,Jaipur,110,1210.25,1222.75,1216.25
2021-02-13,Barley (Jau),29,Rajasthan,8,Jaipur,110,1230,1240,1235
2021-02-12,Barley (Jau),29,Rajasthan,8,Jaipur,110,1271.5,1271.5,1271.5
2021-02-11,Barley (Jau),29,Rajasthan,8,Jaipur,110,1242,1282.3333333333333,1275.3333333333333
2021-02-10,Barley (Jau),29,Rajasthan,8,Jaipur,110,1218.75,1263.75,1240
2021-02-09,Barley (Jau),29,Rajasthan,8,Jaipur,110,1280,1293.3333333333333,1286.6666666666667
2021-02-08,Barley (Jau),29,Rajasthan,8,Jaipur,110,1237,1307.75,1276
2021-02-06,Barley (Jau),29,Rajasthan,8,Jaipur,110,1300,1430,1390
2021-02-05,Barley (Jau),29,Rajasthan,8,Jaipur,110,1265,1291.75,1278.25
2021-02-04,Barley (Jau),29,Rajasthan,8,Jaipur,110,1200,1264,1264
2021-02-03,Barley (Jau),29,Rajasthan,8,Jaipur,110,1308.3333333333333,1335,1321.6666666666667
2021-02-02,Barley (Jau),29,Rajasthan,8,Jaipur,110,1236,1249,1239
2021-02-01,Barley (Jau),29,Rajasthan,8,Jaipur,110,1260,1260,1260
2021-01-31,Barley (Jau),29,Rajasthan,8,Jaipur,110,1280,1320,1300
2021-01-30,Barley (Jau),29,Rajasthan,8,Jaipur,110,1211,1284,1260
2021-01-29,Barley (Jau),29,Rajasthan,8,Jaipur,110,1287.75,1316.5,1303.25
2021-01-28,Barley (Jau),29,Rajasthan,8,Jaipur,110,1225,1297.5,1260
2021-01-27,Barley (Jau),29,Rajasthan,8,Jaipur,110,1220,1323,1285.3333333333333
2021-01-25,Barley (Jau),29,Rajasthan,8,Jaipur,110,1296.6666666666667,1330,1313.3333333333333
2021-01-23,Barley (Jau),29,Rajasthan,8,Jaipur,110,1166.6666666666667,1275,1266.6666666666667
2021-01-22,Barley (Jau),29,Rajasthan,8,Jaipur,110,1277,1309.6666666666667,1293.3333333333333
2021-01-21,Barley (Jau),29,Rajasthan,8,Jaipur,110,1216.6666666666667,1282,1249.3333333333333
2021-01-20,Barley (Jau),29,Rajasthan,8,Jaipur,110,1178.75,1303.75,1260
2021-01-19,Barley (Jau),29,Rajasthan,8,Jaipur,110,1175,1250,1212
2021-01-18,Barley (Jau),29,Rajasthan,8,Jaipur,110,1264.25,1308,1297
2021-01-16,Barley (Jau),29,Rajasthan,8,Jaipur,110,1225,1225,1225
2021-01-15,Barley (Jau),29,Rajasthan,8,Jaipur,110,1166,1184.3333333333333,1175
2021-01-13,Barley (Jau),29,Rajasthan,8,Jaipur,110,1188.3333333333333,1204,1196
2021-01-12,Barley (Jau),29,Rajasthan,8,Jaipur,110,1197.6666666666667,1215,1207
2021-01-11,Barley (Jau),29,Rajasthan,8,Jaipur,110,1194,1199,1196.5
2021-01-09,Barley (Jau),29,Rajasthan,8,Jaipur,110,1230,1230,1230
2021-01-08,Barley (Jau),29,Rajasthan,8,Jaipur,110,1215,1223,1220
2021-01-07,Barley (Jau),29,Rajasthan,8,Jaipur,110,1225,1225,1225
2021-01-06,Barley (Jau),29,Rajasthan,8,Jaipur,110,1180,1211.6666666666667,1201.6666666666667
2021-01-05,Barley (Jau),29,Rajasthan,8,Jaipur,110,1225,1225,1225
2021-01-03,Barley (Jau),29,Rajasthan,8,Jaipur,110,1180,1220,1200
2021-01-02,Barley (Jau),29,Rajasthan,8,Jaipur,110,1150,1150,1150
2021-01-01,Barley (Jau),29,Rajasthan,8,Jaipur,110,1189,1199,1194
2020-12-30,Barley (Jau),29,Rajasthan,8,Jaipur,110,1126.6666666666667,1159.3333333333333,1143
2020-12-29,Barley (Jau),29,Rajasthan,8,Jaipur,110,1114.5,1156,1134.5
2020-12-28,Barley (Jau),29,Rajasthan,8,Jaipur,110,1117.3333333333333,1138.6666666666667,1134.3333333333333
2020-12-26,Barley (Jau),29,Rajasthan,8,Jaipur,110,1120,1162,1150
2020-12-25,Barley (Jau),29,Rajasthan,8,Jaipur,110,1100,1164.5,1149
2020-12-24,Barley (Jau),29,Rajasthan,8,Jaipur,110,1105.5,1161,1133
2020-12-23,Barley (Jau),29,Rajasthan,8,Jaipur,110,1103.3333333333333,1109.6666666666667,1106.6666666666667
2020-12-22,Barley (Jau),29,Rajasthan,8,Jaipur,110,1086.6666666666667,1114,1099.3333333333333
2020-12-21,Barley (Jau),29,Rajasthan,8,Jaipur,110,1030.5,1074,1072.5
2020-12-20,Barley (Jau),29,Rajasthan,8,Jaipur,110,1100,1160,1130
2020-12-19,Barley (Jau),29,Rajasthan,8,Jaipur,110,1083.3333333333333,1130.6666666666667,1115
2020-12-18,Barley (Jau),29,Rajasthan,8,Jaipur,110,1070,1125,1100
2020-12-17,Barley (Jau),29,Rajasthan,8,Jaipur,110,1094,1144.3333333333333,1130
2020-12-16,Barley (Jau),29,Rajasthan,8,Jaipur,110,1131.5,1150,1142.5
2020-12-15,Barley (Jau),29,Rajasthan,8,Jaipur,110,1100,1140,1130
2020-12-14,Barley (Jau),29,Rajasthan,8,Jaipur,110,1066.6666666666667,1103.6666666666667,1088.3333333333333
2020-12-12,Barley (Jau),29,Rajasthan,8,Jaipur,110,1101,1255,1180
2020-12-11,Barley (Jau),29,Rajasthan,8,Jaipur,110,1080,1120,1100
2020-12-10,Barley (Jau),29,Rajasthan,8,Jaipur,110,1050,1100,1090
2020-12-09,Barley (Jau),29,Rajasthan,8,Jaipur,110,1262.5,1400,1325
2020-12-07,Barley (Jau),29,Rajasthan,8,Jaipur,110,1106.5,1116.5,1111.5
2020-12-05,Barley (Jau),29,Rajasthan,8,Jaipur,110,1040,1127,1070
2020-12-04,Barley (Jau),29,Rajasthan,8,Jaipur,110,1090.3333333333333,1140.3333333333333,1126.6666666666667
2020-12-03,Barley (Jau),29,Rajasthan,8,Jaipur,110,1030.5,1095,1075
2020-12-02,Barley (Jau),29,Rajasthan,8,Jaipur,110,1052.6666666666667,1123.3333333333333,1101
2020-11-30,Barley (Jau),29,Rajasthan,8,Jaipur,110,1050,1126.6666666666667,1090
2020-11-29,Barley (Jau),29,Rajasthan,8,Jaipur,110,1100,1150,1125
2020-11-28,Barley (Jau),29,Rajasthan,8,Jaipur,110,1098.3333333333333,1166.6666666666667,1133.3333333333333
2020-11-27,Barley (Jau),29,Rajasthan,8,Jaipur,110,1079,1269,1229.6666666666667
2020-11-26,Barley (Jau),29,Rajasthan,8,Jaipur,110,1087.5,1105,1097.5
2020-11-25,Barley (Jau),29,Rajasthan,8,Jaipur,110,1160,1184.5,1172
2020-11-24,Barley (Jau),29,Rajasthan,8,Jaipur,110,1123.6666666666667,1208.6666666666667,1166
2020-11-23,Barley (Jau),29,Rajasthan,8,Jaipur,110,1124.75,1165.5,1145.5
2020-11-21,Barley (Jau),29,Rajasthan,8,Jaipur,110,1103.6666666666667,1136.6666666666667,1120
2020-11-20,Barley (Jau),29,Rajasthan,8,Jaipur,110,1105,1161.6666666666667,1143.3333333333333
2020-11-19,Barley (Jau),29,Rajasthan,8,Jaipur,110,1110.3333333333333,1165.3333333333333,1151
2020-11-18,Barley (Jau),29,Rajasthan,8,Jaipur,110,1086,1141,1125.5
2020-11-17,Barley (Jau),29,Rajasthan,8,Jaipur,110,1065,1150,1112.5
2020-11-16,Barley (Jau),29,Rajasthan,8,Jaipur,110,1100,1200,1150
2020-11-12,Barley (Jau),29,Rajasthan,8,Jaipur,110,1100,1170,1135
2020-11-11,Barley (Jau),29,Rajasthan,8,Jaipur,110,1031.25,1141.25,1115.5
2020-11-10,Barley (Jau),29,Rajasthan,8,Jaipur,110,1106.75,1173,1146.25
2020-11-09,Barley (Jau),29,Rajasthan,8,Jaipur,110,1100,1213,1190
2020-11-07,Barley (Jau),29,Rajasthan,8,Jaipur,110,1082,1152.75,1127.75
2020-11-06,Barley (Jau),29,Rajasthan,8,Jaipur,110,1118.5,1151,1137.5
2020-11-05,Barley (Jau),29,Rajasthan,8,Jaipur,110,1100,1195.5,1160
2020-11-04,Barley (Jau),29,Rajasthan,8,Jaipur,110,1150,1209.5,1195
2020-11-03,Barley (Jau),29,Rajasthan,8,Jaipur,110,1076.6666666666667,1128.6666666666667,1110
2020-11-02,Barley (Jau),29,Rajasthan,8,Jaipur,110,925,925,925
2020-10-31,Barley (Jau),29,Rajasthan,8,Jaipur,110,1087.75,1161.25,1132
2020-10-30,Barley (Jau),29,Rajasthan,8,Jaipur,110,1049.6666666666667,1136.6666666666667,1114.6666666666667
2020-10-29,Barley (Jau),29,Rajasthan,8,Jaipur,110,1032.5,1086.5,1082.5
2020-10-28,Barley (Jau),29,Rajasthan,8,Jaipur,110,1080.5,1119,1100
2020-10-27,Barley (Jau),29,Rajasthan,8,Jaipur,110,1080.3333333333333,1147.6666666666667,1117
2020-10-26,Barley (Jau),29,Rajasthan,8,Jaipur,110,1150,1255.5,1195
2020-10-24,Barley (Jau),29,Rajasthan,8,Jaipur,110,1013.3333333333334,1153.3333333333333,1120
2020-10-23,Barley (Jau),29,Rajasthan,8,Jaipur,110,1033.3333333333333,1106,1088.6666666666667
2020-10-22,Barley (Jau),29,Rajasthan,8,Jaipur,110,1069.3333333333333,1112.6666666666667,1102.6666666666667
2020-10-21,Barley (Jau),29,Rajasthan,8,Jaipur,110,1088.3333333333333,1127.6666666666667,1108
2020-10-20,Barley (Jau),29,Rajasthan,8,Jaipur,110,1057.5,1108,1102.5
2020-10-19,Barley (Jau),29,Rajasthan,8,Jaipur,110,1067.75,1135.5,1112.75
2020-10-18,Barley (Jau),29,Rajasthan,8,Jaipur,110,1150,1170,1160
2020-10-17,Barley (Jau),29,Rajasthan,8,Jaipur,110,1047.5,1072.5,1060
2020-10-16,Barley (Jau),29,Rajasthan,8,Jaipur,110,1070.3333333333333,1107,1091.6666666666667
2020-10-15,Barley (Jau),29,Rajasthan,8,Jaipur,110,1000,1166,1125
2020-10-14,Barley (Jau),29,Rajasthan,8,Jaipur,110,1025,1141.5,1115
2020-10-13,Barley (Jau),29,Rajasthan,8,Jaipur,110,1027,1103,1065
2020-10-12,Barley (Jau),29,Rajasthan,8,Jaipur,110,1110,1158,1132.5
2020-10-10,Barley (Jau),29,Rajasthan,8,Jaipur,110,1091,1105,1095
2020-10-09,Barley (Jau),29,Rajasthan,8,Jaipur,110,1067.5,1136.25,1123
2020-10-08,Barley (Jau),29,Rajasthan,8,Jaipur,110,1067.5,1145.5,1109
2020-10-07,Barley (Jau),29,Rajasthan,8,Jaipur,110,1027.3333333333333,1096.6666666666667,1056.6666666666667
2020-10-06,Barley (Jau),29,Rajasthan,8,Jaipur,110,1025,1056.6666666666667,1046.6666666666667
2020-10-05,Barley (Jau),29,Rajasthan,8,Jaipur,110,1065,1085,1075
2020-10-03,Barley (Jau),29,Rajasthan,8,Jaipur,110,1060,1085,1082.5
2020-10-02,Barley (Jau),29,Rajasthan,8,Jaipur,110,920,943,940
2020-10-01,Barley (Jau),29,Rajasthan,8,Jaipur,110,1000,1169,1150
2020-09-30,Barley (Jau),29,Rajasthan,8,Jaipur,110,1075,1135.5,1109
2020-09-29,Barley (Jau),29,Rajasthan,8,Jaipur,110,1112.5,1131.5,1122
2020-09-28,Barley (Jau),29,Rajasthan,8,Jaipur,110,1021,1052.3333333333333,1051
2020-09-27,Barley (Jau),29,Rajasthan,8,Jaipur,110,1080,1080,1080
2020-09-26,Barley (Jau),29,Rajasthan,8,Jaipur,110,1080,1101.5,1095.5
2020-09-25,Barley (Jau),29,Rajasthan,8,Jaipur,110,1068.3333333333333,1128.6666666666667,1109
2020-09-24,Barley (Jau),29,Rajasthan,8,Jaipur,110,1070,1114,1096.6666666666667
2020-09-23,Barley (Jau),29,Rajasthan,8,Jaipur,110,1044.75,1060.75,1057.5
2020-09-22,Barley (Jau),29,Rajasthan,8,Jaipur,110,931,1048.5,1018
2020-09-21,Barley (Jau),29,Rajasthan,8,Jaipur,110,1120,1150,1135
2020-09-20,Barley (Jau),29,Rajasthan,8,Jaipur,110,1070,1070,1070
2020-09-19,Barley (Jau),29,Rajasthan,8,Jaipur,110,1062.5,1109,1100
2020-09-18,Barley (Jau),29,Rajasthan,8,Jaipur,110,1091,1105.5,1098
2020-09-17,Barley (Jau),29,Rajasthan,8,Jaipur,110,1061,1132,1114.5
2020-09-16,Barley (Jau),29,Rajasthan,8,Jaipur,110,1069.25,1113.5,1094.5
2020-09-15,Barley (Jau),29,Rajasthan,8,Jaipur,110,1060.5,1110.75,1086.75
2020-09-14,Barley (Jau),29,Rajasthan,8,Jaipur,110,1053.6666666666667,1124.6666666666667,1106.6666666666667
2020-09-13,Barley (Jau),29,Rajasthan,8,Jaipur,110,1100,1100,1100
2020-09-12,Barley (Jau),29,Rajasthan,8,Jaipur,110,1061.6666666666667,1119.6666666666667,1093.3333333333333
2020-09-11,Barley (Jau),29,Rajasthan,8,Jaipur,110,1050,1150,1120
2020-09-10,Barley (Jau),29,Rajasthan,8,Jaipur,110,1004.6666666666666,1127.6666666666667,1096.6666666666667
2020-09-09,Barley (Jau),29,Rajasthan,8,Jaipur,110,1084.5,1128.25,1112.5
2020-09-08,Barley (Jau),29,Rajasthan,8,Jaipur,110,1088.3333333333333,1136,1120
2020-09-07,Barley (Jau),29,Rajasthan,8,Jaipur,110,1030,1163.5,1112.5
2020-09-06,Barley (Jau),29,Rajasthan,8,Jaipur,110,1130,1130,1130
2020-09-05,Barley (Jau),29,Rajasthan,8,Jaipur,110,1068.6666666666667,1123,1111.6666666666667
2020-09-04,Barley (Jau),29,Rajasthan,8,Jaipur,110,1057,1129,1103.3333333333333
2020-09-03,Barley (Jau),29,Rajasthan,8,Jaipur,110,1030,1130.5,1122.5
2020-09-02,Barley (Jau),29,Rajasthan,8,Jaipur,110,1140,1140,1140
2020-09-01,Barley (Jau),29,Rajasthan,8,Jaipur,110,1050,1120,1100
2020-08-31,Barley (Jau),29,Rajasthan,8,Jaipur,110,1099,1179,1147.5
2020-08-29,Barley (Jau),29,Rajasthan,8,Jaipur,110,1100,1150,1125
2020-08-25,Barley (Jau),29,Rajasthan,8,Jaipur,110,1131,1152.5,1141.5
2020-08-24,Barley (Jau),29,Rajasthan,8,Jaipur,110,1080,1170.5,1130
2020-08-23,Barley (Jau),29,Rajasthan,8,Jaipur,110,1120,1120,1120
2020-08-22,Barley (Jau),29,Rajasthan,8,Jaipur,110,1100,1180,1150
2020-08-21,Barley (Jau),29,Rajasthan,8,Jaipur,110,1135.5,1170,1150
2020-08-20,Barley (Jau),29,Rajasthan,8,Jaipur,110,1115.6666666666667,1190,1173
2020-08-19,Barley (Jau),29,Rajasthan,8,Jaipur,110,1087.5,1165,1131.25
2020-08-18,Barley (Jau),29,Rajasthan,8,Jaipur,110,1120.2,1163.2,1143
2020-08-17,Barley (Jau),29,Rajasthan,8,Jaipur,110,1131,1172.25,1155.75
2020-08-16,Barley (Jau),29,Rajasthan,8,Jaipur,110,1130,1130,1130
2020-08-14,Barley (Jau),29,Rajasthan,8,Jaipur,110,1124.5,1142,1133
2020-08-13,Barley (Jau),29,Rajasthan,8,Jaipur,110,1121,1144.5,1131
2020-08-12,Barley (Jau),29,Rajasthan,8,Jaipur,110,1106,1146.6666666666667,1125.3333333333333
2020-08-11,Barley (Jau),29,Rajasthan,8,Jaipur,110,1100.5,1179,1145
2020-08-10,Barley (Jau),29,Rajasthan,8,Jaipur,110,1093.6666666666667,1158,1138.3333333333333
2020-08-09,Barley (Jau),29,Rajasthan,8,Jaipur,110,1140,1140,1140
2020-08-08,Barley (Jau),29,Rajasthan,8,Jaipur,110,1080,1146,1128.3333333333333
2020-08-07,Barley (Jau),29,Rajasthan,8,Jaipur,110,1117.75,1182.5,1162.5
2020-08-06,Barley (Jau),29,Rajasthan,8,Jaipur,110,1109,1187.5,1152.5
2020-08-05,Barley (Jau),29,Rajasthan,8,Jaipur,110,1136.6666666666667,1170,1153.3333333333333
2020-08-04,Barley (Jau),29,Rajasthan,8,Jaipur,110,1107,1180.3333333333333,1168.3333333333333
2020-08-01,Barley (Jau),29,Rajasthan,8,Jaipur,110,1140,1211,1190
2020-07-31,Barley (Jau),29,Rajasthan,8,Jaipur,110,1100,1200,1150
2020-07-30,Barley (Jau),29,Rajasthan,8,Jaipur,110,1116.6666666666667,1201.6666666666667,1173.3333333333333
2020-07-29,Barley (Jau),29,Rajasthan,8,Jaipur,110,1137.3333333333333,1203.3333333333333,1180
2020-07-28,Barley (Jau),29,Rajasthan,8,Jaipur,110,1134,1340,1296
2020-07-27,Barley (Jau),29,Rajasthan,8,Jaipur,110,1106.6666666666667,1187.6666666666667,1150
2020-07-26,Barley (Jau),29,Rajasthan,8,Jaipur,110,1170,1170,1170
2020-07-25,Barley (Jau),29,Rajasthan,8,Jaipur,110,1130.8,1203.2,1184.8
2020-07-24,Barley (Jau),29,Rajasthan,8,Jaipur,110,1168.5,1219.5,1203.25
2020-07-23,Barley (Jau),29,Rajasthan,8,Jaipur,110,1154.75,1223.25,1192
2020-07-22,Barley (Jau),29,Rajasthan,8,Jaipur,110,1149.75,1223.75,1191.5
2020-07-21,Barley (Jau),29,Rajasthan,8,Jaipur,110,1103.75,1202.75,1163.75
2020-07-20,Barley (Jau),29,Rajasthan,8,Jaipur,110,1190.4,1239.2,1223.2
2020-07-19,Barley (Jau),29,Rajasthan,8,Jaipur,110,1215,1215,1215
2020-07-18,Barley (Jau),29,Rajasthan,8,Jaipur,110,1161.6666666666667,1247.6666666666667,1230
2020-07-17,Barley (Jau),29,Rajasthan,8,Jaipur,110,1211.25,1253.25,1237.5
2020-07-16,Barley (Jau),29,Rajasthan,8,Jaipur,110,1155,1242.5,1210
2020-07-15,Barley (Jau),29,Rajasthan,8,Jaipur,110,1185,1238.6,1227
2020-07-14,Barley (Jau),29,Rajasthan,8,Jaipur,110,1153.3333333333333,1256.6666666666667,1243.3333333333333
2020-07-13,Barley (Jau),29,Rajasthan,8,Jaipur,110,1198.2,1248.8,1236
2020-07-12,Barley (Jau),29,Rajasthan,8,Jaipur,110,1240,1240,1240
2020-07-11,Barley (Jau),29,Rajasthan,8,Jaipur,110,1238.3333333333333,1249.6666666666667,1244
2020-07-10,Barley (Jau),29,Rajasthan,8,Jaipur,110,1192.75,1243.25,1230.25
2020-07-09,Barley (Jau),29,Rajasthan,8,Jaipur,110,1210,1270.75,1247.75
2020-07-08,Barley (Jau),29,Rajasthan,8,Jaipur,110,1199,1267.5,1260
2020-07-07,Barley (Jau),29,Rajasthan,8,Jaipur,110,1234.5,1284,1263.25
2020-07-06,Barley (Jau),29,Rajasthan,8,Jaipur,110,1202.25,1285.5,1269.25
2020-07-05,Barley (Jau),29,Rajasthan,8,Jaipur,110,1255,1255,1255
2020-07-04,Barley (Jau),29,Rajasthan,8,Jaipur,110,1249,1286.6,1271.8
2020-07-03,Barley (Jau),29,Rajasthan,8,Jaipur,110,1237.25,1288.5,1265.5
2020-07-02,Barley (Jau),29,Rajasthan,8,Jaipur,110,1237.5,1307.5,1285
2020-07-01,Barley (Jau),29,Rajasthan,8,Jaipur,110,1235.5,1307.5,1285
2020-06-30,Barley (Jau),29,Rajasthan,8,Jaipur,110,1262.75,1301.25,1275.25
2020-06-29,Barley (Jau),29,Rajasthan,8,Jaipur,110,1264,1291.5,1276
2020-06-28,Barley (Jau),29,Rajasthan,8,Jaipur,110,1290,1290,1290
2020-06-27,Barley (Jau),29,Rajasthan,8,Jaipur,110,1256.6666666666667,1283.3333333333333,1270
2020-06-26,Barley (Jau),29,Rajasthan,8,Jaipur,110,1255,1283.75,1271.25
2020-06-25,Barley (Jau),29,Rajasthan,8,Jaipur,110,1275,1300,1287.3333333333333
2020-06-24,Barley (Jau),29,Rajasthan,8,Jaipur,110,1275,1275,1275
2020-06-23,Barley (Jau),29,Rajasthan,8,Jaipur,110,1262.6666666666667,1305,1283.6666666666667
2020-06-22,Barley (Jau),29,Rajasthan,8,Jaipur,110,1264.25,1300.25,1284.75
2020-06-21,Barley (Jau),29,Rajasthan,8,Jaipur,110,1200,1200,1200
2020-06-20,Barley (Jau),29,Rajasthan,8,Jaipur,110,1253.3333333333333,1286.6666666666667,1276.6666666666667
2020-06-19,Barley (Jau),29,Rajasthan,8,Jaipur,110,1269,1296.6666666666667,1282.6666666666667
2020-06-18,Barley (Jau),29,Rajasthan,8,Jaipur,110,1300,1300,1300
2020-06-17,Barley (Jau),29,Rajasthan,8,Jaipur,110,1304.3333333333333,1312.6666666666667,1308.3333333333333
2020-06-16,Barley (Jau),29,Rajasthan,8,Jaipur,110,1245,1299,1283.75
2020-06-15,Barley (Jau),29,Rajasthan,8,Jaipur,110,1276.25,1330.25,1307.5
2020-06-14,Barley (Jau),29,Rajasthan,8,Jaipur,110,1414,1414,1414
2020-06-13,Barley (Jau),29,Rajasthan,8,Jaipur,110,1290.25,1337.5,1316.25
2020-06-12,Barley (Jau),29,Rajasthan,8,Jaipur,110,1261.25,1336.5,1318.75
2020-06-11,Barley (Jau),29,Rajasthan,8,Jaipur,110,1311.5,1374.1666666666667,1344
2020-06-10,Barley (Jau),29,Rajasthan,8,Jaipur,110,1320,1361.25,1341.75
2020-06-09,Barley (Jau),29,Rajasthan,8,Jaipur,110,1311.25,1377,1344.75
2020-06-08,Barley (Jau),29,Rajasthan,8,Jaipur,110,1325.857142857143,1402,1364.5714285714287
2020-06-07,Barley (Jau),29,Rajasthan,8,Jaipur,110,1340,1340,1340
2020-06-06,Barley (Jau),29,Rajasthan,8,Jaipur,110,1336.6666666666667,1386.3333333333333,1358.3333333333333
2020-06-05,Barley (Jau),29,Rajasthan,8,Jaipur,110,1344,1390.4,1367
2020-06-04,Barley (Jau),29,Rajasthan,8,Jaipur,110,1337,1417.2,1384.4
2020-06-03,Barley (Jau),29,Rajasthan,8,Jaipur,110,1360.25,1385.25,1377.5
2020-06-02,Barley (Jau),29,Rajasthan,8,Jaipur,110,1355,1410.3333333333333,1376.6666666666667
2020-06-01,Barley (Jau),29,Rajasthan,8,Jaipur,110,1360,1390,1370
2020-05-31,Barley (Jau),29,Rajasthan,8,Jaipur,110,1358.75,1408.75,1383.75
2020-05-30,Barley (Jau),29,Rajasthan,8,Jaipur,110,1345,1457.2,1399
2020-05-29,Barley (Jau),29,Rajasthan,8,Jaipur,110,1371.6666666666667,1422.5,1397.5
2020-05-28,Barley (Jau),29,Rajasthan,8,Jaipur,110,1346.8,1399.4,1373
2020-05-27,Barley (Jau),29,Rajasthan,8,Jaipur,110,1320,1411,1366
2020-05-26,Barley (Jau),29,Rajasthan,8,Jaipur,110,1389.6666666666667,1473.6666666666667,1420
2020-05-25,Barley (Jau),29,Rajasthan,8,Jaipur,110,1369.2,1481.6,1410
2020-05-24,Barley (Jau),29,Rajasthan,8,Jaipur,110,1440,1506.6666666666667,1473.3333333333333
2020-05-23,Barley (Jau),29,Rajasthan,8,Jaipur,110,1403.8333333333333,1501.5,1441.6666666666667
2020-05-22,Barley (Jau),29,Rajasthan,8,Jaipur,110,1281.6666666666667,1386,1339.6666666666667
2020-05-21,Barley (Jau),29,Rajasthan,8,Jaipur,110,1315,1411,1364
2020-05-20,Barley (Jau),29,Rajasthan,8,Jaipur,110,1300,1562,1390
2020-05-19,Barley (Jau),29,Rajasthan,8,Jaipur,110,1350,1420,1385
2020-05-05,Barley (Jau),29,Rajasthan,8,Jaipur,110,1440,1541.6666666666667,1484.1666666666667
2020-05-04,Barley (Jau),29,Rajasthan,8,Jaipur,110,1483.857142857143,1553,1510
2020-05-03,Barley (Jau),29,Rajasthan,8,Jaipur,110,1583.3333333333333,1650,1616.6666666666667
2020-05-02,Barley (Jau),29,Rajasthan,8,Jaipur,110,1497,1541,1519
2020-05-01,Barley (Jau),29,Rajasthan,8,Jaipur,110,1483.6,1582.2,1517
2020-04-30,Barley (Jau),29,Rajasthan,8,Jaipur,110,1485,1573.6666666666667,1536.6666666666667
2020-04-29,Barley (Jau),29,Rajasthan,8,Jaipur,110,1471.6,1515.6,1494
2020-04-28,Barley (Jau),29,Rajasthan,8,Jaipur,110,1444.75,1498.75,1471.25
2020-04-27,Barley (Jau),29,Rajasthan,8,Jaipur,110,1445.3333333333333,1517.6666666666667,1481.6666666666667
2020-04-26,Barley (Jau),29,Rajasthan,8,Jaipur,110,1486.6666666666667,1553.3333333333333,1520
2020-04-25,Barley (Jau),29,Rajasthan,8,Jaipur,110,1457.2,1501,1479
2020-04-24,Barley (Jau),29,Rajasthan,8,Jaipur,110,1481,1525,1503
2020-04-23,Barley (Jau),29,Rajasthan,8,Jaipur,110,1480,1531.25,1498.25
2020-04-22,Barley (Jau),29,Rajasthan,8,Jaipur,110,1441,1511,1481
2020-04-21,Barley (Jau),29,Rajasthan,8,Jaipur,110,1425,1484,1454.25
2020-04-20,Barley (Jau),29,Rajasthan,8,Jaipur,110,1398.3333333333333,1465,1448.3333333333333
2020-04-19,Barley (Jau),29,Rajasthan,8,Jaipur,110,1442.5,1467.5,1455
2020-04-17,Barley (Jau),29,Rajasthan,8,Jaipur,110,1400,1550,1480
2020-04-16,Barley (Jau),29,Rajasthan,8,Jaipur,110,1400,1525,1480
2020-04-15,Barley (Jau),29,Rajasthan,8,Jaipur,110,1400,1521,1490
2020-03-20,Barley (Jau),29,Rajasthan,8,Jaipur,110,1415.5,1603,1502.5
2020-03-19,Barley (Jau),29,Rajasthan,8,Jaipur,110,1466.6666666666667,1542.6666666666667,1490
2020-03-18,Barley (Jau),29,Rajasthan,8,Jaipur,110,1381.25,1504.75,1467.5
2020-03-17,Barley (Jau),29,Rajasthan,8,Jaipur,110,1387,1495,1453.75
2020-03-16,Barley (Jau),29,Rajasthan,8,Jaipur,110,1411.6666666666667,1455.3333333333333,1428.3333333333333
2020-03-15,Barley (Jau),29,Rajasthan,8,Jaipur,110,1447.5,1447.5,1447.5
2020-03-14,Barley (Jau),29,Rajasthan,8,Jaipur,110,1440.25,1498,1472.5
2020-03-13,Barley (Jau),29,Rajasthan,8,Jaipur,110,1300,1600,1500
2020-03-12,Barley (Jau),29,Rajasthan,8,Jaipur,110,1459,1553,1507.75
2020-03-11,Barley (Jau),29,Rajasthan,8,Jaipur,110,1689,1703.75,1696.25
2020-03-09,Barley (Jau),29,Rajasthan,8,Jaipur,110,1800,1800,1800
2020-03-05,Barley (Jau),29,Rajasthan,8,Jaipur,110,1900,2000,1950
2020-03-04,Barley (Jau),29,Rajasthan,8,Jaipur,110,1914,1914,1914
2020-03-02,Barley (Jau),29,Rajasthan,8,Jaipur,110,1600,1600,1600
2020-02-29,Barley (Jau),29,Rajasthan,8,Jaipur,110,1747.3333333333333,1863.3333333333333,1835
2020-02-25,Barley (Jau),29,Rajasthan,8,Jaipur,110,1875,1900,1887.5
2020-02-24,Barley (Jau),29,Rajasthan,8,Jaipur,110,2000,2100,2050
2020-02-22,Barley (Jau),29,Rajasthan,8,Jaipur,110,1900,1900,1900
2020-02-19,Barley (Jau),29,Rajasthan,8,Jaipur,110,1801,1801,1801
2020-02-18,Barley (Jau),29,Rajasthan,8,Jaipur,110,2033,2033,2033
2020-02-14,Barley (Jau),29,Rajasthan,8,Jaipur,110,1826,1826,1826
2020-02-11,Barley (Jau),29,Rajasthan,8,Jaipur,110,1987.5,1987.5,1987.5
2020-02-10,Barley (Jau),29,Rajasthan,8,Jaipur,110,1968.5,1968.5,1968.5
2020-02-08,Barley (Jau),29,Rajasthan,8,Jaipur,110,1995,1997.5,1996
2020-02-07,Barley (Jau),29,Rajasthan,8,Jaipur,110,1928,1932,1930
2020-02-06,Barley (Jau),29,Rajasthan,8,Jaipur,110,1986.5,1989,1987.5
2020-02-05,Barley (Jau),29,Rajasthan,8,Jaipur,110,1950.5,1950.5,1950.5
2020-02-04,Barley (Jau),29,Rajasthan,8,Jaipur,110,1925,1928,1927
2020-02-03,Barley (Jau),29,Rajasthan,8,Jaipur,110,1960.5,1960.5,1960.5
2020-02-01,Barley (Jau),29,Rajasthan,8,Jaipur,110,1887.5,1887.5,1887.5
2020-01-31,Barley (Jau),29,Rajasthan,8,Jaipur,110,1925,1930,1927
2020-01-30,Barley (Jau),29,Rajasthan,8,Jaipur,110,1972.5,2022.5,1997.5
2020-01-29,Barley (Jau),29,Rajasthan,8,Jaipur,110,2008.5,2016,2011
2020-01-28,Barley (Jau),29,Rajasthan,8,Jaipur,110,1968,2085,2026.5
2020-01-27,Barley (Jau),29,Rajasthan,8,Jaipur,110,1973.3333333333333,2055.6666666666665,2029
2020-01-25,Barley (Jau),29,Rajasthan,8,Jaipur,110,2000,2000,2000
2020-01-24,Barley (Jau),29,Rajasthan,8,Jaipur,110,1700,1700,1700
2020-01-23,Barley (Jau),29,Rajasthan,8,Jaipur,110,1912,1912,1912
2020-01-21,Barley (Jau),29,Rajasthan,8,Jaipur,110,1800,2000,1900
2020-01-20,Barley (Jau),29,Rajasthan,8,Jaipur,110,2000,2100,2050
2020-01-17,Barley (Jau),29,Rajasthan,8,Jaipur,110,2095,2095,2095
2020-01-16,Barley (Jau),29,Rajasthan,8,Jaipur,110,1977,1977,1977
2020-01-13,Barley (Jau),29,Rajasthan,8,Jaipur,110,1890,1916,1910
2020-01-11,Barley (Jau),29,Rajasthan,8,Jaipur,110,1948,1950,1948
2020-01-10,Barley (Jau),29,Rajasthan,8,Jaipur,110,2000,2066,2040
2020-01-07,Barley (Jau),29,Rajasthan,8,Jaipur,110,1975,2026,2000
2020-01-06,Barley (Jau),29,Rajasthan,8,Jaipur,110,1936.6666666666667,2007.3333333333333,1973.3333333333333
2020-01-04,Barley (Jau),29,Rajasthan,8,Jaipur,110,1927.5,2015.5,1965
2020-01-03,Barley (Jau),29,Rajasthan,8,Jaipur,110,2065,2065,2065
2020-01-02,Barley (Jau),29,Rajasthan,8,Jaipur,110,2051,2051,2051
2020-01-01,Barley (Jau),29,Rajasthan,8,Jaipur,110,2051,2051,2051
2019-12-31,Barley (Jau),29,Rajasthan,8,Jaipur,110,2053,2053,2053
2019-12-30,Barley (Jau),29,Rajasthan,8,Jaipur,110,1834.6666666666667,1953.3333333333333,1918
2019-12-28,Barley (Jau),29,Rajasthan,8,Jaipur,110,1980,1980,1980
2019-12-25,Barley (Jau),29,Rajasthan,8,Jaipur,110,1900,1918.6666666666667,1909.3333333333333
2019-12-24,Barley (Jau),29,Rajasthan,8,Jaipur,110,1875.5,2025,1925.25
2019-12-23,Barley (Jau),29,Rajasthan,8,Jaipur,110,1907.3333333333333,1939.6666666666667,1920
2019-12-21,Barley (Jau),29,Rajasthan,8,Jaipur,110,1953,1957,1955
2019-12-20,Barley (Jau),29,Rajasthan,8,Jaipur,110,1805,1920.5,1879
2019-12-19,Barley (Jau),29,Rajasthan,8,Jaipur,110,1995,1995,1995
2019-12-18,Barley (Jau),29,Rajasthan,8,Jaipur,110,1961.75,1985,1973.25
2019-12-17,Barley (Jau),29,Rajasthan,8,Jaipur,110,1868,1893,1880.5
2019-12-16,Barley (Jau),29,Rajasthan,8,Jaipur,110,1885,1955.5,1920
2019-12-14,Barley (Jau),29,Rajasthan,8,Jaipur,110,1788,1935,1890
2019-12-13,Barley (Jau),29,Rajasthan,8,Jaipur,110,1872.5,1875,1874
2019-12-12,Barley (Jau),29,Rajasthan,8,Jaipur,110,1880,1993.6666666666667,1931.6666666666667
2019-12-11,Barley (Jau),29,Rajasthan,8,Jaipur,110,1844,1860,1850
2019-12-10,Barley (Jau),29,Rajasthan,8,Jaipur,110,1883.75,1917.75,1899.25
2019-12-09,Barley (Jau),29,Rajasthan,8,Jaipur,110,1861,1968.3333333333333,1939.6666666666667
2019-12-08,Barley (Jau),29,Rajasthan,8,Jaipur,110,2000,2000,2000
2019-12-07,Barley (Jau),29,Rajasthan,8,Jaipur,110,1895.25,1951.5,1931
2019-12-06,Barley (Jau),29,Rajasthan,8,Jaipur,110,1915,1952.25,1939.25
2019-12-05,Barley (Jau),29,Rajasthan,8,Jaipur,110,1805,1890,1850
2019-12-04,Barley (Jau),29,Rajasthan,8,Jaipur,110,1855.5,1940.5,1897.5
2019-12-03,Barley (Jau),29,Rajasthan,8,Jaipur,110,1760.3333333333333,1880,1835
2019-12-02,Barley (Jau),29,Rajasthan,8,Jaipur,110,1750.2,1910.2,1838.8
2019-11-30,Barley (Jau),29,Rajasthan,8,Jaipur,110,1871.3333333333333,1920.3333333333333,1914.6666666666667
2019-11-29,Barley (Jau),29,Rajasthan,8,Jaipur,110,1922.5,1947.5,1935
2019-11-28,Barley (Jau),29,Rajasthan,8,Jaipur,110,1863.75,1937.5,1901.25
2019-11-27,Barley (Jau),29,Rajasthan,8,Jaipur,110,1895.75,1952.75,1922.75
2019-11-26,Barley (Jau),29,Rajasthan,8,Jaipur,110,1783.3333333333333,1883.3333333333333,1860
2019-11-25,Barley (Jau),29,Rajasthan,8,Jaipur,110,1835,1928,1870
2019-11-24,Barley (Jau),29,Rajasthan,8,Jaipur,110,1900,1900,1900
2019-11-23,Barley (Jau),29,Rajasthan,8,Jaipur,110,1866.6666666666667,1936.6666666666667,1901.6666666666667
2019-11-22,Barley (Jau),29,Rajasthan,8,Jaipur,110,1802,1902.2,1854
2019-11-21,Barley (Jau),29,Rajasthan,8,Jaipur,110,1813.25,1893,1858.25
2019-11-20,Barley (Jau),29,Rajasthan,8,Jaipur,110,1827.5,1950,1888.5
2019-11-19,Barley (Jau),29,Rajasthan,8,Jaipur,110,1800,1900,1850
2019-11-18,Barley (Jau),29,Rajasthan,8,Jaipur,110,1883,1921,1901.4
2019-11-16,Barley (Jau),29,Rajasthan,8,Jaipur,110,1880,1891.25,1885.75
2019-11-15,Barley (Jau),29,Rajasthan,8,Jaipur,110,1998.75,2010,2004.5
2019-11-14,Barley (Jau),29,Rajasthan,8,Jaipur,110,1880,1955,1927.5
2019-11-13,Barley (Jau),29,Rajasthan,8,Jaipur,110,1830,1852,1841
2019-11-12,Barley (Jau),29,Rajasthan,8,Jaipur,110,1768.75,1943,1892
2019-11-11,Barley (Jau),29,Rajasthan,8,Jaipur,110,1863,1908.3333333333333,1885.8333333333333
2019-11-09,Barley (Jau),29,Rajasthan,8,Jaipur,110,1795,1930.3333333333333,1910.6666666666667
2019-11-08,Barley (Jau),29,Rajasthan,8,Jaipur,110,1854.2,1902.8,1878.4
2019-11-07,Barley (Jau),29,Rajasthan,8,Jaipur,110,1796.6666666666667,1910,1879.3333333333333
2019-11-06,Barley (Jau),29,Rajasthan,8,Jaipur,110,1832.2,1879,1856
2019-11-05,Barley (Jau),29,Rajasthan,8,Jaipur,110,1856.25,1906.75,1881.75
2019-11-04,Barley (Jau),29,Rajasthan,8,Jaipur,110,1885.5,1948.25,1930.5
2019-11-03,Barley (Jau),29,Rajasthan,8,Jaipur,110,2000,2000,2000
2019-11-02,Barley (Jau),29,Rajasthan,8,Jaipur,110,1866.6666666666667,1970.3333333333333,1938.3333333333333
2019-11-01,Barley (Jau),29,Rajasthan,8,Jaipur,110,1862.5,1946.25,1921.25
2019-10-31,Barley (Jau),29,Rajasthan,8,Jaipur,110,1823.3333333333333,1953.3333333333333,1913
2019-10-30,Barley (Jau),29,Rajasthan,8,Jaipur,110,1881.5,1930.25,1896.25
2019-10-27,Barley (Jau),29,Rajasthan,8,Jaipur,110,1950,1950,1950
2019-10-24,Barley (Jau),29,Rajasthan,8,Jaipur,110,1788.75,1903.5,1848.75
2019-10-23,Barley (Jau),29,Rajasthan,8,Jaipur,110,1803.3333333333333,1910.6666666666667,1863.3333333333333
2019-10-22,Barley (Jau),29,Rajasthan,8,Jaipur,110,1900,1923.6666666666667,1920
2019-10-21,Barley (Jau),29,Rajasthan,8,Jaipur,110,1830,1948.3333333333333,1910
2019-10-19,Barley (Jau),29,Rajasthan,8,Jaipur,110,1780.5,1912.5,1851.5
2019-10-18,Barley (Jau),29,Rajasthan,8,Jaipur,110,1779.1666666666667,1875.5,1834.1666666666667
2019-10-17,Barley (Jau),29,Rajasthan,8,Jaipur,110,1780,1851.2,1820
2019-10-16,Barley (Jau),29,Rajasthan,8,Jaipur,110,1761.6666666666667,1870,1858.3333333333333
2019-10-15,Barley (Jau),29,Rajasthan,8,Jaipur,110,1703.3333333333333,1780,1741.6666666666667
2019-10-14,Barley (Jau),29,Rajasthan,8,Jaipur,110,1710,1799,1758.75
2019-10-13,Barley (Jau),29,Rajasthan,8,Jaipur,110,1900,1900,1900
2019-10-12,Barley (Jau),29,Rajasthan,8,Jaipur,110,1700,1765.6666666666667,1750
2019-10-11,Barley (Jau),29,Rajasthan,8,Jaipur,110,1722,1754.5,1738.25
2019-10-10,Barley (Jau),29,Rajasthan,8,Jaipur,110,1735.5,1778,1760.5
2019-10-09,Barley (Jau),29,Rajasthan,8,Jaipur,110,1691,1701,1696
2019-10-08,Barley (Jau),29,Rajasthan,8,Jaipur,110,1793,1793,1793
2019-10-07,Barley (Jau),29,Rajasthan,8,Jaipur,110,1743.6666666666667,1795,1775
2019-10-06,Barley (Jau),29,Rajasthan,8,Jaipur,110,1700,1700,1700
2019-10-05,Barley (Jau),29,Rajasthan,8,Jaipur,110,1670.3333333333333,1720,1704
2019-10-04,Barley (Jau),29,Rajasthan,8,Jaipur,110,1657,1731.3333333333333,1698.6666666666667
2019-10-03,Barley (Jau),29,Rajasthan,8,Jaipur,110,1689.25,1763.75,1726.5
2019-10-02,Barley (Jau),29,Rajasthan,8,Jaipur,110,1645,1705,1675
2019-10-01,Barley (Jau),29,Rajasthan,8,Jaipur,110,1720,1770,1745
2019-09-30,Barley (Jau),29,Rajasthan,8,Jaipur,110,1736,1797.2,1766.6
2019-09-28,Barley (Jau),29,Rajasthan,8,Jaipur,110,1730,1745,1737.5
2019-09-27,Barley (Jau),29,Rajasthan,8,Jaipur,110,1706.25,1722.25,1714.25
2019-09-26,Barley (Jau),29,Rajasthan,8,Jaipur,110,1600,1712.5,1650
2019-09-25,Barley (Jau),29,Rajasthan,8,Jaipur,110,1702.5,1712.5,1707.5
2019-09-24,Barley (Jau),29,Rajasthan,8,Jaipur,110,1740,1763.5,1756.25
2019-09-23,Barley (Jau),29,Rajasthan,8,Jaipur,110,1763,1791.25,1775
2019-09-21,Barley (Jau),29,Rajasthan,8,Jaipur,110,1723.5,1778.5,1762.5
2019-09-20,Barley (Jau),29,Rajasthan,8,Jaipur,110,1595.25,1738.5,1661.25
2019-09-19,Barley (Jau),29,Rajasthan,8,Jaipur,110,1700.25,1806.5,1754
2019-09-18,Barley (Jau),29,Rajasthan,8,Jaipur,110,1650.5,1766.5,1719
2019-09-17,Barley (Jau),29,Rajasthan,8,Jaipur,110,1718.75,1805,1767.5
2019-09-16,Barley (Jau),29,Rajasthan,8,Jaipur,110,1699.5,1739.5,1719.5
2019-09-14,Barley (Jau),29,Rajasthan,8,Jaipur,110,1625,1632.5,1628.5
2019-09-13,Barley (Jau),29,Rajasthan,8,Jaipur,110,1768,1805.5,1787
2019-09-12,Barley (Jau),29,Rajasthan,8,Jaipur,110,1693,1770.8,1739
2019-09-11,Barley (Jau),29,Rajasthan,8,Jaipur,110,1666.75,1743.5,1699.5
2019-09-10,Barley (Jau),29,Rajasthan,8,Jaipur,110,1636.25,1699.25,1667
2019-09-09,Barley (Jau),29,Rajasthan,8,Jaipur,110,1697.1666666666667,1755.8333333333333,1728.8333333333333
2019-09-08,Barley (Jau),29,Rajasthan,8,Jaipur,110,1725,1725,1725
2019-09-07,Barley (Jau),29,Rajasthan,8,Jaipur,110,1678,1741,1705.5
2019-09-06,Barley (Jau),29,Rajasthan,8,Jaipur,110,1721.6666666666667,1816.6666666666667,1765
2019-09-05,Barley (Jau),29,Rajasthan,8,Jaipur,110,1673.3333333333333,1715,1690
2019-09-04,Barley (Jau),29,Rajasthan,8,Jaipur,110,1700,1700,1700
2019-09-02,Barley (Jau),29,Rajasthan,8,Jaipur,110,1725,1825,1775
2019-09-01,Barley (Jau),29,Rajasthan,8,Jaipur,110,1800,1800,1800
2019-08-31,Barley (Jau),29,Rajasthan,8,Jaipur,110,1712.6666666666667,1724.3333333333333,1718.3333333333333
2019-08-30,Barley (Jau),29,Rajasthan,8,Jaipur,110,1758.25,1775.75,1767
2019-08-29,Barley (Jau),29,Rajasthan,8,Jaipur,110,1662.5,1771.25,1726.25
2019-08-28,Barley (Jau),29,Rajasthan,8,Jaipur,110,1729,1789.6,1766.6
2019-08-27,Barley (Jau),29,Rajasthan,8,Jaipur,110,1720,1765.4,1738.8
2019-08-26,Barley (Jau),29,Rajasthan,8,Jaipur,110,1699,1800.2,1756
2019-08-24,Barley (Jau),29,Rajasthan,8,Jaipur,110,1762.6666666666667,1766.3333333333333,1764.3333333333333
2019-08-23,Barley (Jau),29,Rajasthan,8,Jaipur,110,1732,1736,1734.5
2019-08-22,Barley (Jau),29,Rajasthan,8,Jaipur,110,1722,1772.6666666666667,1738
2019-08-21,Barley (Jau),29,Rajasthan,8,Jaipur,110,1650,1695.3333333333333,1677.3333333333333
2019-08-20,Barley (Jau),29,Rajasthan,8,Jaipur,110,1742.75,1780.25,1758.75
2019-08-19,Barley (Jau),29,Rajasthan,8,Jaipur,110,1699.6,1774.8,1739.8
2019-08-18,Barley (Jau),29,Rajasthan,8,Jaipur,110,1750,1750,1750
2019-08-16,Barley (Jau),29,Rajasthan,8,Jaipur,110,1748,1748,1748
2019-08-13,Barley (Jau),29,Rajasthan,8,Jaipur,110,1724.1666666666667,1795,1759.1666666666667
2019-08-12,Barley (Jau),29,Rajasthan,8,Jaipur,110,1717.5,1774.5,1760
2019-08-11,Barley (Jau),29,Rajasthan,8,Jaipur,110,1800,1800,1800
2019-08-10,Barley (Jau),29,Rajasthan,8,Jaipur,110,1600,1730,1700
2019-08-09,Barley (Jau),29,Rajasthan,8,Jaipur,110,1696,1786.3333333333333,1750
2019-08-08,Barley (Jau),29,Rajasthan,8,Jaipur,110,1716.6666666666667,1783.3333333333333,1750
2019-08-07,Barley (Jau),29,Rajasthan,8,Jaipur,110,1780,1813.3333333333333,1796.6666666666667
2019-08-06,Barley (Jau),29,Rajasthan,8,Jaipur,110,1723.5,1780.25,1752
2019-08-05,Barley (Jau),29,Rajasthan,8,Jaipur,110,1764.5,1803.25,1784
2019-08-03,Barley (Jau),29,Rajasthan,8,Jaipur,110,1681.25,1733.75,1707.5
2019-08-02,Barley (Jau),29,Rajasthan,8,Jaipur,110,1728.6666666666667,1747.3333333333333,1742
2019-08-01,Barley (Jau),29,Rajasthan,8,Jaipur,110,1725,1769.25,1747
2019-07-31,Barley (Jau),29,Rajasthan,8,Jaipur,110,1759.5,1789,1775.5
2019-07-30,Barley (Jau),29,Rajasthan,8,Jaipur,110,1756,1807.2,1781.4
2019-07-29,Barley (Jau),29,Rajasthan,8,Jaipur,110,1728,1757.4,1744.2
2019-07-27,Barley (Jau),29,Rajasthan,8,Jaipur,110,1735,1735,1735
2019-07-25,Barley (Jau),29,Rajasthan,8,Jaipur,110,1700,1800,1750
2019-07-24,Barley (Jau),29,Rajasthan,8,Jaipur,110,1717.5,1792.5,1755
2019-07-23,Barley (Jau),29,Rajasthan,8,Jaipur,110,1732.5,1811.5,1772.5
2019-07-22,Barley (Jau),29,Rajasthan,8,Jaipur,110,1728.3333333333333,1798.1666666666667,1766.6666666666667
2019-07-21,Barley (Jau),29,Rajasthan,8,Jaipur,110,1800,1800,1800
2019-07-20,Barley (Jau),29,Rajasthan,8,Jaipur,110,1707.25,1726,1716.5
2019-07-19,Barley (Jau),29,Rajasthan,8,Jaipur,110,1717,1799.3333333333333,1762.6666666666667
2019-07-18,Barley (Jau),29,Rajasthan,8,Jaipur,110,1696.75,1761,1729
2019-07-17,Barley (Jau),29,Rajasthan,8,Jaipur,110,1673,1691,1682
2019-07-16,Barley (Jau),29,Rajasthan,8,Jaipur,110,1727.6,1777.4,1752.2
2019-07-15,Barley (Jau),29,Rajasthan,8,Jaipur,110,1698,1762.5714285714287,1729.7142857142858
2019-07-13,Barley (Jau),29,Rajasthan,8,Jaipur,110,1700,1723,1713.3333333333333
2019-07-12,Barley (Jau),29,Rajasthan,8,Jaipur,110,1730.6666666666667,1777.8333333333333,1753.6666666666667
2019-07-11,Barley (Jau),29,Rajasthan,8,Jaipur,110,1700.25,1743.25,1721.75
2019-07-10,Barley (Jau),29,Rajasthan,8,Jaipur,110,1729.25,1759,1743.75
2019-07-09,Barley (Jau),29,Rajasthan,8,Jaipur,110,1705.3333333333333,1738.6666666666667,1722
2019-07-08,Barley (Jau),29,Rajasthan,8,Jaipur,110,1724.2,1823.4,1773.8
2019-07-06,Barley (Jau),29,Rajasthan,8,Jaipur,110,1740.3333333333333,1747.3333333333333,1743.6666666666667
2019-07-05,Barley (Jau),29,Rajasthan,8,Jaipur,110,1717.5,1811,1765
2019-07-04,Barley (Jau),29,Rajasthan,8,Jaipur,110,1716.5,1800.5,1758.5
2019-07-03,Barley (Jau),29,Rajasthan,8,Jaipur,110,1691.6,1782.4,1737
2019-07-02,Barley (Jau),29,Rajasthan,8,Jaipur,110,1696,1796,1746
2019-07-01,Barley (Jau),29,Rajasthan,8,Jaipur,110,1669.3333333333333,1789.8333333333333,1732.8333333333333
2019-06-30,Barley (Jau),29,Rajasthan,8,Jaipur,110,1700,1800,1750
2019-06-29,Barley (Jau),29,Rajasthan,8,Jaipur,110,1706,1763,1735
2019-06-28,Barley (Jau),29,Rajasthan,8,Jaipur,110,1711.4285714285713,1776,1748.7142857142858
2019-06-27,Barley (Jau),29,Rajasthan,8,Jaipur,110,1693.3333333333333,1779.1666666666667,1736.1666666666667
2019-06-26,Barley (Jau),29,Rajasthan,8,Jaipur,110,1697.4285714285713,1780.5714285714287,1742.142857142857
2019-06-25,Barley (Jau),29,Rajasthan,8,Jaipur,110,1722.5,1791.375,1758.125
2019-06-24,Barley (Jau),29,Rajasthan,8,Jaipur,110,1703.8333333333333,1797.1666666666667,1747.8333333333333
2019-06-23,Barley (Jau),29,Rajasthan,8,Jaipur,110,1700,1700,1700
2019-06-22,Barley (Jau),29,Rajasthan,8,Jaipur,110,1705,1768.25,1736.25
2019-06-21,Barley (Jau),29,Rajasthan,8,Jaipur,110,1696.6666666666667,1786.6666666666667,1741.6666666666667
2019-06-20,Barley (Jau),29,Rajasthan,8,Jaipur,110,1674.8333333333333,1783.8333333333333,1733.8333333333333
2019-06-19,Barley (Jau),29,Rajasthan,8,Jaipur,110,1685,1787.25,1742.5
2019-06-18,Barley (Jau),29,Rajasthan,8,Jaipur,110,1718.25,1791.25,1754.75
2019-06-17,Barley (Jau),29,Rajasthan,8,Jaipur,110,1703.75,1792.125,1760
2019-06-16,Barley (Jau),29,Rajasthan,8,Jaipur,110,1705,1755,1730
2019-06-15,Barley (Jau),29,Rajasthan,8,Jaipur,110,1693.8,1768.6,1723
2019-06-14,Barley (Jau),29,Rajasthan,8,Jaipur,110,1717.4285714285713,1791.2857142857142,1755
2019-06-13,Barley (Jau),29,Rajasthan,8,Jaipur,110,1736.142857142857,1801,1767.4285714285713
2019-06-12,Barley (Jau),29,Rajasthan,8,Jaipur,110,1690.3333333333333,1738.3333333333333,1714.3333333333333
2019-06-11,Barley (Jau),29,Rajasthan,8,Jaipur,110,1718.3333333333333,1804.5,1763.8333333333333
2019-06-10,Barley (Jau),29,Rajasthan,8,Jaipur,110,1707.857142857143,1780,1745
2019-06-09,Barley (Jau),29,Rajasthan,8,Jaipur,110,1725,1775,1750
2019-06-08,Barley (Jau),29,Rajasthan,8,Jaipur,110,1695.4,1737.8,1717
2019-06-07,Barley (Jau),29,Rajasthan,8,Jaipur,110,1695.2857142857142,1787.4285714285713,1740
2019-06-06,Barley (Jau),29,Rajasthan,8,Jaipur,110,1656.25,1757.5,1707.5
2019-06-05,Barley (Jau),29,Rajasthan,8,Jaipur,110,1710,1761.6666666666667,1736.6666666666667
2019-06-04,Barley (Jau),29,Rajasthan,8,Jaipur,110,1694.1666666666667,1762.5,1729.1666666666667
2019-06-03,Barley (Jau),29,Rajasthan,8,Jaipur,110,1698.3333333333333,1773.5,1739.1666666666667
2019-06-02,Barley (Jau),29,Rajasthan,8,Jaipur,110,1800,1800,1800
2019-06-01,Barley (Jau),29,Rajasthan,8,Jaipur,110,1697.2,1764.2,1731
2019-05-31,Barley (Jau),29,Rajasthan,8,Jaipur,110,1731.4285714285713,1782.857142857143,1757.857142857143
2019-05-30,Barley (Jau),29,Rajasthan,8,Jaipur,110,1698.7142857142858,1772.2857142857142,1736.4285714285713
2019-05-29,Barley (Jau),29,Rajasthan,8,Jaipur,110,1704.7142857142858,1781.7142857142858,1750.857142857143
2019-05-28,Barley (Jau),29,Rajasthan,8,Jaipur,110,1691.8333333333333,1793.3333333333333,1745
2019-05-27,Barley (Jau),29,Rajasthan,8,Jaipur,110,1710,1786.4285714285713,1748.142857142857
2019-05-26,Barley (Jau),29,Rajasthan,8,Jaipur,110,1826.6666666666667,1826.6666666666667,1826.6666666666667
2019-05-25,Barley (Jau),29,Rajasthan,8,Jaipur,110,1735,1775.8333333333333,1756.1666666666667
2019-05-24,Barley (Jau),29,Rajasthan,8,Jaipur,110,1729.1666666666667,1819,1772.5
2019-05-23,Barley (Jau),29,Rajasthan,8,Jaipur,110,1720.2,1790.6,1758
2019-05-22,Barley (Jau),29,Rajasthan,8,Jaipur,110,1701.2,1781.4,1736
2019-05-21,Barley (Jau),29,Rajasthan,8,Jaipur,110,1697.142857142857,1788,1747.142857142857
2019-05-20,Barley (Jau),29,Rajasthan,8,Jaipur,110,1726.7777777777778,1793.3333333333333,1760
2019-05-19,Barley (Jau),29,Rajasthan,8,Jaipur,110,1650,1750,1700
2019-05-18,Barley (Jau),29,Rajasthan,8,Jaipur,110,1712.1666666666667,1774.3333333333333,1748.5
2019-05-17,Barley (Jau),29,Rajasthan,8,Jaipur,110,1683.125,1756.25,1717.875
2019-05-16,Barley (Jau),29,Rajasthan,8,Jaipur,110,1686.4285714285713,1773.7142857142858,1730.142857142857
2019-05-15,Barley (Jau),29,Rajasthan,8,Jaipur,110,1680,1758,1718
2019-05-14,Barley (Jau),29,Rajasthan,8,Jaipur,110,1707.857142857143,1799.2857142857142,1751.7142857142858
2019-05-13,Barley (Jau),29,Rajasthan,8,Jaipur,110,1725.75,1808.875,1773.375
2019-05-12,Barley (Jau),29,Rajasthan,8,Jaipur,110,1725,1800,1775
2019-05-11,Barley (Jau),29,Rajasthan,8,Jaipur,110,1740,1806.6666666666667,1780
2019-05-10,Barley (Jau),29,Rajasthan,8,Jaipur,110,1715.6666666666667,1797.2222222222222,1762.2222222222222
2019-05-09,Barley (Jau),29,Rajasthan,8,Jaipur,110,1750.7142857142858,1832.2857142857142,1785.2857142857142
2019-05-08,Barley (Jau),29,Rajasthan,8,Jaipur,110,1685.5555555555557,1772.6666666666667,1733.3333333333333
2019-05-07,Barley (Jau),29,Rajasthan,8,Jaipur,110,1730,1792,1762.5
2019-05-06,Barley (Jau),29,Rajasthan,8,Jaipur,110,1650,1750,1700
2019-05-05,Barley (Jau),29,Rajasthan,8,Jaipur,110,1700,1750,1725
2019-05-04,Barley (Jau),29,Rajasthan,8,Jaipur,110,1646.6666666666667,1811.6666666666667,1751.6666666666667
2019-05-03,Barley (Jau),29,Rajasthan,8,Jaipur,110,1652.5,1745,1701.25
2019-05-02,Barley (Jau),29,Rajasthan,8,Jaipur,110,1664.111111111111,1753.888888888889,1709.6666666666667
2019-05-01,Barley (Jau),29,Rajasthan,8,Jaipur,110,1637,1755.2,1702
2019-04-30,Barley (Jau),29,Rajasthan,8,Jaipur,110,1658.125,1742.125,1710
2019-04-29,Barley (Jau),29,Rajasthan,8,Jaipur,110,1680.7142857142858,1751.4285714285713,1718.5714285714287
2019-04-28,Barley (Jau),29,Rajasthan,8,Jaipur,110,1737.5,1812.5,1787.5
2019-04-27,Barley (Jau),29,Rajasthan,8,Jaipur,110,1700,1756.25,1735
2019-04-26,Barley (Jau),29,Rajasthan,8,Jaipur,110,1653.5714285714287,1754,1705.7142857142858
2019-04-25,Barley (Jau),29,Rajasthan,8,Jaipur,110,1614.1666666666667,1741,1681.6666666666667
2019-04-24,Barley (Jau),29,Rajasthan,8,Jaipur,110,1599.8,1727,1670.8
2019-04-23,Barley (Jau),29,Rajasthan,8,Jaipur,110,1628.5714285714287,1719.857142857143,1672
2019-04-22,Barley (Jau),29,Rajasthan,8,Jaipur,110,1596.111111111111,1701.6666666666667,1661.111111111111
2019-04-21,Barley (Jau),29,Rajasthan,8,Jaipur,110,1500,1650,1600
2019-04-20,Barley (Jau),29,Rajasthan,8,Jaipur,110,1616.2,1712.8,1655.2
2019-04-19,Barley (Jau),29,Rajasthan,8,Jaipur,110,1548.75,1693.25,1627.5
2019-04-18,Barley (Jau),29,Rajasthan,8,Jaipur,110,1522,1676.4,1597
2019-04-17,Barley (Jau),29,Rajasthan,8,Jaipur,110,1599.3333333333333,1659.1666666666667,1631.6666666666667
2019-04-16,Barley (Jau),29,Rajasthan,8,Jaipur,110,1587.2222222222222,1656.888888888889,1618.3333333333333
2019-04-15,Barley (Jau),29,Rajasthan,8,Jaipur,110,1570.625,1662.375,1622.875
2019-04-14,Barley (Jau),29,Rajasthan,8,Jaipur,110,1582.5,1632.5,1615
2019-04-13,Barley (Jau),29,Rajasthan,8,Jaipur,110,1584,1641.4,1618.6
2019-04-12,Barley (Jau),29,Rajasthan,8,Jaipur,110,1543,1641.6666666666667,1596.6666666666667
2019-04-11,Barley (Jau),29,Rajasthan,8,Jaipur,110,1531,1678,1602.4
2019-04-10,Barley (Jau),29,Rajasthan,8,Jaipur,110,1543.4285714285713,1648.7142857142858,1599.2857142857142
2019-04-09,Barley (Jau),29,Rajasthan,8,Jaipur,110,1542.142857142857,1617.142857142857,1583.857142857143
2019-04-08,Barley (Jau),29,Rajasthan,8,Jaipur,110,1541.111111111111,1625,1584.4444444444443
2019-04-07,Barley (Jau),29,Rajasthan,8,Jaipur,110,1571.25,1615,1597.5
2019-04-06,Barley (Jau),29,Rajasthan,8,Jaipur,110,1537.142857142857,1619,1579.5714285714287
2019-04-05,Barley (Jau),29,Rajasthan,8,Jaipur,110,1496.111111111111,1618.6666666666667,1556.888888888889
2019-04-04,Barley (Jau),29,Rajasthan,8,Jaipur,110,1527.857142857143,1655.142857142857,1585.7142857142858
2019-04-03,Barley (Jau),29,Rajasthan,8,Jaipur,110,1513.111111111111,1636.3333333333333,1574.3333333333333
2019-04-02,Barley (Jau),29,Rajasthan,8,Jaipur,110,1535.7142857142858,1626.4285714285713,1597.857142857143
2019-04-01,Barley (Jau),29,Rajasthan,8,Jaipur,110,1524.4444444444443,1622.3333333333333,1569.2222222222222
2019-03-31,Barley (Jau),29,Rajasthan,8,Jaipur,110,1535,1592.5,1562.5
2019-03-30,Barley (Jau),29,Rajasthan,8,Jaipur,110,1526,1584,1555
2019-03-29,Barley (Jau),29,Rajasthan,8,Jaipur,110,1503.75,1594.875,1552.5
2019-03-28,Barley (Jau),29,Rajasthan,8,Jaipur,110,1510,1577.75,1542.5
2019-03-27,Barley (Jau),29,Rajasthan,8,Jaipur,110,1451.6666666666667,1591,1525.5
2019-03-26,Barley (Jau),29,Rajasthan,8,Jaipur,110,1465.75,1609.625,1532.5
2019-03-25,Barley (Jau),29,Rajasthan,8,Jaipur,110,1491.875,1591.375,1540
2019-03-24,Barley (Jau),29,Rajasthan,8,Jaipur,110,1505,1530,1517.5
2019-03-23,Barley (Jau),29,Rajasthan,8,Jaipur,110,1426.8333333333333,1545.1666666666667,1500
2019-03-22,Barley (Jau),29,Rajasthan,8,Jaipur,110,1438.5714285714287,1554.4285714285713,1492.5714285714287
2019-03-19,Barley (Jau),29,Rajasthan,8,Jaipur,110,1453.75,1589.75,1535
2019-03-18,Barley (Jau),29,Rajasthan,8,Jaipur,110,1501.8333333333333,1605,1549.1666666666667
2019-03-16,Barley (Jau),29,Rajasthan,8,Jaipur,110,1455.5,1624.5,1505
2019-03-15,Barley (Jau),29,Rajasthan,8,Jaipur,110,1490,1665,1578
2019-03-14,Barley (Jau),29,Rajasthan,8,Jaipur,110,1493.5,1676,1588.75
2019-03-13,Barley (Jau),29,Rajasthan,8,Jaipur,110,1450.6666666666667,1585.3333333333333,1527
2019-03-12,Barley (Jau),29,Rajasthan,8,Jaipur,110,1553.6666666666667,1653.6666666666667,1603.6666666666667
2019-03-11,Barley (Jau),29,Rajasthan,8,Jaipur,110,1650,1750.25,1706.25
2019-03-09,Barley (Jau),29,Rajasthan,8,Jaipur,110,1800.5,1850.5,1825.5
2019-03-08,Barley (Jau),29,Rajasthan,8,Jaipur,110,1702,1702,1702
2019-03-07,Barley (Jau),29,Rajasthan,8,Jaipur,110,1751,1911,1800
2019-03-06,Barley (Jau),29,Rajasthan,8,Jaipur,110,2069,2069,2069
2019-03-01,Barley (Jau),29,Rajasthan,8,Jaipur,110,1926,1926,1926
2019-02-28,Barley (Jau),29,Rajasthan,8,Jaipur,110,1700,1800,1750
2019-02-26,Barley (Jau),29,Rajasthan,8,Jaipur,110,1991,1991,1991
2019-02-22,Barley (Jau),29,Rajasthan,8,Jaipur,110,1720,1850,1800
2019-02-20,Barley (Jau),29,Rajasthan,8,Jaipur,110,1952,1952,1952
2019-02-18,Barley (Jau),29,Rajasthan,8,Jaipur,110,1910,1910,1910
2019-02-15,Barley (Jau),29,Rajasthan,8,Jaipur,110,1900,2100,2000
2019-02-14,Barley (Jau),29,Rajasthan,8,Jaipur,110,1700,1800,1750
2019-02-11,Barley (Jau),29,Rajasthan,8,Jaipur,110,1817,1817,1817
2019-02-09,Barley (Jau),29,Rajasthan,8,Jaipur,110,1790,1790,1790
2019-02-05,Barley (Jau),29,Rajasthan,8,Jaipur,110,1775.5,1875.5,1825.5
2019-02-02,Barley (Jau),29,Rajasthan,8,Jaipur,110,1868,1868,1868
2019-02-01,Barley (Jau),29,Rajasthan,8,Jaipur,110,1600,1700,1650
2019-01-31,Barley (Jau),29,Rajasthan,8,Jaipur,110,1792,1842,1817
2019-01-28,Barley (Jau),29,Rajasthan,8,Jaipur,110,1700,1800,1750
2019-01-23,Barley (Jau),29,Rajasthan,8,Jaipur,110,1675,1775,1725
2019-01-21,Barley (Jau),29,Rajasthan,8,Jaipur,110,1600,1650,1625
2019-01-19,Barley (Jau),29,Rajasthan,8,Jaipur,110,1507.5,1507.5,1507.5
2019-01-18,Barley (Jau),29,Rajasthan,8,Jaipur,110,1551,1642,1570
2019-01-17,Barley (Jau),29,Rajasthan,8,Jaipur,110,1575,1820,1762.5
2019-01-16,Barley (Jau),29,Rajasthan,8,Jaipur,110,1550,1550,1550
2019-01-15,Barley (Jau),29,Rajasthan,8,Jaipur,110,1600,1700,1650
2019-01-12,Barley (Jau),29,Rajasthan,8,Jaipur,110,1728,1728,1728
2019-01-10,Barley (Jau),29,Rajasthan,8,Jaipur,110,1675,1675,1675
2019-01-09,Barley (Jau),29,Rajasthan,8,Jaipur,110,1650,1650,1650
2019-01-08,Barley (Jau),29,Rajasthan,8,Jaipur,110,1605.5,1700,1650
2019-01-07,Barley (Jau),29,Rajasthan,8,Jaipur,110,1507.5,1607.5,1557.5
2019-01-05,Barley (Jau),29,Rajasthan,8,Jaipur,110,1775.5,1775.5,1775.5
2019-01-03,Barley (Jau),29,Rajasthan,8,Jaipur,110,1655,1706,1692.5
2019-01-01,Barley (Jau),29,Rajasthan,8,Jaipur,110,1755.5,1755.5,1755.5
2018-12-31,Barley (Jau),29,Rajasthan,8,Jaipur,110,1555.5,1581,1565.5
2018-12-29,Barley (Jau),29,Rajasthan,8,Jaipur,110,1750,1750,1750
2018-12-27,Barley (Jau),29,Rajasthan,8,Jaipur,110,1508.3333333333333,1625,1566.6666666666667
2018-12-26,Barley (Jau),29,Rajasthan,8,Jaipur,110,1550.5,1670,1610
2018-12-24,Barley (Jau),29,Rajasthan,8,Jaipur,110,1550,1600,1575
2018-12-22,Barley (Jau),29,Rajasthan,8,Jaipur,110,1736,1736,1736
2018-12-21,Barley (Jau),29,Rajasthan,8,Jaipur,110,1616,1700,1650
2018-12-20,Barley (Jau),29,Rajasthan,8,Jaipur,110,1650,1708,1700
2018-12-19,Barley (Jau),29,Rajasthan,8,Jaipur,110,1700,1700,1700
2018-12-18,Barley (Jau),29,Rajasthan,8,Jaipur,110,1601,1700,1650
2018-12-17,Barley (Jau),29,Rajasthan,8,Jaipur,110,1612,1695,1654
2018-12-15,Barley (Jau),29,Rajasthan,8,Jaipur,110,1335,1335,1335
2018-12-14,Barley (Jau),29,Rajasthan,8,Jaipur,110,1519,1700,1619
2018-12-13,Barley (Jau),29,Rajasthan,8,Jaipur,110,1572.3333333333333,1686,1638.6666666666667
2018-12-12,Barley (Jau),29,Rajasthan,8,Jaipur,110,1551,1790,1700
2018-12-11,Barley (Jau),29,Rajasthan,8,Jaipur,110,1625,1775,1700
2018-12-10,Barley (Jau),29,Rajasthan,8,Jaipur,110,1650,1762,1725
2018-12-08,Barley (Jau),29,Rajasthan,8,Jaipur,110,1625,1725,1700
2018-12-05,Barley (Jau),29,Rajasthan,8,Jaipur,110,1605,1670,1637.5
2018-12-04,Barley (Jau),29,Rajasthan,8,Jaipur,110,1585.5,1712.5,1662.5
2018-11-30,Barley (Jau),29,Rajasthan,8,Jaipur,110,1621,1686.2,1644
2018-11-29,Barley (Jau),29,Rajasthan,8,Jaipur,110,1625,1675,1650
2018-11-28,Barley (Jau),29,Rajasthan,8,Jaipur,110,1600,1665.25,1643.75
2018-11-27,Barley (Jau),29,Rajasthan,8,Jaipur,110,1605.3333333333333,1672,1638.6666666666667
2018-11-26,Barley (Jau),29,Rajasthan,8,Jaipur,110,1612.5,1687.5,1650
2018-11-25,Barley (Jau),29,Rajasthan,8,Jaipur,110,1730,1730,1730
2018-11-24,Barley (Jau),29,Rajasthan,8,Jaipur,110,1665,1712,1700
2018-11-23,Barley (Jau),29,Rajasthan,8,Jaipur,110,1693.3333333333333,1738.6666666666667,1735
2018-11-22,Barley (Jau),29,Rajasthan,8,Jaipur,110,1702.5,1752.5,1727.5
2018-11-21,Barley (Jau),29,Rajasthan,8,Jaipur,110,1700,1737.5,1705
2018-11-20,Barley (Jau),29,Rajasthan,8,Jaipur,110,1650,1700,1675
2018-11-19,Barley (Jau),29,Rajasthan,8,Jaipur,110,1716.6666666666667,1766.6666666666667,1733.3333333333333
2018-11-17,Barley (Jau),29,Rajasthan,8,Jaipur,110,1645,1670,1650
2018-11-16,Barley (Jau),29,Rajasthan,8,Jaipur,110,1581.25,1719,1693.75
2018-11-15,Barley (Jau),29,Rajasthan,8,Jaipur,110,1380.5,1662.5,1650
2018-11-14,Barley (Jau),29,Rajasthan,8,Jaipur,110,1870,1870,1870
2018-11-13,Barley (Jau),29,Rajasthan,8,Jaipur,110,1663.3333333333333,1696.6666666666667,1680
2018-11-12,Barley (Jau),29,Rajasthan,8,Jaipur,110,1603.6666666666667,1693.6666666666667,1663.3333333333333
2018-11-10,Barley (Jau),29,Rajasthan,8,Jaipur,110,1525.5,1650,1550
2018-11-09,Barley (Jau),29,Rajasthan,8,Jaipur,110,1725,1725,1725
2018-11-03,Barley (Jau),29,Rajasthan,8,Jaipur,110,1613,1717.5,1687.5
2018-11-02,Barley (Jau),29,Rajasthan,8,Jaipur,110,1450,1750,1650
2018-11-01,Barley (Jau),29,Rajasthan,8,Jaipur,110,1600,1831,1715
2018-10-31,Barley (Jau),29,Rajasthan,8,Jaipur,110,1620,1671,1650
2018-10-30,Barley (Jau),29,Rajasthan,8,Jaipur,110,1666,1688,1675.5
2018-10-29,Barley (Jau),29,Rajasthan,8,Jaipur,110,1500,1622.5,1555
2018-10-27,Barley (Jau),29,Rajasthan,8,Jaipur,110,1652.5,1687.5,1682.5
2018-10-26,Barley (Jau),29,Rajasthan,8,Jaipur,110,1600,1720,1660
2018-10-25,Barley (Jau),29,Rajasthan,8,Jaipur,110,1675,1805,1725
2018-10-24,Barley (Jau),29,Rajasthan,8,Jaipur,110,1638,1713,1688
2018-10-22,Barley (Jau),29,Rajasthan,8,Jaipur,110,1450,1650,1600
2018-10-20,Barley (Jau),29,Rajasthan,8,Jaipur,110,1670,1770,1720
2018-10-18,Barley (Jau),29,Rajasthan,8,Jaipur,110,1500,1600,1550
2018-10-17,Barley (Jau),29,Rajasthan,8,Jaipur,110,1640,1715,1680
2018-10-16,Barley (Jau),29,Rajasthan,8,Jaipur,110,1600,1605.5,1602.5
2018-10-15,Barley (Jau),29,Rajasthan,8,Jaipur,110,1573.3333333333333,1662.3333333333333,1610
2018-10-13,Barley (Jau),29,Rajasthan,8,Jaipur,110,1400,1400,1400
2018-10-12,Barley (Jau),29,Rajasthan,8,Jaipur,110,1537,1555,1555
2018-10-11,Barley (Jau),29,Rajasthan,8,Jaipur,110,1530,1541.6666666666667,1533.3333333333333
2018-10-08,Barley (Jau),29,Rajasthan,8,Jaipur,110,1400,1550,1475
2018-10-06,Barley (Jau),29,Rajasthan,8,Jaipur,110,1600,1700,1671
2018-10-05,Barley (Jau),29,Rajasthan,8,Jaipur,110,1601,1601,1601
2018-10-04,Barley (Jau),29,Rajasthan,8,Jaipur,110,1488,1548,1538
2018-10-03,Barley (Jau),29,Rajasthan,8,Jaipur,110,1550,1611,1611
2018-10-02,Barley (Jau),29,Rajasthan,8,Jaipur,110,1571,1670,1600
2018-10-01,Barley (Jau),29,Rajasthan,8,Jaipur,110,1565,1635,1590
2018-09-28,Barley (Jau),29,Rajasthan,8,Jaipur,110,1416.6666666666667,1541.6666666666667,1510.6666666666667
2018-09-27,Barley (Jau),29,Rajasthan,8,Jaipur,110,1412.5,1580,1567.5
2018-09-26,Barley (Jau),29,Rajasthan,8,Jaipur,110,1570,1586,1582.5
2018-09-25,Barley (Jau),29,Rajasthan,8,Jaipur,110,1540,1596,1575
2018-09-24,Barley (Jau),29,Rajasthan,8,Jaipur,110,1462.5,1487.5,1475
2018-09-22,Barley (Jau),29,Rajasthan,8,Jaipur,110,1400,1551,1551
2018-09-21,Barley (Jau),29,Rajasthan,8,Jaipur,110,1585.5,1631,1618
2018-09-20,Barley (Jau),29,Rajasthan,8,Jaipur,110,1545.6666666666667,1595.6666666666667,1570.6666666666667
2018-09-19,Barley (Jau),29,Rajasthan,8,Jaipur,110,1570,1606.5,1576
2018-09-18,Barley (Jau),29,Rajasthan,8,Jaipur,110,1485.25,1507.75,1496.5
2018-09-17,Barley (Jau),29,Rajasthan,8,Jaipur,110,1478,1572.6,1534
2018-09-15,Barley (Jau),29,Rajasthan,8,Jaipur,110,1580,1585,1582.5
2018-09-14,Barley (Jau),29,Rajasthan,8,Jaipur,110,1375,1622,1575
2018-09-12,Barley (Jau),29,Rajasthan,8,Jaipur,110,1425,1475,1450
2018-09-11,Barley (Jau),29,Rajasthan,8,Jaipur,110,1482,1507.25,1494.75
2018-09-10,Barley (Jau),29,Rajasthan,8,Jaipur,110,1400,1450,1425
2018-09-07,Barley (Jau),29,Rajasthan,8,Jaipur,110,1470,1470,1470
2018-08-31,Barley (Jau),29,Rajasthan,8,Jaipur,110,1395,1500.5,1493
2018-08-30,Barley (Jau),29,Rajasthan,8,Jaipur,110,1500,1550,1530
2018-08-29,Barley (Jau),29,Rajasthan,8,Jaipur,110,1429,1429,1429
2018-08-28,Barley (Jau),29,Rajasthan,8,Jaipur,110,1366.6666666666667,1483.3333333333333,1425
2018-08-27,Barley (Jau),29,Rajasthan,8,Jaipur,110,1373.3333333333333,1440,1423.3333333333333
2018-08-25,Barley (Jau),29,Rajasthan,8,Jaipur,110,1325,1325,1325
2018-08-24,Barley (Jau),29,Rajasthan,8,Jaipur,110,1400,1475,1450
2018-08-23,Barley (Jau),29,Rajasthan,8,Jaipur,110,1440,1460,1450
2018-08-22,Barley (Jau),29,Rajasthan,8,Jaipur,110,1325,1400,1350
2018-08-21,Barley (Jau),29,Rajasthan,8,Jaipur,110,1390,1462.5,1425
2018-08-20,Barley (Jau),29,Rajasthan,8,Jaipur,110,1366.6666666666667,1481.3333333333333,1416.6666666666667
2018-08-18,Barley (Jau),29,Rajasthan,8,Jaipur,110,1370.3333333333333,1437,1403.6666666666667
2018-08-17,Barley (Jau),29,Rajasthan,8,Jaipur,110,1380,1380,1380
2018-08-16,Barley (Jau),29,Rajasthan,8,Jaipur,110,1450.25,1487.75,1472.25
2018-08-14,Barley (Jau),29,Rajasthan,8,Jaipur,110,1458.6666666666667,1483.6666666666667,1471.3333333333333
2018-08-13,Barley (Jau),29,Rajasthan,8,Jaipur,110,1425.25,1506.5,1477.75
2018-08-11,Barley (Jau),29,Rajasthan,8,Jaipur,110,1343,1467.5,1398
2018-08-09,Barley (Jau),29,Rajasthan,8,Jaipur,110,1375,1473.3333333333333,1433.3333333333333
2018-08-08,Barley (Jau),29,Rajasthan,8,Jaipur,110,1318,1418.3333333333333,1358.3333333333333
2018-08-07,Barley (Jau),29,Rajasthan,8,Jaipur,110,1392.75,1490.25,1432.75
2018-08-06,Barley (Jau),29,Rajasthan,8,Jaipur,110,1395.8,1509.6,1457
2018-08-04,Barley (Jau),29,Rajasthan,8,Jaipur,110,1400,1500,1475
2018-08-03,Barley (Jau),29,Rajasthan,8,Jaipur,110,1390,1417.5,1403.75
2018-08-02,Barley (Jau),29,Rajasthan,8,Jaipur,110,1391,1504,1439
2018-08-01,Barley (Jau),29,Rajasthan,8,Jaipur,110,1470,1529,1500
2018-07-31,Barley (Jau),29,Rajasthan,8,Jaipur,110,1463.3333333333333,1520,1505
2018-07-30,Barley (Jau),29,Rajasthan,8,Jaipur,110,1775.8333333333333,1872.3333333333333,1831.6666666666667
2018-07-28,Barley (Jau),29,Rajasthan,8,Jaipur,110,1439,1513,1475
2018-07-27,Barley (Jau),29,Rajasthan,8,Jaipur,110,1433.75,1477.5,1453.75
2018-07-26,Barley (Jau),29,Rajasthan,8,Jaipur,110,1377.5,1437.5,1425
2018-07-25,Barley (Jau),29,Rajasthan,8,Jaipur,110,1324,1399,1360
2018-07-24,Barley (Jau),29,Rajasthan,8,Jaipur,110,1423.3333333333333,1450,1436.6666666666667
2018-07-23,Barley (Jau),29,Rajasthan,8,Jaipur,110,1372.6666666666667,1372.6666666666667,1372.6666666666667
2018-07-21,Barley (Jau),29,Rajasthan,8,Jaipur,110,1403,1431,1420
2018-07-20,Barley (Jau),29,Rajasthan,8,Jaipur,110,1362.6666666666667,1411.6666666666667,1376.6666666666667
2018-07-19,Barley (Jau),29,Rajasthan,8,Jaipur,110,1369,1437.5,1402.5
2018-07-18,Barley (Jau),29,Rajasthan,8,Jaipur,110,1379.3333333333333,1416,1406
2018-07-17,Barley (Jau),29,Rajasthan,8,Jaipur,110,1312.5,1335.5,1335.5
2018-07-16,Barley (Jau),29,Rajasthan,8,Jaipur,110,1377.5,1434.5,1406.5
2018-07-14,Barley (Jau),29,Rajasthan,8,Jaipur,110,1340.5,1397.5,1370
2018-07-13,Barley (Jau),29,Rajasthan,8,Jaipur,110,1345.25,1435.75,1394
2018-07-12,Barley (Jau),29,Rajasthan,8,Jaipur,110,1338,1437.5,1363
2018-07-11,Barley (Jau),29,Rajasthan,8,Jaipur,110,1300,1408,1401
2018-07-10,Barley (Jau),29,Rajasthan,8,Jaipur,110,1340,1387.3333333333333,1365.3333333333333
2018-07-09,Barley (Jau),29,Rajasthan,8,Jaipur,110,1313.3333333333333,1375,1338.3333333333333
2018-07-07,Barley (Jau),29,Rajasthan,8,Jaipur,110,1279,1370.5,1310
2018-07-06,Barley (Jau),29,Rajasthan,8,Jaipur,110,1266.6666666666667,1356.6666666666667,1303.6666666666667
2018-07-05,Barley (Jau),29,Rajasthan,8,Jaipur,110,1256,1355,1300
2018-07-04,Barley (Jau),29,Rajasthan,8,Jaipur,110,1285,1340.5,1320
2018-07-03,Barley (Jau),29,Rajasthan,8,Jaipur,110,1275,1360.5,1320
2018-07-02,Barley (Jau),29,Rajasthan,8,Jaipur,110,1318.3333333333333,1387,1360.3333333333333
2018-06-30,Barley (Jau),29,Rajasthan,8,Jaipur,110,1250,1317,1300.3333333333333
2018-06-29,Barley (Jau),29,Rajasthan,8,Jaipur,110,1295,1390,1340
2018-06-28,Barley (Jau),29,Rajasthan,8,Jaipur,110,1275,1400,1337.5
2018-06-27,Barley (Jau),29,Rajasthan,8,Jaipur,110,1295,1365.3333333333333,1323.3333333333333
2018-06-26,Barley (Jau),29,Rajasthan,8,Jaipur,110,1310.5,1319.5,1313
2018-06-25,Barley (Jau),29,Rajasthan,8,Jaipur,110,1278.3333333333333,1346.6666666666667,1315
2018-06-23,Barley (Jau),29,Rajasthan,8,Jaipur,110,1271.6666666666667,1346.6666666666667,1308.3333333333333
2018-06-22,Barley (Jau),29,Rajasthan,8,Jaipur,110,1320,1402.5,1357.5
2018-06-21,Barley (Jau),29,Rajasthan,8,Jaipur,110,1220,1396,1346.6666666666667
2018-06-20,Barley (Jau),29,Rajasthan,8,Jaipur,110,1290,1391.6666666666667,1347.5
2018-06-19,Barley (Jau),29,Rajasthan,8,Jaipur,110,1300,1423.75,1350
2018-06-18,Barley (Jau),29,Rajasthan,8,Jaipur,110,1281.8,1412,1359.6
2018-06-16,Barley (Jau),29,Rajasthan,8,Jaipur,110,1250,1359.75,1318.75
2018-06-15,Barley (Jau),29,Rajasthan,8,Jaipur,110,1263.3333333333333,1337.6666666666667,1308
2018-06-14,Barley (Jau),29,Rajasthan,8,Jaipur,110,1280,1390,1350.6
2018-06-13,Barley (Jau),29,Rajasthan,8,Jaipur,110,1316.6666666666667,1414.3333333333333,1386
2018-06-12,Barley (Jau),29,Rajasthan,8,Jaipur,110,1337,1408.3333333333333,1373.3333333333333
2018-06-11,Barley (Jau),29,Rajasthan,8,Jaipur,110,1362.5,1442.25,1399
2018-06-09,Barley (Jau),29,Rajasthan,8,Jaipur,110,1300,1388.3333333333333,1346.6666666666667
2018-06-08,Barley (Jau),29,Rajasthan,8,Jaipur,110,1300,1402.6666666666667,1360
2018-06-07,Barley (Jau),29,Rajasthan,8,Jaipur,110,1305.25,1429.75,1357.5
2018-06-06,Barley (Jau),29,Rajasthan,8,Jaipur,110,1250,1315,1295
2018-06-05,Barley (Jau),29,Rajasthan,8,Jaipur,110,1302.75,1374.5,1340
2018-06-04,Barley (Jau),29,Rajasthan,8,Jaipur,110,1308.75,1380,1347.5
2018-06-03,Barley (Jau),29,Rajasthan,8,Jaipur,110,3400,3500,3450
2018-06-02,Barley (Jau),29,Rajasthan,8,Jaipur,110,1303.3333333333333,1393.6666666666667,1356
2018-06-01,Barley (Jau),29,Rajasthan,8,Jaipur,110,1298.75,1445.75,1377.5
2018-05-31,Barley (Jau),29,Rajasthan,8,Jaipur,110,1325,1450,1388.75
2018-05-30,Barley (Jau),29,Rajasthan,8,Jaipur,110,1305.5,1395,1372.5
2018-05-29,Barley (Jau),29,Rajasthan,8,Jaipur,110,1328,1421,1379
2018-05-28,Barley (Jau),29,Rajasthan,8,Jaipur,110,1333,1409,1384.6
2018-05-26,Barley (Jau),29,Rajasthan,8,Jaipur,110,1331.25,1392.5,1370.75
2018-05-25,Barley (Jau),29,Rajasthan,8,Jaipur,110,1343.75,1420,1393.25
2018-05-24,Barley (Jau),29,Rajasthan,8,Jaipur,110,1348.3333333333333,1424,1400
2018-05-23,Barley (Jau),29,Rajasthan,8,Jaipur,110,1333.3333333333333,1393.3333333333333,1371.6666666666667
2018-05-22,Barley (Jau),29,Rajasthan,8,Jaipur,110,1353.75,1431.25,1404.5
2018-05-21,Barley (Jau),29,Rajasthan,8,Jaipur,110,1330,1423,1400
2018-05-20,Barley (Jau),29,Rajasthan,8,Jaipur,110,1300,1350,1350
2018-05-19,Barley (Jau),29,Rajasthan,8,Jaipur,110,1328.75,1413.75,1383.75
2018-05-18,Barley (Jau),29,Rajasthan,8,Jaipur,110,1316.2,1449.4,1408
2018-05-17,Barley (Jau),29,Rajasthan,8,Jaipur,110,1356,1441.6,1411
2018-05-16,Barley (Jau),29,Rajasthan,8,Jaipur,110,1320,1435,1373.75
2018-05-15,Barley (Jau),29,Rajasthan,8,Jaipur,110,1356,1446,1408
2018-05-14,Barley (Jau),29,Rajasthan,8,Jaipur,110,1348,1468.2,1427
2018-05-12,Barley (Jau),29,Rajasthan,8,Jaipur,110,1315,1459.75,1397.5
2018-05-11,Barley (Jau),29,Rajasthan,8,Jaipur,110,1343.75,1991.25,1402.5
2018-05-10,Barley (Jau),29,Rajasthan,8,Jaipur,110,1340,1483.6666666666667,1426.6666666666667
2018-05-09,Barley (Jau),29,Rajasthan,8,Jaipur,110,1350,1446.25,1407.5
2018-05-08,Barley (Jau),29,Rajasthan,8,Jaipur,110,1323,1442.6,1408
2018-05-07,Barley (Jau),29,Rajasthan,8,Jaipur,110,1333.3333333333333,1517.1666666666667,1435
2018-05-05,Barley (Jau),29,Rajasthan,8,Jaipur,110,1347.5,1443.75,1406.25
2018-05-04,Barley (Jau),29,Rajasthan,8,Jaipur,110,1351,1451,1405
2018-05-03,Barley (Jau),29,Rajasthan,8,Jaipur,110,1336,1439,1396
2018-05-02,Barley (Jau),29,Rajasthan,8,Jaipur,110,1322.5,1425.75,1381.25
2018-05-01,Barley (Jau),29,Rajasthan,8,Jaipur,110,1325,1456.25,1401.25
2018-04-30,Barley (Jau),29,Rajasthan,8,Jaipur,110,1338.75,1417.75,1375
2018-04-29,Barley (Jau),29,Rajasthan,8,Jaipur,110,1300,1500,1400
2018-04-28,Barley (Jau),29,Rajasthan,8,Jaipur,110,1275,1407.5,1358.75
2018-04-27,Barley (Jau),29,Rajasthan,8,Jaipur,110,1310,1409.6,1366
2018-04-26,Barley (Jau),29,Rajasthan,8,Jaipur,110,1300,1394.6666666666667,1339.1666666666667
2018-04-25,Barley (Jau),29,Rajasthan,8,Jaipur,110,1307.5,1405,1359.5
2018-04-24,Barley (Jau),29,Rajasthan,8,Jaipur,110,1270,1414.2,1361
2018-04-23,Barley (Jau),29,Rajasthan,8,Jaipur,110,1262.5,1412.5,1347.5
2018-04-21,Barley (Jau),29,Rajasthan,8,Jaipur,110,1310,1529,1350
2018-04-20,Barley (Jau),29,Rajasthan,8,Jaipur,110,1256.6666666666667,1456.6666666666667,1356.6666666666667
2018-04-19,Barley (Jau),29,Rajasthan,8,Jaipur,110,1232,1416,1352
2018-04-18,Barley (Jau),29,Rajasthan,8,Jaipur,110,1292,1450.2,1355
2018-04-17,Barley (Jau),29,Rajasthan,8,Jaipur,110,1280,1477.75,1362.5
2018-04-16,Barley (Jau),29,Rajasthan,8,Jaipur,110,1303.75,1390.375,1346.875
2018-04-15,Barley (Jau),29,Rajasthan,8,Jaipur,110,1353.3333333333333,1370,1361.6666666666667
2018-04-14,Barley (Jau),29,Rajasthan,8,Jaipur,110,1316.6666666666667,1379.6666666666667,1341.6666666666667
2018-04-13,Barley (Jau),29,Rajasthan,8,Jaipur,110,1320.7142857142858,1373.5714285714287,1339.2857142857142
2018-04-12,Barley (Jau),29,Rajasthan,8,Jaipur,110,1277.5,1338.3333333333333,1300.8333333333333
2018-04-11,Barley (Jau),29,Rajasthan,8,Jaipur,110,1288.2857142857142,1370.2857142857142,1323.2857142857142
2018-04-10,Barley (Jau),29,Rajasthan,8,Jaipur,110,1255,1335,1300
2018-04-09,Barley (Jau),29,Rajasthan,8,Jaipur,110,1267.5,1382.5,1325
2018-04-08,Barley (Jau),29,Rajasthan,8,Jaipur,110,1337.5,1395,1365
2018-04-07,Barley (Jau),29,Rajasthan,8,Jaipur,110,1306.6666666666667,1352.5,1330.8333333333333
2018-04-06,Barley (Jau),29,Rajasthan,8,Jaipur,110,1264.1666666666667,1342.5,1305.8333333333333
2018-04-05,Barley (Jau),29,Rajasthan,8,Jaipur,110,1260,1377,1310
2018-04-04,Barley (Jau),29,Rajasthan,8,Jaipur,110,1268.75,1348.75,1310.625
2018-04-03,Barley (Jau),29,Rajasthan,8,Jaipur,110,1237.857142857143,1369.7142857142858,1297.857142857143
2018-04-02,Barley (Jau),29,Rajasthan,8,Jaipur,110,1244.4285714285713,1325.142857142857,1288.7142857142858
2018-04-01,Barley (Jau),29,Rajasthan,8,Jaipur,110,1261.6666666666667,1273.3333333333333,1265
2018-03-31,Barley (Jau),29,Rajasthan,8,Jaipur,110,1272,1322,1302
2018-03-30,Barley (Jau),29,Rajasthan,8,Jaipur,110,1215.8333333333333,1290.8333333333333,1258.3333333333333
2018-03-29,Barley (Jau),29,Rajasthan,8,Jaipur,110,1218.3333333333333,1328.3333333333333,1275.8333333333333
2018-03-28,Barley (Jau),29,Rajasthan,8,Jaipur,110,1225,1384.1666666666667,1268.3333333333333
2018-03-27,Barley (Jau),29,Rajasthan,8,Jaipur,110,1226.4285714285713,1344.4285714285713,1285
2018-03-26,Barley (Jau),29,Rajasthan,8,Jaipur,110,1237.5,1300,1273.75
2018-03-25,Barley (Jau),29,Rajasthan,8,Jaipur,110,1279,1307,1299
2018-03-24,Barley (Jau),29,Rajasthan,8,Jaipur,110,1265,1299.8,1283
2018-03-23,Barley (Jau),29,Rajasthan,8,Jaipur,110,1226.7142857142858,1317.4285714285713,1272.4285714285713
2018-03-22,Barley (Jau),29,Rajasthan,8,Jaipur,110,1243,1336,1290
2018-03-21,Barley (Jau),29,Rajasthan,8,Jaipur,110,1244.5714285714287,1347.4285714285713,1296
2018-03-20,Barley (Jau),29,Rajasthan,8,Jaipur,110,1233.3333333333333,1345.8333333333333,1298.3333333333333
2018-03-19,Barley (Jau),29,Rajasthan,8,Jaipur,110,1217,1347,1297
2018-03-18,Barley (Jau),29,Rajasthan,8,Jaipur,110,1251,1346,1299.75
2018-03-17,Barley (Jau),29,Rajasthan,8,Jaipur,110,1267,1365,1322
2018-03-16,Barley (Jau),29,Rajasthan,8,Jaipur,110,1269.4285714285713,1354.142857142857,1315
2018-03-15,Barley (Jau),29,Rajasthan,8,Jaipur,110,1238.3333333333333,1409.8333333333333,1327.5
2018-03-14,Barley (Jau),29,Rajasthan,8,Jaipur,110,1269.1666666666667,1370,1320.8333333333333
2018-03-13,Barley (Jau),29,Rajasthan,8,Jaipur,110,1262.142857142857,1459.2857142857142,1362.857142857143
2018-03-12,Barley (Jau),29,Rajasthan,8,Jaipur,110,1294.2857142857142,1425.142857142857,1360
2018-03-11,Barley (Jau),29,Rajasthan,8,Jaipur,110,1327.5,1377.5,1352.5
2018-03-10,Barley (Jau),29,Rajasthan,8,Jaipur,110,1252.5,1392.5,1318.75
2018-03-09,Barley (Jau),29,Rajasthan,8,Jaipur,110,1312.5,1367,1345
2018-03-08,Barley (Jau),29,Rajasthan,8,Jaipur,110,1300,1361.2,1327
2018-03-07,Barley (Jau),29,Rajasthan,8,Jaipur,110,1320.4,1376.4,1345
2018-03-06,Barley (Jau),29,Rajasthan,8,Jaipur,110,1228.75,1336.5,1295
2018-03-05,Barley (Jau),29,Rajasthan,8,Jaipur,110,1263,1360.2,1325.6
2018-03-03,Barley (Jau),29,Rajasthan,8,Jaipur,110,1285,1356.6666666666667,1340
2018-02-28,Barley (Jau),29,Rajasthan,8,Jaipur,110,1175.5,1397.5,1297.5
2018-02-26,Barley (Jau),29,Rajasthan,8,Jaipur,110,1263.3333333333333,1368.3333333333333,1335
2018-02-23,Barley (Jau),29,Rajasthan,8,Jaipur,110,1350,1350,1350
2018-02-22,Barley (Jau),29,Rajasthan,8,Jaipur,110,1345.5,1395.5,1370.5
2018-02-21,Barley (Jau),29,Rajasthan,8,Jaipur,110,1315,1365,1338.3333333333333
2018-02-19,Barley (Jau),29,Rajasthan,8,Jaipur,110,1250,1300,1275
2018-02-16,Barley (Jau),29,Rajasthan,8,Jaipur,110,1430,1430,1430
2018-02-15,Barley (Jau),29,Rajasthan,8,Jaipur,110,1150,1383.3333333333333,1316.6666666666667
2018-02-14,Barley (Jau),29,Rajasthan,8,Jaipur,110,1150,1150,1150
2018-02-13,Barley (Jau),29,Rajasthan,8,Jaipur,110,1430,1430,1430
2018-02-12,Barley (Jau),29,Rajasthan,8,Jaipur,110,1430,1430,1430
2018-02-09,Barley (Jau),29,Rajasthan,8,Jaipur,110,1366,1366,1366
2018-02-08,Barley (Jau),29,Rajasthan,8,Jaipur,110,1313,1313,1313
2018-02-07,Barley (Jau),29,Rajasthan,8,Jaipur,110,1250,1450,1375
2018-02-06,Barley (Jau),29,Rajasthan,8,Jaipur,110,1360,1360,1360
2018-02-05,Barley (Jau),29,Rajasthan,8,Jaipur,110,1400,1430,1415
2018-02-03,Barley (Jau),29,Rajasthan,8,Jaipur,110,1272,1272,1272
2018-02-02,Barley (Jau),29,Rajasthan,8,Jaipur,110,1215,1215,1215
2018-02-01,Barley (Jau),29,Rajasthan,8,Jaipur,110,1299.6666666666667,1346.3333333333333,1334.6666666666667
2018-01-31,Barley (Jau),29,Rajasthan,8,Jaipur,110,1400,1500,1450
2018-01-30,Barley (Jau),29,Rajasthan,8,Jaipur,110,1305,1341,1325
2018-01-29,Barley (Jau),29,Rajasthan,8,Jaipur,110,1191,1191,1191
2018-01-26,Barley (Jau),29,Rajasthan,8,Jaipur,110,1400,1450,1425
2018-01-25,Barley (Jau),29,Rajasthan,8,Jaipur,110,1291.6666666666667,1353,1326.3333333333333
2018-01-24,Barley (Jau),29,Rajasthan,8,Jaipur,110,1255.6666666666667,1305.6666666666667,1280.6666666666667
2018-01-23,Barley (Jau),29,Rajasthan,8,Jaipur,110,1216.5,1216.5,1216.5
2018-01-22,Barley (Jau),29,Rajasthan,8,Jaipur,110,1375.5,1425.5,1400.5
2018-01-20,Barley (Jau),29,Rajasthan,8,Jaipur,110,1325.5,1325.5,1325.5
2018-01-19,Barley (Jau),29,Rajasthan,8,Jaipur,110,1300,1300,1300
2018-01-18,Barley (Jau),29,Rajasthan,8,Jaipur,110,1250,1300,1300
2018-01-17,Barley (Jau),29,Rajasthan,8,Jaipur,110,1200,1200,1200
2018-01-16,Barley (Jau),29,Rajasthan,8,Jaipur,110,1300.3333333333333,1350.3333333333333,1325.3333333333333
2018-01-12,Barley (Jau),29,Rajasthan,8,Jaipur,110,1350,1400,1375
2018-01-11,Barley (Jau),29,Rajasthan,8,Jaipur,110,1250,1300,1300
2018-01-10,Barley (Jau),29,Rajasthan,8,Jaipur,110,1325,1425,1375
2018-01-08,Barley (Jau),29,Rajasthan,8,Jaipur,110,1342.8,1422,1380.8
2018-01-06,Barley (Jau),29,Rajasthan,8,Jaipur,110,1359.3333333333333,1396.6666666666667,1376.6666666666667
2018-01-05,Barley (Jau),29,Rajasthan,8,Jaipur,110,1300,1500,1400
2018-01-04,Barley (Jau),29,Rajasthan,8,Jaipur,110,1346,1408.5,1377.25
2018-01-03,Barley (Jau),29,Rajasthan,8,Jaipur,110,1312.5,1412.5,1362.5
2018-01-02,Barley (Jau),29,Rajasthan,8,Jaipur,110,1303.3333333333333,1303.3333333333333,1303.3333333333333
2018-01-01,Barley (Jau),29,Rajasthan,8,Jaipur,110,1355.5,1375.5,1365.5
2017-12-29,Barley (Jau),29,Rajasthan,8,Jaipur,110,1250,1250,1250
2017-12-28,Barley (Jau),29,Rajasthan,8,Jaipur,110,1404.3333333333333,1437.6666666666667,1421
2017-12-27,Barley (Jau),29,Rajasthan,8,Jaipur,110,1150,1225,1225
2017-12-26,Barley (Jau),29,Rajasthan,8,Jaipur,110,1350,1350.5,1350
2017-12-25,Barley (Jau),29,Rajasthan,8,Jaipur,110,1500,1600,1550
2017-12-24,Barley (Jau),29,Rajasthan,8,Jaipur,110,1420,1420,1420
2017-12-23,Barley (Jau),29,Rajasthan,8,Jaipur,110,1370,1395,1380
2017-12-22,Barley (Jau),29,Rajasthan,8,Jaipur,110,1368.4,1408.4,1398.4
2017-12-21,Barley (Jau),29,Rajasthan,8,Jaipur,110,1272.5,1310,1297.5
2017-12-20,Barley (Jau),29,Rajasthan,8,Jaipur,110,1050,1100,1100
2017-12-19,Barley (Jau),29,Rajasthan,8,Jaipur,110,1375,1390,1385
2017-12-18,Barley (Jau),29,Rajasthan,8,Jaipur,110,1418.6666666666667,1453.3333333333333,1436.6666666666667
2017-12-17,Barley (Jau),29,Rajasthan,8,Jaipur,110,1398,1398,1398
2017-12-16,Barley (Jau),29,Rajasthan,8,Jaipur,110,1405,1405,1405
2017-12-15,Barley (Jau),29,Rajasthan,8,Jaipur,110,1300,1350,1325
2017-12-14,Barley (Jau),29,Rajasthan,8,Jaipur,110,1283.3333333333333,1316.6666666666667,1292.3333333333333
2017-12-13,Barley (Jau),29,Rajasthan,8,Jaipur,110,1325,1450,1376
2017-12-12,Barley (Jau),29,Rajasthan,8,Jaipur,110,1390,1390,1390
2017-12-11,Barley (Jau),29,Rajasthan,8,Jaipur,110,1369,1394,1381.5
2017-12-09,Barley (Jau),29,Rajasthan,8,Jaipur,110,1357.5,1391,1375
2017-12-08,Barley (Jau),29,Rajasthan,8,Jaipur,110,1300,1350,1330
2017-12-07,Barley (Jau),29,Rajasthan,8,Jaipur,110,1362.75,1437.75,1400.25
2017-12-06,Barley (Jau),29,Rajasthan,8,Jaipur,110,1325,1325,1325
2017-12-05,Barley (Jau),29,Rajasthan,8,Jaipur,110,1387,1570.3333333333333,1478.6666666666667
2017-12-04,Barley (Jau),29,Rajasthan,8,Jaipur,110,1368,1400,1375
2017-12-03,Barley (Jau),29,Rajasthan,8,Jaipur,110,1400,2200,1800
2017-12-02,Barley (Jau),29,Rajasthan,8,Jaipur,110,1300,1365,1310
2017-12-01,Barley (Jau),29,Rajasthan,8,Jaipur,110,1400,1400,1400
2017-11-30,Barley (Jau),29,Rajasthan,8,Jaipur,110,1389,1398,1390
2017-11-29,Barley (Jau),29,Rajasthan,8,Jaipur,110,1405,1455,1430
2017-11-28,Barley (Jau),29,Rajasthan,8,Jaipur,110,1310,1310,1310
2017-11-27,Barley (Jau),29,Rajasthan,8,Jaipur,110,1408.3333333333333,1421.6666666666667,1413.3333333333333
2017-11-25,Barley (Jau),29,Rajasthan,8,Jaipur,110,1405,1422.5,1412.5
2017-11-24,Barley (Jau),29,Rajasthan,8,Jaipur,110,1312.5,1387.5,1375
2017-11-23,Barley (Jau),29,Rajasthan,8,Jaipur,110,1345,1410.25,1385
2017-11-22,Barley (Jau),29,Rajasthan,8,Jaipur,110,1327.5,1406.25,1368.75
2017-11-21,Barley (Jau),29,Rajasthan,8,Jaipur,110,1342.5,1412.5,1377.5
2017-11-20,Barley (Jau),29,Rajasthan,8,Jaipur,110,1375,1402,1380
2017-11-18,Barley (Jau),29,Rajasthan,8,Jaipur,110,1447.5,1472.5,1457.5
2017-11-17,Barley (Jau),29,Rajasthan,8,Jaipur,110,1300,1350,1337.5
2017-11-16,Barley (Jau),29,Rajasthan,8,Jaipur,110,1360,1420,1400
2017-11-15,Barley (Jau),29,Rajasthan,8,Jaipur,110,1375,1429.5,1400
2017-11-14,Barley (Jau),29,Rajasthan,8,Jaipur,110,1315,1374,1340
2017-11-13,Barley (Jau),29,Rajasthan,8,Jaipur,110,1325,1397.5,1369
2017-11-11,Barley (Jau),29,Rajasthan,8,Jaipur,110,1238.75,1280,1276.5
2017-11-10,Barley (Jau),29,Rajasthan,8,Jaipur,110,1330,1355,1342.6666666666667
2017-11-09,Barley (Jau),29,Rajasthan,8,Jaipur,110,1300.5,1385,1337.5
2017-11-08,Barley (Jau),29,Rajasthan,8,Jaipur,110,1310,1356.25,1324.5
2017-11-07,Barley (Jau),29,Rajasthan,8,Jaipur,110,1278,1342,1320
2017-11-06,Barley (Jau),29,Rajasthan,8,Jaipur,110,1290,1340,1340
2017-11-04,Barley (Jau),29,Rajasthan,8,Jaipur,110,1400,1400,1400
2017-11-03,Barley (Jau),29,Rajasthan,8,Jaipur,110,1294.8,1368.8,1340.8
2017-11-02,Barley (Jau),29,Rajasthan,8,Jaipur,110,1300.5,1420,1362.5
2017-11-01,Barley (Jau),29,Rajasthan,8,Jaipur,110,1200,1325,1300
2017-10-31,Barley (Jau),29,Rajasthan,8,Jaipur,110,1337.5,1387.5,1362.5
2017-10-30,Barley (Jau),29,Rajasthan,8,Jaipur,110,1275,1362.5,1328.75
2017-10-28,Barley (Jau),29,Rajasthan,8,Jaipur,110,1300,1358.6666666666667,1341.6666666666667
2017-10-27,Barley (Jau),29,Rajasthan,8,Jaipur,110,1375,1456.5,1418.75
2017-10-26,Barley (Jau),29,Rajasthan,8,Jaipur,110,1250,1355,1315
2017-10-25,Barley (Jau),29,Rajasthan,8,Jaipur,110,1240,1290,1265
2017-10-24,Barley (Jau),29,Rajasthan,8,Jaipur,110,1319,1392,1360
2017-10-23,Barley (Jau),29,Rajasthan,8,Jaipur,110,1265,1265,1265
2017-10-18,Barley (Jau),29,Rajasthan,8,Jaipur,110,1350,1400,1375
2017-10-16,Barley (Jau),29,Rajasthan,8,Jaipur,110,3525,3625,3575
2017-10-14,Barley (Jau),29,Rajasthan,8,Jaipur,110,1275,1350.5,1312.5
2017-10-13,Barley (Jau),29,Rajasthan,8,Jaipur,110,1300,1391,1349
2017-10-12,Barley (Jau),29,Rajasthan,8,Jaipur,110,1200,1301,1300
2017-10-11,Barley (Jau),29,Rajasthan,8,Jaipur,110,1272.5,1306,1292.5
2017-10-10,Barley (Jau),29,Rajasthan,8,Jaipur,110,1303.3333333333333,1361,1331.6666666666667
2017-10-09,Barley (Jau),29,Rajasthan,8,Jaipur,110,1243.3333333333333,1310.3333333333333,1273.3333333333333
2017-10-07,Barley (Jau),29,Rajasthan,8,Jaipur,110,1306.6666666666667,1358.6666666666667,1335
2017-10-06,Barley (Jau),29,Rajasthan,8,Jaipur,110,1283.3333333333333,1367,1341.6666666666667
2017-10-05,Barley (Jau),29,Rajasthan,8,Jaipur,110,1241.6666666666667,1333.6666666666667,1306
2017-10-04,Barley (Jau),29,Rajasthan,8,Jaipur,110,1271,1332.5,1296.5
2017-10-03,Barley (Jau),29,Rajasthan,8,Jaipur,110,1320.5,1370.5,1345.5
2017-10-02,Barley (Jau),29,Rajasthan,8,Jaipur,110,1320.5,1417.5,1375
2017-09-30,Barley (Jau),29,Rajasthan,8,Jaipur,110,1300,1300,1300
2017-09-29,Barley (Jau),29,Rajasthan,8,Jaipur,110,1355.5,1430.5,1393
2017-09-28,Barley (Jau),29,Rajasthan,8,Jaipur,110,1302,1320,1302
2017-09-27,Barley (Jau),29,Rajasthan,8,Jaipur,110,1375,1425,1400
2017-09-26,Barley (Jau),29,Rajasthan,8,Jaipur,110,1350,1400,1375
2017-09-25,Barley (Jau),29,Rajasthan,8,Jaipur,110,1385,1435,1410
2017-09-23,Barley (Jau),29,Rajasthan,8,Jaipur,110,1288,1338,1313
2017-09-22,Barley (Jau),29,Rajasthan,8,Jaipur,110,1313.3333333333333,1395,1358.3333333333333
2017-09-21,Barley (Jau),29,Rajasthan,8,Jaipur,110,1313.3333333333333,1358.3333333333333,1356.6666666666667
2017-09-19,Barley (Jau),29,Rajasthan,8,Jaipur,110,1300.3333333333333,1340.3333333333333,1317
2017-09-18,Barley (Jau),29,Rajasthan,8,Jaipur,110,1301.25,1376.25,1335.75
2017-09-17,Barley (Jau),29,Rajasthan,8,Jaipur,110,1280,1280,1280
2017-09-16,Barley (Jau),29,Rajasthan,8,Jaipur,110,1230,1295.5,1275
2017-09-15,Barley (Jau),29,Rajasthan,8,Jaipur,110,1310,1330,1320
2017-09-14,Barley (Jau),29,Rajasthan,8,Jaipur,110,1276.6666666666667,1338.3333333333333,1320
2017-09-13,Barley (Jau),29,Rajasthan,8,Jaipur,110,1241.6666666666667,1300,1275
2017-09-12,Barley (Jau),29,Rajasthan,8,Jaipur,110,1303,1358.75,1343.75
2017-09-11,Barley (Jau),29,Rajasthan,8,Jaipur,110,1100,1335,1225
2017-09-09,Barley (Jau),29,Rajasthan,8,Jaipur,110,1339.3333333333333,1360.6666666666667,1349.6666666666667
2017-09-08,Barley (Jau),29,Rajasthan,8,Jaipur,110,1300.25,1345.25,1322.75
2017-09-07,Barley (Jau),29,Rajasthan,8,Jaipur,110,1322.6666666666667,1401.6666666666667,1360
2017-09-06,Barley (Jau),29,Rajasthan,8,Jaipur,110,1300,1400,1350
2017-09-05,Barley (Jau),29,Rajasthan,8,Jaipur,110,1360,1465,1412.5
2017-09-04,Barley (Jau),29,Rajasthan,8,Jaipur,110,2209,2283,2251.6
2017-09-02,Barley (Jau),29,Rajasthan,8,Jaipur,110,1300,1407.5,1345
2017-09-01,Barley (Jau),29,Rajasthan,8,Jaipur,110,1262.5,1341.25,1303.75
2017-08-31,Barley (Jau),29,Rajasthan,8,Jaipur,110,1280,1328,1300
2017-08-30,Barley (Jau),29,Rajasthan,8,Jaipur,110,1343.6666666666667,1392,1368.3333333333333
2017-08-29,Barley (Jau),29,Rajasthan,8,Jaipur,110,1320,1361.2,1339
2017-08-28,Barley (Jau),29,Rajasthan,8,Jaipur,110,1329.75,1388.5,1358.5
2017-08-27,Barley (Jau),29,Rajasthan,8,Jaipur,110,1360,1360,1360
2017-08-26,Barley (Jau),29,Rajasthan,8,Jaipur,110,1233.3333333333333,1307,1295
2017-08-25,Barley (Jau),29,Rajasthan,8,Jaipur,110,1200,1250,1250
2017-08-24,Barley (Jau),29,Rajasthan,8,Jaipur,110,1277.5,1342.5,1322.5
2017-08-23,Barley (Jau),29,Rajasthan,8,Jaipur,110,1250,1330,1290
2017-08-22,Barley (Jau),29,Rajasthan,8,Jaipur,110,1257.5,1307.75,1288.75
2017-08-21,Barley (Jau),29,Rajasthan,8,Jaipur,110,1297.6666666666667,1356,1327.1666666666667
2017-08-19,Barley (Jau),29,Rajasthan,8,Jaipur,110,1298.25,1349.5,1331.5
2017-08-18,Barley (Jau),29,Rajasthan,8,Jaipur,110,1275.5,1335,1308.5
2017-08-17,Barley (Jau),29,Rajasthan,8,Jaipur,110,1265.5,1334.5,1315
2017-08-16,Barley (Jau),29,Rajasthan,8,Jaipur,110,1285,1327.1666666666667,1308.8333333333333
2017-08-15,Barley (Jau),29,Rajasthan,8,Jaipur,110,1200,1250,1250
2017-08-14,Barley (Jau),29,Rajasthan,8,Jaipur,110,1285,1362.5,1330
2017-08-13,Barley (Jau),29,Rajasthan,8,Jaipur,110,1200,1300,1250
2017-08-12,Barley (Jau),29,Rajasthan,8,Jaipur,110,1297.5,1333.75,1310
2017-08-11,Barley (Jau),29,Rajasthan,8,Jaipur,110,1278.25,1343.25,1309.5
2017-08-10,Barley (Jau),29,Rajasthan,8,Jaipur,110,1250,1348.3333333333333,1313.3333333333333
2017-08-09,Barley (Jau),29,Rajasthan,8,Jaipur,110,1302.5,1330,1322.5
2017-08-08,Barley (Jau),29,Rajasthan,8,Jaipur,110,1294.4,1342.4,1318.4
2017-08-06,Barley (Jau),29,Rajasthan,8,Jaipur,110,1320,1320,1320
2017-08-05,Barley (Jau),29,Rajasthan,8,Jaipur,110,1295.25,1307.75,1302.75
2017-08-04,Barley (Jau),29,Rajasthan,8,Jaipur,110,1292.75,1319.75,1306.5
2017-08-03,Barley (Jau),29,Rajasthan,8,Jaipur,110,1260,1471,1297.6666666666667
2017-08-02,Barley (Jau),29,Rajasthan,8,Jaipur,110,1276.6666666666667,1323.3333333333333,1313.3333333333333
2017-08-01,Barley (Jau),29,Rajasthan,8,Jaipur,110,1271.6666666666667,1323.3333333333333,1312
2017-07-31,Barley (Jau),29,Rajasthan,8,Jaipur,110,1330.5,1375,1362.5
2017-07-29,Barley (Jau),29,Rajasthan,8,Jaipur,110,1250,1285,1260
2017-07-28,Barley (Jau),29,Rajasthan,8,Jaipur,110,1152.3333333333333,1323,1308.3333333333333
2017-07-27,Barley (Jau),29,Rajasthan,8,Jaipur,110,1280.3333333333333,1364.3333333333333,1333.3333333333333
2017-07-26,Barley (Jau),29,Rajasthan,8,Jaipur,110,1220.3333333333333,1307,1270
2017-07-22,Barley (Jau),29,Rajasthan,8,Jaipur,110,1245,1275.5,1272.5
2017-07-21,Barley (Jau),29,Rajasthan,8,Jaipur,110,1319,1347.75,1333.75
2017-07-20,Barley (Jau),29,Rajasthan,8,Jaipur,110,1265,1363.6666666666667,1329.3333333333333
2017-07-19,Barley (Jau),29,Rajasthan,8,Jaipur,110,1230,1313.3333333333333,1283.3333333333333
2017-07-18,Barley (Jau),29,Rajasthan,8,Jaipur,110,1273.3333333333333,1355,1316
2017-07-17,Barley (Jau),29,Rajasthan,8,Jaipur,110,1299,1354,1330.75
2017-07-16,Barley (Jau),29,Rajasthan,8,Jaipur,110,1350,1350,1350
2017-07-15,Barley (Jau),29,Rajasthan,8,Jaipur,110,1200,1350,1320
2017-07-14,Barley (Jau),29,Rajasthan,8,Jaipur,110,1282.5,1370,1337.5
2017-07-13,Barley (Jau),29,Rajasthan,8,Jaipur,110,1285.5,1343,1320
2017-07-12,Barley (Jau),29,Rajasthan,8,Jaipur,110,1247.5,1314,1297.5
2017-07-11,Barley (Jau),29,Rajasthan,8,Jaipur,110,1255.5,1345.5,1310.5
2017-07-10,Barley (Jau),29,Rajasthan,8,Jaipur,110,1249,1338,1295
2017-07-08,Barley (Jau),29,Rajasthan,8,Jaipur,110,1263.75,1336.25,1298.25
2017-07-07,Barley (Jau),29,Rajasthan,8,Jaipur,110,1268.3333333333333,1322.6666666666667,1299.3333333333333
2017-07-06,Barley (Jau),29,Rajasthan,8,Jaipur,110,1193.3333333333333,1285,1253.3333333333333
2017-07-05,Barley (Jau),29,Rajasthan,8,Jaipur,110,1270,1313.3333333333333,1288.3333333333333
2017-07-04,Barley (Jau),29,Rajasthan,8,Jaipur,110,1200,1311,1280
2017-06-29,Barley (Jau),29,Rajasthan,8,Jaipur,110,1325,1400,1361
2017-06-28,Barley (Jau),29,Rajasthan,8,Jaipur,110,1333.3333333333333,1430,1380
2017-06-27,Barley (Jau),29,Rajasthan,8,Jaipur,110,1320,1369,1342.6
2017-06-26,Barley (Jau),29,Rajasthan,8,Jaipur,110,1245.5,1276,1265
2017-06-24,Barley (Jau),29,Rajasthan,8,Jaipur,110,1222.5,1308.5,1275
2017-06-23,Barley (Jau),29,Rajasthan,8,Jaipur,110,1230,1319.3333333333333,1268.3333333333333
2017-06-22,Barley (Jau),29,Rajasthan,8,Jaipur,110,1285,1347.5,1325
2017-06-21,Barley (Jau),29,Rajasthan,8,Jaipur,110,1242.5,1286.25,1267.75
2017-06-20,Barley (Jau),29,Rajasthan,8,Jaipur,110,1207.75,1301.75,1261.25
2017-06-19,Barley (Jau),29,Rajasthan,8,Jaipur,110,1281.5,1348.25,1315.25
2017-06-17,Barley (Jau),29,Rajasthan,8,Jaipur,110,1270,1343.6666666666667,1313.3333333333333
2017-06-16,Barley (Jau),29,Rajasthan,8,Jaipur,110,1302,1354.5,1328.25
2017-06-15,Barley (Jau),29,Rajasthan,8,Jaipur,110,1280,1354,1313.25
2017-06-14,Barley (Jau),29,Rajasthan,8,Jaipur,110,1308.3333333333333,1375,1340
2017-06-13,Barley (Jau),29,Rajasthan,8,Jaipur,110,1297.75,1344.5,1323.25
2017-06-12,Barley (Jau),29,Rajasthan,8,Jaipur,110,1305,1345,1329.5
2017-06-10,Barley (Jau),29,Rajasthan,8,Jaipur,110,1253,1345.5,1325
2017-06-09,Barley (Jau),29,Rajasthan,8,Jaipur,110,1276.25,1337.5,1313.25
2017-06-08,Barley (Jau),29,Rajasthan,8,Jaipur,110,1313.75,1395.25,1363.25
2017-06-07,Barley (Jau),29,Rajasthan,8,Jaipur,110,1325,1397.75,1375.25
2017-06-06,Barley (Jau),29,Rajasthan,8,Jaipur,110,1237.5,1350.5,1322.5
2017-06-05,Barley (Jau),29,Rajasthan,8,Jaipur,110,1257.5,1337.5,1320
2017-06-04,Barley (Jau),29,Rajasthan,8,Jaipur,110,1323,1323,1323
2017-06-03,Barley (Jau),29,Rajasthan,8,Jaipur,110,1310,1369,1340
2017-06-02,Barley (Jau),29,Rajasthan,8,Jaipur,110,1316,1364,1340
2017-06-01,Barley (Jau),29,Rajasthan,8,Jaipur,110,1329.5,1392.5,1362.5
2017-05-31,Barley (Jau),29,Rajasthan,8,Jaipur,110,1335,1416.25,1370
2017-05-30,Barley (Jau),29,Rajasthan,8,Jaipur,110,1335,1390,1363.25
2017-05-29,Barley (Jau),29,Rajasthan,8,Jaipur,110,1342.5,1392.5,1370
2017-05-28,Barley (Jau),29,Rajasthan,8,Jaipur,110,1400,1430,1420
2017-05-27,Barley (Jau),29,Rajasthan,8,Jaipur,110,1340,1376.3333333333333,1361.6666666666667
2017-05-26,Barley (Jau),29,Rajasthan,8,Jaipur,110,1351.25,1390.25,1373.75
2017-05-25,Barley (Jau),29,Rajasthan,8,Jaipur,110,1350,1385,1368.75
2017-05-24,Barley (Jau),29,Rajasthan,8,Jaipur,110,1380.3333333333333,1415,1396.6666666666667
2017-05-23,Barley (Jau),29,Rajasthan,8,Jaipur,110,1355,1400,1374.3333333333333
2017-05-22,Barley (Jau),29,Rajasthan,8,Jaipur,110,1360,1370,1365
2017-05-20,Barley (Jau),29,Rajasthan,8,Jaipur,110,1350,1425,1390
2017-05-19,Barley (Jau),29,Rajasthan,8,Jaipur,110,2115,2158.75,2138.75
2017-05-18,Barley (Jau),29,Rajasthan,8,Jaipur,110,1360.6666666666667,1413.3333333333333,1388.6666666666667
2017-05-17,Barley (Jau),29,Rajasthan,8,Jaipur,110,1384.1666666666667,1423.3333333333333,1399.1666666666667
2017-05-16,Barley (Jau),29,Rajasthan,8,Jaipur,110,1362.5,1435,1403.75
2017-05-15,Barley (Jau),29,Rajasthan,8,Jaipur,110,1364.5,1425,1395
2017-05-14,Barley (Jau),29,Rajasthan,8,Jaipur,110,1350,1430,1400
2017-05-13,Barley (Jau),29,Rajasthan,8,Jaipur,110,1351.25,1422.5,1395
2017-05-12,Barley (Jau),29,Rajasthan,8,Jaipur,110,1345,1405,1382.5
2017-05-11,Barley (Jau),29,Rajasthan,8,Jaipur,110,1350,1415,1394.3333333333333
2017-05-10,Barley (Jau),29,Rajasthan,8,Jaipur,110,1350,1370,1360
2017-05-09,Barley (Jau),29,Rajasthan,8,Jaipur,110,1362,1430.6666666666667,1391.6666666666667
2017-05-08,Barley (Jau),29,Rajasthan,8,Jaipur,110,1380,1444,1419.6
2017-05-06,Barley (Jau),29,Rajasthan,8,Jaipur,110,1393.75,1477.5,1435
2017-05-05,Barley (Jau),29,Rajasthan,8,Jaipur,110,1389.25,1444.25,1414.25
2017-05-04,Barley (Jau),29,Rajasthan,8,Jaipur,110,1364.3333333333333,1431.6666666666667,1401.6666666666667
2017-05-03,Barley (Jau),29,Rajasthan,8,Jaipur,110,1372,1461.2,1422
2017-05-02,Barley (Jau),29,Rajasthan,8,Jaipur,110,1387.5,1464,1421.25
2017-05-01,Barley (Jau),29,Rajasthan,8,Jaipur,110,1412.5,1460.5,1433.75
2017-04-30,Barley (Jau),29,Rajasthan,8,Jaipur,110,1490,1490,1490
2017-04-29,Barley (Jau),29,Rajasthan,8,Jaipur,110,1405,1476.75,1442.5
2017-04-28,Barley (Jau),29,Rajasthan,8,Jaipur,110,1382,1427,1402
2017-04-27,Barley (Jau),29,Rajasthan,8,Jaipur,110,1447.5,1476.25,1462
2017-04-26,Barley (Jau),29,Rajasthan,8,Jaipur,110,1415.8333333333333,1462.5,1445.8333333333333
2017-04-25,Barley (Jau),29,Rajasthan,8,Jaipur,110,1417,1462,1439.6
2017-04-24,Barley (Jau),29,Rajasthan,8,Jaipur,110,1422.5,1465,1450.625
2017-04-23,Barley (Jau),29,Rajasthan,8,Jaipur,110,1411.6666666666667,1431.6666666666667,1428.3333333333333
2017-04-22,Barley (Jau),29,Rajasthan,8,Jaipur,110,1439.3333333333333,1446.3333333333333,1443
2017-04-21,Barley (Jau),29,Rajasthan,8,Jaipur,110,1428.75,1445.25,1441.25
2017-04-20,Barley (Jau),29,Rajasthan,8,Jaipur,110,1393.3333333333333,1470.3333333333333,1439.1666666666667
2017-04-19,Barley (Jau),29,Rajasthan,8,Jaipur,110,1421,1477,1451
2017-04-18,Barley (Jau),29,Rajasthan,8,Jaipur,110,1376.6666666666667,1445.1666666666667,1410.8333333333333
2017-04-17,Barley (Jau),29,Rajasthan,8,Jaipur,110,1411.4285714285713,1454.4285714285713,1432.857142857143
2017-04-16,Barley (Jau),29,Rajasthan,8,Jaipur,110,1412.5,1462.5,1437.5
2017-04-15,Barley (Jau),29,Rajasthan,8,Jaipur,110,1405,1467,1440
2017-04-14,Barley (Jau),29,Rajasthan,8,Jaipur,110,1408,1465,1442
2017-04-13,Barley (Jau),29,Rajasthan,8,Jaipur,110,1394,1475,1427
2017-04-12,Barley (Jau),29,Rajasthan,8,Jaipur,110,1382,1440.2,1410
2017-04-11,Barley (Jau),29,Rajasthan,8,Jaipur,110,1377,1443.2,1415
2017-04-10,Barley (Jau),29,Rajasthan,8,Jaipur,110,1395,1465.2,1435
2017-04-09,Barley (Jau),29,Rajasthan,8,Jaipur,110,1412.5,1462.5,1437.5
2017-04-08,Barley (Jau),29,Rajasthan,8,Jaipur,110,1414,1483,1461
2017-04-07,Barley (Jau),29,Rajasthan,8,Jaipur,110,1400,1455.8333333333333,1430
2017-04-06,Barley (Jau),29,Rajasthan,8,Jaipur,110,1414,1501,1465
2017-04-05,Barley (Jau),29,Rajasthan,8,Jaipur,110,1417.5,1486.875,1456.25
2017-04-04,Barley (Jau),29,Rajasthan,8,Jaipur,110,1370,1465,1416.6666666666667
2017-04-03,Barley (Jau),29,Rajasthan,8,Jaipur,110,1387,1451,1421
2017-04-02,Barley (Jau),29,Rajasthan,8,Jaipur,110,1366.6666666666667,1466.6666666666667,1416.6666666666667
2017-04-01,Barley (Jau),29,Rajasthan,8,Jaipur,110,1375,1468.3333333333333,1418.3333333333333
2017-03-31,Barley (Jau),29,Rajasthan,8,Jaipur,110,1360,1486.6666666666667,1420
2017-03-30,Barley (Jau),29,Rajasthan,8,Jaipur,110,1362.142857142857,1455,1408.5714285714287
2017-03-29,Barley (Jau),29,Rajasthan,8,Jaipur,110,1358,1408,1382
2017-03-28,Barley (Jau),29,Rajasthan,8,Jaipur,110,1352.5,1412.5,1382.5
2017-03-27,Barley (Jau),29,Rajasthan,8,Jaipur,110,1390,1452,1414.375
2017-03-26,Barley (Jau),29,Rajasthan,8,Jaipur,110,1362,1417,1392
2017-03-25,Barley (Jau),29,Rajasthan,8,Jaipur,110,1355.857142857143,1434.857142857143,1393
2017-03-24,Barley (Jau),29,Rajasthan,8,Jaipur,110,1337.142857142857,1411.5714285714287,1378.5714285714287
2017-03-23,Barley (Jau),29,Rajasthan,8,Jaipur,110,1329.1666666666667,1417.5,1368.3333333333333
2017-03-22,Barley (Jau),29,Rajasthan,8,Jaipur,110,1331.6666666666667,1390.8333333333333,1365
2017-03-21,Barley (Jau),29,Rajasthan,8,Jaipur,110,1302.5,1387.25,1351.25
2017-03-20,Barley (Jau),29,Rajasthan,8,Jaipur,110,1274,1358,1326
2017-03-18,Barley (Jau),29,Rajasthan,8,Jaipur,110,1250,1402.5,1313
2017-03-17,Barley (Jau),29,Rajasthan,8,Jaipur,110,1207.5,1370,1285
2017-03-16,Barley (Jau),29,Rajasthan,8,Jaipur,110,1150,1342.5,1275
2017-03-15,Barley (Jau),29,Rajasthan,8,Jaipur,110,1237.3333333333333,1297.3333333333333,1285.6666666666667
2017-03-14,Barley (Jau),29,Rajasthan,8,Jaipur,110,1186.6666666666667,1318.3333333333333,1288.3333333333333
2017-03-11,Barley (Jau),29,Rajasthan,8,Jaipur,110,1285,2166,1350
2017-03-10,Barley (Jau),29,Rajasthan,8,Jaipur,110,1312,1381,1348
2017-03-09,Barley (Jau),29,Rajasthan,8,Jaipur,110,1260,1295,1275
2017-03-08,Barley (Jau),29,Rajasthan,8,Jaipur,110,1238,1293.3333333333333,1270.3333333333333
2017-03-07,Barley (Jau),29,Rajasthan,8,Jaipur,110,1273.6666666666667,1298.6666666666667,1280
2017-03-06,Barley (Jau),29,Rajasthan,8,Jaipur,110,1290,1320,1315
2017-03-05,Barley (Jau),29,Rajasthan,8,Jaipur,110,1450,1450,1450
2017-03-04,Barley (Jau),29,Rajasthan,8,Jaipur,110,1300,1320.5,1310
2017-03-03,Barley (Jau),29,Rajasthan,8,Jaipur,110,1266,1365.5,1338
2017-03-02,Barley (Jau),29,Rajasthan,8,Jaipur,110,1391,1512.5,1444
2017-03-01,Barley (Jau),29,Rajasthan,8,Jaipur,110,1331,1390.5,1350.5
2017-02-28,Barley (Jau),29,Rajasthan,8,Jaipur,110,1447.3333333333333,1492.3333333333333,1465.3333333333333
2017-02-27,Barley (Jau),29,Rajasthan,8,Jaipur,110,1331,1431,1406
2017-02-25,Barley (Jau),29,Rajasthan,8,Jaipur,110,1385.5,1422.5,1410
2017-02-23,Barley (Jau),29,Rajasthan,8,Jaipur,110,1301,1301,1301
2017-02-16,Barley (Jau),29,Rajasthan,8,Jaipur,110,1550,1650,1600
2017-02-08,Barley (Jau),29,Rajasthan,8,Jaipur,110,1351,1351,1351
2017-01-30,Barley (Jau),29,Rajasthan,8,Jaipur,110,1650,1650,1650
2017-01-28,Barley (Jau),29,Rajasthan,8,Jaipur,110,1500,1600,1550
2017-01-18,Barley (Jau),29,Rajasthan,8,Jaipur,110,1675,1675,1675
2017-01-09,Barley (Jau),29,Rajasthan,8,Jaipur,110,1830,1830,1830
2017-01-07,Barley (Jau),29,Rajasthan,8,Jaipur,110,1500,1625,1563
2017-01-05,Barley (Jau),29,Rajasthan,8,Jaipur,110,1700,1700,1700
2017-01-02,Barley (Jau),29,Rajasthan,8,Jaipur,110,1700,1700,1700
2016-12-30,Barley (Jau),29,Rajasthan,8,Jaipur,110,1820,1820,1820
2016-12-29,Barley (Jau),29,Rajasthan,8,Jaipur,110,1800,1800,1800
2016-12-27,Barley (Jau),29,Rajasthan,8,Jaipur,110,1600,1600,1600
2016-12-24,Barley (Jau),29,Rajasthan,8,Jaipur,110,1600,1600,1600
2016-12-20,Barley (Jau),29,Rajasthan,8,Jaipur,110,1500,1600,1550
2016-12-16,Barley (Jau),29,Rajasthan,8,Jaipur,110,1450,1500,1475
2016-12-15,Barley (Jau),29,Rajasthan,8,Jaipur,110,1400,1500,1500
2016-12-12,Barley (Jau),29,Rajasthan,8,Jaipur,110,1400,1750,1750
2016-12-07,Barley (Jau),29,Rajasthan,8,Jaipur,110,1860,1860,1860
2016-12-05,Barley (Jau),29,Rajasthan,8,Jaipur,110,1400,1750,1750
2016-12-03,Barley (Jau),29,Rajasthan,8,Jaipur,110,1550,1625,1588
2016-12-02,Barley (Jau),29,Rajasthan,8,Jaipur,110,1550,1625,1588
2016-12-01,Barley (Jau),29,Rajasthan,8,Jaipur,110,1550,1625,1588
2016-11-30,Barley (Jau),29,Rajasthan,8,Jaipur,110,1650,1750,1700
2016-11-29,Barley (Jau),29,Rajasthan,8,Jaipur,110,1500,1500,1500
2016-11-26,Barley (Jau),29,Rajasthan,8,Jaipur,110,1816,1816,1816
2016-11-23,Barley (Jau),29,Rajasthan,8,Jaipur,110,1700,1700,1700
2016-11-08,Barley (Jau),29,Rajasthan,8,Jaipur,110,1562.5,1587.5,1575
2016-11-07,Barley (Jau),29,Rajasthan,8,Jaipur,110,1550,1550,1550
2016-11-05,Barley (Jau),29,Rajasthan,8,Jaipur,110,1510,1510,1510
2016-11-03,Barley (Jau),29,Rajasthan,8,Jaipur,110,1450,1530,1530
2016-10-27,Barley (Jau),29,Rajasthan,8,Jaipur,110,1480,1554,1550
2016-10-25,Barley (Jau),29,Rajasthan,8,Jaipur,110,1545,1627,1600
2016-10-22,Barley (Jau),29,Rajasthan,8,Jaipur,110,1450,1625,1550
2016-10-21,Barley (Jau),29,Rajasthan,8,Jaipur,110,1537.5,1562.5,1550
2016-10-20,Barley (Jau),29,Rajasthan,8,Jaipur,110,1544,1625,1625
2016-10-19,Barley (Jau),29,Rajasthan,8,Jaipur,110,1500,1550,1525
2016-10-17,Barley (Jau),29,Rajasthan,8,Jaipur,110,1330,1364,1364
2016-10-15,Barley (Jau),29,Rajasthan,8,Jaipur,110,1500.5,1500.5,1500.5
2016-10-14,Barley (Jau),29,Rajasthan,8,Jaipur,110,1375.5,1375.5,1375.5
2016-10-13,Barley (Jau),29,Rajasthan,8,Jaipur,110,1475.5,1500.5,1488
2016-10-12,Barley (Jau),29,Rajasthan,8,Jaipur,110,1540,1540,1540
2016-10-11,Barley (Jau),29,Rajasthan,8,Jaipur,110,1430,1430,1430
2016-10-06,Barley (Jau),29,Rajasthan,8,Jaipur,110,1500,1500,1500
2016-10-04,Barley (Jau),29,Rajasthan,8,Jaipur,110,1500,1550,1525
2016-09-30,Barley (Jau),29,Rajasthan,8,Jaipur,110,1589,1589,1589
2016-09-29,Barley (Jau),29,Rajasthan,8,Jaipur,110,1495,1520,1507.5
2016-09-28,Barley (Jau),29,Rajasthan,8,Jaipur,110,1448,1482,1450
2016-09-27,Barley (Jau),29,Rajasthan,8,Jaipur,110,1480,1485,1485
2016-09-24,Barley (Jau),29,Rajasthan,8,Jaipur,110,1401,1490,1490
2016-09-23,Barley (Jau),29,Rajasthan,8,Jaipur,110,1300,1495,1450
2016-09-22,Barley (Jau),29,Rajasthan,8,Jaipur,110,1516,1558,1530
2016-09-21,Barley (Jau),29,Rajasthan,8,Jaipur,110,1450,1475,1462.5
2016-09-20,Barley (Jau),29,Rajasthan,8,Jaipur,110,1600,1600,1600
2016-09-19,Barley (Jau),29,Rajasthan,8,Jaipur,110,1550,1600,1575
2016-09-16,Barley (Jau),29,Rajasthan,8,Jaipur,110,1550,1650,1600
2016-09-15,Barley (Jau),29,Rajasthan,8,Jaipur,110,1200,1300,1250
2016-09-12,Barley (Jau),29,Rajasthan,8,Jaipur,110,1525,1625,1600
2016-09-10,Barley (Jau),29,Rajasthan,8,Jaipur,110,3200,3400,3300
2016-09-09,Barley (Jau),29,Rajasthan,8,Jaipur,110,1460.5,1560.5,1500
2016-09-08,Barley (Jau),29,Rajasthan,8,Jaipur,110,1500,1500,1500
2016-09-07,Barley (Jau),29,Rajasthan,8,Jaipur,110,1400,1550,1525
2016-09-06,Barley (Jau),29,Rajasthan,8,Jaipur,110,1550,1650,1600
2016-09-04,Barley (Jau),29,Rajasthan,8,Jaipur,110,1550,1650,1600
2016-09-03,Barley (Jau),29,Rajasthan,8,Jaipur,110,1525,1675,1600
2016-09-02,Barley (Jau),29,Rajasthan,8,Jaipur,110,1435,1510,1485
2016-08-31,Barley (Jau),29,Rajasthan,8,Jaipur,110,1581,1581,1581
2016-08-30,Barley (Jau),29,Rajasthan,8,Jaipur,110,1500,1500,1500
2016-08-29,Barley (Jau),29,Rajasthan,8,Jaipur,110,1525,1675,1600
2016-08-27,Barley (Jau),29,Rajasthan,8,Jaipur,110,1543,1605.5,1574.5
2016-08-26,Barley (Jau),29,Rajasthan,8,Jaipur,110,1548.6666666666667,1582,1582
2016-08-23,Barley (Jau),29,Rajasthan,8,Jaipur,110,1550,1550,1550
2016-08-20,Barley (Jau),29,Rajasthan,8,Jaipur,110,1550,1675,1613
2016-08-16,Barley (Jau),29,Rajasthan,8,Jaipur,110,1585.5,1635.5,1610.5
2016-08-12,Barley (Jau),29,Rajasthan,8,Jaipur,110,1500,1500,1500
2016-08-11,Barley (Jau),29,Rajasthan,8,Jaipur,110,1500,1500,1500
2016-08-09,Barley (Jau),29,Rajasthan,8,Jaipur,110,1525,1575,1550
2016-08-08,Barley (Jau),29,Rajasthan,8,Jaipur,110,1550,1650,1600
2016-08-04,Barley (Jau),29,Rajasthan,8,Jaipur,110,1577.5,1627.5,1602.5
2016-08-03,Barley (Jau),29,Rajasthan,8,Jaipur,110,1527,1598.6666666666667,1577
2016-08-01,Barley (Jau),29,Rajasthan,8,Jaipur,110,1540.5,1595.5,1565.5
2016-07-29,Barley (Jau),29,Rajasthan,8,Jaipur,110,1550,1650,1600
2016-07-28,Barley (Jau),29,Rajasthan,8,Jaipur,110,1550,1650,1600
2016-07-27,Barley (Jau),29,Rajasthan,8,Jaipur,110,1495,1513,1500
2016-07-26,Barley (Jau),29,Rajasthan,8,Jaipur,110,1538,1538,1538
2016-07-25,Barley (Jau),29,Rajasthan,8,Jaipur,110,1500,1600,1600
2016-07-22,Barley (Jau),29,Rajasthan,8,Jaipur,110,1523.3333333333333,1575,1548.3333333333333
2016-07-21,Barley (Jau),29,Rajasthan,8,Jaipur,110,1476.2,1536.2,1506.2
2016-07-20,Barley (Jau),29,Rajasthan,8,Jaipur,110,1523.6666666666667,1574,1547
2016-07-19,Barley (Jau),29,Rajasthan,8,Jaipur,110,1561,1561,1561
2016-07-18,Barley (Jau),29,Rajasthan,8,Jaipur,110,1513.3333333333333,1583,1549.3333333333333
2016-07-15,Barley (Jau),29,Rajasthan,8,Jaipur,110,1561,1561,1561
2016-07-13,Barley (Jau),29,Rajasthan,8,Jaipur,110,1450,1510,1490
2016-07-12,Barley (Jau),29,Rajasthan,8,Jaipur,110,1550,1650,1600
2016-07-11,Barley (Jau),29,Rajasthan,8,Jaipur,110,1620,1620,1620
2016-07-10,Barley (Jau),29,Rajasthan,8,Jaipur,110,1525,1675,1600
2016-07-09,Barley (Jau),29,Rajasthan,8,Jaipur,110,1522.5,1597.5,1560
2016-07-08,Barley (Jau),29,Rajasthan,8,Jaipur,110,1508.75,1585,1546.75
2016-07-07,Barley (Jau),29,Rajasthan,8,Jaipur,110,1500,1575,1537.5
2016-07-06,Barley (Jau),29,Rajasthan,8,Jaipur,110,1500,1650,1575
2016-07-05,Barley (Jau),29,Rajasthan,8,Jaipur,110,1550,1600,1600
2016-07-04,Barley (Jau),29,Rajasthan,8,Jaipur,110,1500,1551,1551
2016-07-02,Barley (Jau),29,Rajasthan,8,Jaipur,110,1510,1592.5,1561.5
2016-06-30,Barley (Jau),29,Rajasthan,8,Jaipur,110,1475,1582.5,1541.5
2016-06-29,Barley (Jau),29,Rajasthan,8,Jaipur,110,1495,1586.5,1586.6666666666667
2016-06-28,Barley (Jau),29,Rajasthan,8,Jaipur,110,1510,1573,1548.75
2016-06-27,Barley (Jau),29,Rajasthan,8,Jaipur,110,1490,1588.3333333333333,1558.3333333333333
2016-06-25,Barley (Jau),29,Rajasthan,8,Jaipur,110,1510,1575,1535
2016-06-24,Barley (Jau),29,Rajasthan,8,Jaipur,110,1486.6666666666667,1606.6666666666667,1541.6666666666667
2016-06-23,Barley (Jau),29,Rajasthan,8,Jaipur,110,1503.3333333333333,1571.6666666666667,1546.6666666666667
2016-06-22,Barley (Jau),29,Rajasthan,8,Jaipur,110,1483.3333333333333,1580,1550
2016-06-21,Barley (Jau),29,Rajasthan,8,Jaipur,110,1745.1666666666667,1784.1666666666667,1770.8333333333333
2016-06-20,Barley (Jau),29,Rajasthan,8,Jaipur,110,1511.6666666666667,1568.3333333333333,1541.6666666666667
2016-06-18,Barley (Jau),29,Rajasthan,8,Jaipur,110,1505.25,1592.75,1572.5
2016-06-17,Barley (Jau),29,Rajasthan,8,Jaipur,110,1500,1566.6666666666667,1550
2016-06-16,Barley (Jau),29,Rajasthan,8,Jaipur,110,1493.3333333333333,1580,1541.6666666666667
2016-06-15,Barley (Jau),29,Rajasthan,8,Jaipur,110,1493.3333333333333,1580,1541.6666666666667
2016-06-14,Barley (Jau),29,Rajasthan,8,Jaipur,110,1497.75,1562.5,1535
2016-06-13,Barley (Jau),29,Rajasthan,8,Jaipur,110,1512.5,1602.5,1575
2016-06-12,Barley (Jau),29,Rajasthan,8,Jaipur,110,1500,1600,1550
2016-06-11,Barley (Jau),29,Rajasthan,8,Jaipur,110,1500,1575,1550
2016-06-10,Barley (Jau),29,Rajasthan,8,Jaipur,110,1466,1547,1529
2016-06-09,Barley (Jau),29,Rajasthan,8,Jaipur,110,1517,1584,1550
2016-06-08,Barley (Jau),29,Rajasthan,8,Jaipur,110,1455,1535,1520
2016-06-07,Barley (Jau),29,Rajasthan,8,Jaipur,110,1481.25,1530,1518.75
2016-06-06,Barley (Jau),29,Rajasthan,8,Jaipur,110,1471.25,1536.25,1511.25
2016-06-04,Barley (Jau),29,Rajasthan,8,Jaipur,110,1457,1522.4,1498
2016-06-03,Barley (Jau),29,Rajasthan,8,Jaipur,110,1430,1537.75,1508.75
2016-06-02,Barley (Jau),29,Rajasthan,8,Jaipur,110,1442.2,1522.2,1502.2
2016-06-01,Barley (Jau),29,Rajasthan,8,Jaipur,110,1486.6666666666667,1563.3333333333333,1545.5
2016-05-31,Barley (Jau),29,Rajasthan,8,Jaipur,110,1440,1520.2,1487.6
2016-05-30,Barley (Jau),29,Rajasthan,8,Jaipur,110,1435,1510,1479
2016-05-28,Barley (Jau),29,Rajasthan,8,Jaipur,110,1446,1542,1505
2016-05-27,Barley (Jau),29,Rajasthan,8,Jaipur,110,1418.5,1534.1666666666667,1496.6666666666667
2016-05-26,Barley (Jau),29,Rajasthan,8,Jaipur,110,1430,1522.5,1483.75
2016-05-25,Barley (Jau),29,Rajasthan,8,Jaipur,110,1433,1530.8,1499.4
2016-05-24,Barley (Jau),29,Rajasthan,8,Jaipur,110,1426,1510.2,1476
2016-05-23,Barley (Jau),29,Rajasthan,8,Jaipur,110,1501.25,1555,1526.25
2016-05-22,Barley (Jau),29,Rajasthan,8,Jaipur,110,1525,1525,1525
2016-05-21,Barley (Jau),29,Rajasthan,8,Jaipur,110,1475,1516.25,1500
2016-05-20,Barley (Jau),29,Rajasthan,8,Jaipur,110,1466.25,1543.75,1503.75
2016-05-19,Barley (Jau),29,Rajasthan,8,Jaipur,110,1493.3333333333333,1535,1516.6666666666667
2016-05-18,Barley (Jau),29,Rajasthan,8,Jaipur,110,1461.4285714285713,1524.2857142857142,1494.2857142857142
2016-05-17,Barley (Jau),29,Rajasthan,8,Jaipur,110,1473,1525,1501
2016-05-16,Barley (Jau),29,Rajasthan,8,Jaipur,110,1436.2,1545,1509
2016-05-14,Barley (Jau),29,Rajasthan,8,Jaipur,110,1456.5,1516.5,1492.5
2016-05-13,Barley (Jau),29,Rajasthan,8,Jaipur,110,1495,1541.6666666666667,1509.1666666666667
2016-05-12,Barley (Jau),29,Rajasthan,8,Jaipur,110,1427.75,1530.25,1492.5
2016-05-11,Barley (Jau),29,Rajasthan,8,Jaipur,110,1480,1554.6666666666667,1513.3333333333333
2016-05-10,Barley (Jau),29,Rajasthan,8,Jaipur,110,1435,1505,1487.5
2016-05-09,Barley (Jau),29,Rajasthan,8,Jaipur,110,1419,1501,1482
2016-05-08,Barley (Jau),29,Rajasthan,8,Jaipur,110,1350,1350,1350
2016-05-07,Barley (Jau),29,Rajasthan,8,Jaipur,110,1415,1545.2,1518.6
2016-05-06,Barley (Jau),29,Rajasthan,8,Jaipur,110,1417.5,1535,1498.25
2016-05-05,Barley (Jau),29,Rajasthan,8,Jaipur,110,1426,1513,1491
2016-05-04,Barley (Jau),29,Rajasthan,8,Jaipur,110,1450,1506.5,1489.125
2016-05-03,Barley (Jau),29,Rajasthan,8,Jaipur,110,1429.2,1516.2,1500.6
2016-05-02,Barley (Jau),29,Rajasthan,8,Jaipur,110,1443.3333333333333,1528.1666666666667,1505.8333333333333
2016-05-01,Barley (Jau),29,Rajasthan,8,Jaipur,110,1455,1505,1505
2016-04-30,Barley (Jau),29,Rajasthan,8,Jaipur,110,1476,1524.2,1504
2016-04-29,Barley (Jau),29,Rajasthan,8,Jaipur,110,1467.5,1516.25,1506.25
2016-04-28,Barley (Jau),29,Rajasthan,8,Jaipur,110,1431.25,1501.25,1487.5
2016-04-27,Barley (Jau),29,Rajasthan,8,Jaipur,110,1452.857142857143,1514.2857142857142,1496.4285714285713
2016-04-26,Barley (Jau),29,Rajasthan,8,Jaipur,110,1455,1509,1496.6
2016-04-25,Barley (Jau),29,Rajasthan,8,Jaipur,110,1463,1508.4,1493.6
2016-04-24,Barley (Jau),29,Rajasthan,8,Jaipur,110,1452.5,1492.5,1480
2016-04-23,Barley (Jau),29,Rajasthan,8,Jaipur,110,1447.5,1500,1483.3333333333333
2016-04-22,Barley (Jau),29,Rajasthan,8,Jaipur,110,1411.6666666666667,1506.6666666666667,1470
2016-04-21,Barley (Jau),29,Rajasthan,8,Jaipur,110,1422,1508,1475
2016-04-20,Barley (Jau),29,Rajasthan,8,Jaipur,110,1423.3333333333333,1495,1471.6666666666667
2016-04-19,Barley (Jau),29,Rajasthan,8,Jaipur,110,1432.5,1477.5,1465.8333333333333
2016-04-18,Barley (Jau),29,Rajasthan,8,Jaipur,110,1431.875,1484.375,1470.625
2016-04-17,Barley (Jau),29,Rajasthan,8,Jaipur,110,1460,1460,1460
2016-04-16,Barley (Jau),29,Rajasthan,8,Jaipur,110,1448.75,1498.75,1486.25
2016-04-15,Barley (Jau),29,Rajasthan,8,Jaipur,110,1425,1495,1462.5
2016-04-14,Barley (Jau),29,Rajasthan,8,Jaipur,110,1455,1511.6666666666667,1488.3333333333333
2016-04-13,Barley (Jau),29,Rajasthan,8,Jaipur,110,1448.3333333333333,1493.3333333333333,1473.3333333333333
2016-04-12,Barley (Jau),29,Rajasthan,8,Jaipur,110,1380,1461.2,1420
2016-04-11,Barley (Jau),29,Rajasthan,8,Jaipur,110,1410.625,1480,1456.875
2016-04-10,Barley (Jau),29,Rajasthan,8,Jaipur,110,1465,1465,1465
2016-04-09,Barley (Jau),29,Rajasthan,8,Jaipur,110,1421.3333333333333,1474,1459.6666666666667
2016-04-08,Barley (Jau),29,Rajasthan,8,Jaipur,110,1426.25,1463.75,1456.25
2016-04-07,Barley (Jau),29,Rajasthan,8,Jaipur,110,1405,1488.6,1455.6
2016-04-06,Barley (Jau),29,Rajasthan,8,Jaipur,110,1393,1468.8,1428
2016-04-05,Barley (Jau),29,Rajasthan,8,Jaipur,110,1438.3333333333333,1495,1484.3333333333333
2016-04-04,Barley (Jau),29,Rajasthan,8,Jaipur,110,1320,1411.6666666666667,1391
2016-04-03,Barley (Jau),29,Rajasthan,8,Jaipur,110,1315,1390,1390
2016-04-02,Barley (Jau),29,Rajasthan,8,Jaipur,110,1394,1437,1432
2016-04-01,Barley (Jau),29,Rajasthan,8,Jaipur,110,1374,1420,1418
2016-03-31,Barley (Jau),29,Rajasthan,8,Jaipur,110,1390,1400,1395
2016-03-30,Barley (Jau),29,Rajasthan,8,Jaipur,110,1288.3333333333333,1360,1340
2016-03-29,Barley (Jau),29,Rajasthan,8,Jaipur,110,1269.1666666666667,1359.1666666666667,1333.8333333333333
2016-03-28,Barley (Jau),29,Rajasthan,8,Jaipur,110,1257.5,1343,1306.6666666666667
2016-03-27,Barley (Jau),29,Rajasthan,8,Jaipur,110,1237.5,1303.75,1300
2016-03-26,Barley (Jau),29,Rajasthan,8,Jaipur,110,1250,1340.25,1306.25
2016-03-25,Barley (Jau),29,Rajasthan,8,Jaipur,110,1237.75,1287,1270
2016-03-24,Barley (Jau),29,Rajasthan,8,Jaipur,110,1260,1260,1260
2016-03-23,Barley (Jau),29,Rajasthan,8,Jaipur,110,1262.5,1262.5,1262.5
2016-03-22,Barley (Jau),29,Rajasthan,8,Jaipur,110,1150,1313,1250
2016-03-21,Barley (Jau),29,Rajasthan,8,Jaipur,110,1207.5,1264.3333333333333,1257.5
2016-03-20,Barley (Jau),29,Rajasthan,8,Jaipur,110,1222.5,1247.5,1247.5
2016-03-19,Barley (Jau),29,Rajasthan,8,Jaipur,110,1212,1274.5,1262.5
2016-03-18,Barley (Jau),29,Rajasthan,8,Jaipur,110,1222.5,1278.5,1260
2016-03-17,Barley (Jau),29,Rajasthan,8,Jaipur,110,1198,1269,1243
2016-03-16,Barley (Jau),29,Rajasthan,8,Jaipur,110,1200.8333333333333,1300.1666666666667,1260.8333333333333
2016-03-15,Barley (Jau),29,Rajasthan,8,Jaipur,110,1240,1324.2,1286.6
2016-03-14,Barley (Jau),29,Rajasthan,8,Jaipur,110,1240.6666666666667,1298.1666666666667,1278
2016-03-13,Barley (Jau),29,Rajasthan,8,Jaipur,110,1283.3333333333333,1300,1291.6666666666667
2016-03-12,Barley (Jau),29,Rajasthan,8,Jaipur,110,1253.4,1311.2,1299
2016-03-11,Barley (Jau),29,Rajasthan,8,Jaipur,110,1269,1309,1286.5
2016-03-10,Barley (Jau),29,Rajasthan,8,Jaipur,110,1199.75,1344.5,1294.5
2016-03-09,Barley (Jau),29,Rajasthan,8,Jaipur,110,1363.75,1435,1404.5
2016-03-08,Barley (Jau),29,Rajasthan,8,Jaipur,110,1279.5,1308,1286.5
2016-03-07,Barley (Jau),29,Rajasthan,8,Jaipur,110,1333.6666666666667,1392,1363
2016-03-06,Barley (Jau),29,Rajasthan,8,Jaipur,110,1300,1400,1350
2016-03-05,Barley (Jau),29,Rajasthan,8,Jaipur,110,1071,1436,1361
2016-03-04,Barley (Jau),29,Rajasthan,8,Jaipur,110,1325.5,1340.5,1333
2016-03-03,Barley (Jau),29,Rajasthan,8,Jaipur,110,1400.3333333333333,1433.6666666666667,1417
2016-03-02,Barley (Jau),29,Rajasthan,8,Jaipur,110,1535,1570,1550
2016-03-01,Barley (Jau),29,Rajasthan,8,Jaipur,110,1530,1530,1530
2016-02-29,Barley (Jau),29,Rajasthan,8,Jaipur,110,1525,1525,1525
2016-02-27,Barley (Jau),29,Rajasthan,8,Jaipur,110,1500,1500,1500
2016-02-26,Barley (Jau),29,Rajasthan,8,Jaipur,110,1600,1600,1600
2016-02-22,Barley (Jau),29,Rajasthan,8,Jaipur,110,1500,1585,1543
2016-02-13,Barley (Jau),29,Rajasthan,8,Jaipur,110,1300,1400,1350
2016-02-11,Barley (Jau),29,Rajasthan,8,Jaipur,110,1500,1525,1513
2016-02-07,Barley (Jau),29,Rajasthan,8,Jaipur,110,1350,1400,1375
2016-02-04,Barley (Jau),29,Rajasthan,8,Jaipur,110,1500,1550,1525
2016-02-03,Barley (Jau),29,Rajasthan,8,Jaipur,110,1125,1125,1125
2016-02-01,Barley (Jau),29,Rajasthan,8,Jaipur,110,1400,1450,1425
2016-01-21,Barley (Jau),29,Rajasthan,8,Jaipur,110,1500,1500,1500
2016-01-20,Barley (Jau),29,Rajasthan,8,Jaipur,110,1400,1400,1400
2016-01-19,Barley (Jau),29,Rajasthan,8,Jaipur,110,1350,1450,1400
2016-01-18,Barley (Jau),29,Rajasthan,8,Jaipur,110,1400,1410,1400
2016-01-11,Barley (Jau),29,Rajasthan,8,Jaipur,110,1300,1320,1300
2016-01-10,Barley (Jau),29,Rajasthan,8,Jaipur,110,1300,1300,1300
2016-01-07,Barley (Jau),29,Rajasthan,8,Jaipur,110,1350,1375,1362.5
2016-01-06,Barley (Jau),29,Rajasthan,8,Jaipur,110,1415,1415,1415
2016-01-03,Barley (Jau),29,Rajasthan,8,Jaipur,110,1400,1500,1450
2016-01-02,Barley (Jau),29,Rajasthan,8,Jaipur,110,1361,1411,1386
2016-01-01,Barley (Jau),29,Rajasthan,8,Jaipur,110,1300,1400,1350
2015-12-30,Barley (Jau),29,Rajasthan,8,Jaipur,110,1265,1265,1265
2015-12-26,Barley (Jau),29,Rajasthan,8,Jaipur,110,1150,1150,1150
2015-12-24,Barley (Jau),29,Rajasthan,8,Jaipur,110,1345,1345,1345
2015-12-22,Barley (Jau),29,Rajasthan,8,Jaipur,110,1255,1300,1270
2015-12-21,Barley (Jau),29,Rajasthan,8,Jaipur,110,1300,1400,1350
2015-12-20,Barley (Jau),29,Rajasthan,8,Jaipur,110,1320,1320,1320
2015-12-19,Barley (Jau),29,Rajasthan,8,Jaipur,110,1200,1250,1225
2015-12-15,Barley (Jau),29,Rajasthan,8,Jaipur,110,1270.5,1328,1300
2015-12-14,Barley (Jau),29,Rajasthan,8,Jaipur,110,1200,1399,1325
2015-12-13,Barley (Jau),29,Rajasthan,8,Jaipur,110,1400,1400,1400
2015-12-12,Barley (Jau),29,Rajasthan,8,Jaipur,110,1400,1400,1400
2015-12-11,Barley (Jau),29,Rajasthan,8,Jaipur,110,1316,1316,1316
2015-12-10,Barley (Jau),29,Rajasthan,8,Jaipur,110,1470,1470,1470
2015-12-09,Barley (Jau),29,Rajasthan,8,Jaipur,110,1270,1316.6666666666667,1293.3333333333333
2015-12-08,Barley (Jau),29,Rajasthan,8,Jaipur,110,1256.6666666666667,1306.6666666666667,1283.3333333333333
2015-12-07,Barley (Jau),29,Rajasthan,8,Jaipur,110,1346.6666666666667,1360,1353.3333333333333
2015-12-06,Barley (Jau),29,Rajasthan,8,Jaipur,110,1300,1300,1300
2015-12-05,Barley (Jau),29,Rajasthan,8,Jaipur,110,1275,1350,1312.5
2015-12-03,Barley (Jau),29,Rajasthan,8,Jaipur,110,1280,1317.5,1305
2015-12-02,Barley (Jau),29,Rajasthan,8,Jaipur,110,1287.5,1360,1323.5
2015-11-30,Barley (Jau),29,Rajasthan,8,Jaipur,110,1305,1370,1337.5
2015-11-28,Barley (Jau),29,Rajasthan,8,Jaipur,110,1200,1296,1255
2015-11-27,Barley (Jau),29,Rajasthan,8,Jaipur,110,1325,1325,1325
2015-11-26,Barley (Jau),29,Rajasthan,8,Jaipur,110,1300,1360,1330
2015-11-25,Barley (Jau),29,Rajasthan,8,Jaipur,110,1300,1500,1400
2015-11-23,Barley (Jau),29,Rajasthan,8,Jaipur,110,1250,1328.5,1322
2015-11-21,Barley (Jau),29,Rajasthan,8,Jaipur,110,1250,1312,1302.6666666666667
2015-11-20,Barley (Jau),29,Rajasthan,8,Jaipur,110,1100,1200,1150
2015-11-19,Barley (Jau),29,Rajasthan,8,Jaipur,110,1277.25,1352.25,1314.75
2015-11-18,Barley (Jau),29,Rajasthan,8,Jaipur,110,1238.5,1265.25,1252
2015-11-17,Barley (Jau),29,Rajasthan,8,Jaipur,110,1217.5,1217.5,1217.5
2015-11-16,Barley (Jau),29,Rajasthan,8,Jaipur,110,1250,1330.5,1290.5
2015-11-14,Barley (Jau),29,Rajasthan,8,Jaipur,110,1280,1367,1280
2015-11-13,Barley (Jau),29,Rajasthan,8,Jaipur,110,1300,1450,1375
2015-11-09,Barley (Jau),29,Rajasthan,8,Jaipur,110,1250,1325,1288
2015-11-07,Barley (Jau),29,Rajasthan,8,Jaipur,110,1268.3333333333333,1303.6666666666667,1286.3333333333333
2015-11-06,Barley (Jau),29,Rajasthan,8,Jaipur,110,1230,1230,1230
2015-11-05,Barley (Jau),29,Rajasthan,8,Jaipur,110,1171,1250,1250
2015-11-04,Barley (Jau),29,Rajasthan,8,Jaipur,110,1270,1270,1270
2015-11-03,Barley (Jau),29,Rajasthan,8,Jaipur,110,1200,1215,1200
2015-11-02,Barley (Jau),29,Rajasthan,8,Jaipur,110,1075,1175,1175
2015-10-30,Barley (Jau),29,Rajasthan,8,Jaipur,110,1300,1500,1400
2015-10-29,Barley (Jau),29,Rajasthan,8,Jaipur,110,1250,1300,1275
2015-10-28,Barley (Jau),29,Rajasthan,8,Jaipur,110,1250,1300,1275
2015-10-27,Barley (Jau),29,Rajasthan,8,Jaipur,110,1251,1251,1251
2015-10-26,Barley (Jau),29,Rajasthan,8,Jaipur,110,1225,1275.5,1250
2015-10-25,Barley (Jau),29,Rajasthan,8,Jaipur,110,1200,1200,1200
2015-10-24,Barley (Jau),29,Rajasthan,8,Jaipur,110,1270,1270,1270
2015-10-23,Barley (Jau),29,Rajasthan,8,Jaipur,110,1212.5,1270,1237.5
2015-10-21,Barley (Jau),29,Rajasthan,8,Jaipur,110,1214,1252.5,1226.5
2015-10-20,Barley (Jau),29,Rajasthan,8,Jaipur,110,1231,1231,1231
2015-10-19,Barley (Jau),29,Rajasthan,8,Jaipur,110,1225,1297.5,1256.5
2015-10-18,Barley (Jau),29,Rajasthan,8,Jaipur,110,1300,1350,1325
2015-10-17,Barley (Jau),29,Rajasthan,8,Jaipur,110,1250.5,1280,1263
2015-10-16,Barley (Jau),29,Rajasthan,8,Jaipur,110,1214.8,1264.8,1239.6
2015-10-15,Barley (Jau),29,Rajasthan,8,Jaipur,110,1175.5,1275,1230.5
2015-10-14,Barley (Jau),29,Rajasthan,8,Jaipur,110,1200,1200,1200
2015-10-13,Barley (Jau),29,Rajasthan,8,Jaipur,110,1200,1300,1250
2015-10-12,Barley (Jau),29,Rajasthan,8,Jaipur,110,1188.3333333333333,1221.6666666666667,1205
2015-10-11,Barley (Jau),29,Rajasthan,8,Jaipur,110,1200,1225,1212.5
2015-10-10,Barley (Jau),29,Rajasthan,8,Jaipur,110,1178.3333333333333,1215,1192
2015-10-09,Barley (Jau),29,Rajasthan,8,Jaipur,110,1187.5,1240,1215
2015-10-08,Barley (Jau),29,Rajasthan,8,Jaipur,110,1250,1289,1289
2015-10-07,Barley (Jau),29,Rajasthan,8,Jaipur,110,1205.5,1225,1225
2015-10-06,Barley (Jau),29,Rajasthan,8,Jaipur,110,1228.6666666666667,1263.6666666666667,1251
2015-10-05,Barley (Jau),29,Rajasthan,8,Jaipur,110,1208.6666666666667,1233.6666666666667,1221.3333333333333
2015-10-04,Barley (Jau),29,Rajasthan,8,Jaipur,110,1150,1250,1200
2015-10-03,Barley (Jau),29,Rajasthan,8,Jaipur,110,1175.5,1210.5,1193
2015-10-02,Barley (Jau),29,Rajasthan,8,Jaipur,110,1165.5,1165.5,1165.5
2015-10-01,Barley (Jau),29,Rajasthan,8,Jaipur,110,1182,1314.6666666666667,1243
2015-09-30,Barley (Jau),29,Rajasthan,8,Jaipur,110,1193.3333333333333,1226.6666666666667,1210
2015-09-29,Barley (Jau),29,Rajasthan,8,Jaipur,110,1131,1131,1131
2015-09-28,Barley (Jau),29,Rajasthan,8,Jaipur,110,1182.5,1261.25,1212.5
2015-09-27,Barley (Jau),29,Rajasthan,8,Jaipur,110,1140,1140,1140
2015-09-26,Barley (Jau),29,Rajasthan,8,Jaipur,110,1175,1212.5,1200
2015-09-25,Barley (Jau),29,Rajasthan,8,Jaipur,110,1118.5,1220.5,1170.5
2015-09-23,Barley (Jau),29,Rajasthan,8,Jaipur,110,1175,1225,1200
2015-09-22,Barley (Jau),29,Rajasthan,8,Jaipur,110,1158,1196.25,1176.75
2015-09-21,Barley (Jau),29,Rajasthan,8,Jaipur,110,1140,1190,1173.75
2015-09-19,Barley (Jau),29,Rajasthan,8,Jaipur,110,1142.5,1157.5,1155.75
2015-09-18,Barley (Jau),29,Rajasthan,8,Jaipur,110,1125,1217.5,1192.5
2015-09-16,Barley (Jau),29,Rajasthan,8,Jaipur,110,1097.5,1102.5,1102.5
2015-09-15,Barley (Jau),29,Rajasthan,8,Jaipur,110,1150,1222.5,1187.5
2015-09-14,Barley (Jau),29,Rajasthan,8,Jaipur,110,1117.5,1159,1132.5
2015-09-13,Barley (Jau),29,Rajasthan,8,Jaipur,110,1120,1160,1140
2015-09-12,Barley (Jau),29,Rajasthan,8,Jaipur,110,1150,1190,1166.6666666666667
2015-09-11,Barley (Jau),29,Rajasthan,8,Jaipur,110,1124,1148,1136
2015-09-10,Barley (Jau),29,Rajasthan,8,Jaipur,110,1082.75,1160.25,1137.75
2015-09-09,Barley (Jau),29,Rajasthan,8,Jaipur,110,1037.5,1106.25,1085
2015-09-08,Barley (Jau),29,Rajasthan,8,Jaipur,110,980,1110,1110
2015-09-07,Barley (Jau),29,Rajasthan,8,Jaipur,110,1106.25,1149,1134.25
2015-09-06,Barley (Jau),29,Rajasthan,8,Jaipur,110,1100,1160,1130
2015-09-05,Barley (Jau),29,Rajasthan,8,Jaipur,110,1075,1155,1120
2015-09-04,Barley (Jau),29,Rajasthan,8,Jaipur,110,960,1030,1000
2015-09-03,Barley (Jau),29,Rajasthan,8,Jaipur,110,1080.2,1145,1107
2015-09-02,Barley (Jau),29,Rajasthan,8,Jaipur,110,1106,1155,1132
2015-09-01,Barley (Jau),29,Rajasthan,8,Jaipur,110,980,1088.5,1075
2015-08-31,Barley (Jau),29,Rajasthan,8,Jaipur,110,1030.3333333333333,1105.3333333333333,1091.3333333333333
2015-08-30,Barley (Jau),29,Rajasthan,8,Jaipur,110,1100,1150,1125
2015-08-29,Barley (Jau),29,Rajasthan,8,Jaipur,110,1150,1200,1175
2015-08-28,Barley (Jau),29,Rajasthan,8,Jaipur,110,1099,1162.2,1145
2015-08-27,Barley (Jau),29,Rajasthan,8,Jaipur,110,1070,1147.75,1117.5
2015-08-26,Barley (Jau),29,Rajasthan,8,Jaipur,110,1090,1192,1120
2015-08-25,Barley (Jau),29,Rajasthan,8,Jaipur,110,1062.5,1148.75,1115
2015-08-24,Barley (Jau),29,Rajasthan,8,Jaipur,110,1063.3333333333333,1110,1095
2015-08-22,Barley (Jau),29,Rajasthan,8,Jaipur,110,1062.5,1130,1105
2015-08-21,Barley (Jau),29,Rajasthan,8,Jaipur,110,1050,1132.5,1107.5
2015-08-20,Barley (Jau),29,Rajasthan,8,Jaipur,110,1088,1158,1122.5
2015-08-19,Barley (Jau),29,Rajasthan,8,Jaipur,110,1081.25,1131.5,1106.25
2015-08-18,Barley (Jau),29,Rajasthan,8,Jaipur,110,1033.3333333333333,1097,1070
2015-08-17,Barley (Jau),29,Rajasthan,8,Jaipur,110,1120,1200,1160
2015-08-15,Barley (Jau),29,Rajasthan,8,Jaipur,110,1125,1225,1175
2015-08-14,Barley (Jau),29,Rajasthan,8,Jaipur,110,1055,1086.6666666666667,1071.6666666666667
2015-08-13,Barley (Jau),29,Rajasthan,8,Jaipur,110,1075,1159,1131
2015-08-12,Barley (Jau),29,Rajasthan,8,Jaipur,110,1090,1140,1115
2015-08-11,Barley (Jau),29,Rajasthan,8,Jaipur,110,1100,1137.5,1117.5
2015-08-10,Barley (Jau),29,Rajasthan,8,Jaipur,110,1103.3333333333333,1143.3333333333333,1123.3333333333333
2015-08-08,Barley (Jau),29,Rajasthan,8,Jaipur,110,1081.6666666666667,1245,1113.3333333333333
2015-08-07,Barley (Jau),29,Rajasthan,8,Jaipur,110,1078,1157,1123.6
2015-08-06,Barley (Jau),29,Rajasthan,8,Jaipur,110,1055,1140,1115.2
2015-08-05,Barley (Jau),29,Rajasthan,8,Jaipur,110,1095,1160,1132
2015-08-04,Barley (Jau),29,Rajasthan,8,Jaipur,110,1073.3333333333333,1153.6666666666667,1132.6666666666667
2015-08-03,Barley (Jau),29,Rajasthan,8,Jaipur,110,1110,1168.6666666666667,1143.3333333333333
2015-08-02,Barley (Jau),29,Rajasthan,8,Jaipur,110,1100,1160,1130
2015-08-01,Barley (Jau),29,Rajasthan,8,Jaipur,110,1100,1163,1150
2015-07-31,Barley (Jau),29,Rajasthan,8,Jaipur,110,1126.6666666666667,1150,1143.3333333333333
2015-07-29,Barley (Jau),29,Rajasthan,8,Jaipur,110,1117,1153,1137
2015-07-28,Barley (Jau),29,Rajasthan,8,Jaipur,110,1148.3333333333333,1208,1179
2015-07-25,Barley (Jau),29,Rajasthan,8,Jaipur,110,1125.3333333333333,1180,1149.3333333333333
2015-07-24,Barley (Jau),29,Rajasthan,8,Jaipur,110,1130.25,1183.75,1156.75
2015-07-23,Barley (Jau),29,Rajasthan,8,Jaipur,110,1108.2,1184,1147
2015-07-22,Barley (Jau),29,Rajasthan,8,Jaipur,110,1112.75,1171.25,1138.75
2015-07-21,Barley (Jau),29,Rajasthan,8,Jaipur,110,1102.2,1170.2,1144
2015-07-20,Barley (Jau),29,Rajasthan,8,Jaipur,110,1115.25,1167.5,1139
2015-07-19,Barley (Jau),29,Rajasthan,8,Jaipur,110,1140,1140,1140
2015-07-18,Barley (Jau),29,Rajasthan,8,Jaipur,110,1130.2,1213,1170
2015-07-17,Barley (Jau),29,Rajasthan,8,Jaipur,110,1133.3333333333333,1224.8333333333333,1185.1666666666667
2015-07-16,Barley (Jau),29,Rajasthan,8,Jaipur,110,1120,1193.3333333333333,1156.3333333333333
2015-07-15,Barley (Jau),29,Rajasthan,8,Jaipur,110,1113,1184.2,1153.4
2015-07-14,Barley (Jau),29,Rajasthan,8,Jaipur,110,1143.7142857142858,1200,1172.142857142857
2015-07-13,Barley (Jau),29,Rajasthan,8,Jaipur,110,1110.375,1169.625,1149
2015-07-12,Barley (Jau),29,Rajasthan,8,Jaipur,110,1120.6666666666667,1137.3333333333333,1129
2015-07-11,Barley (Jau),29,Rajasthan,8,Jaipur,110,1093,1173.6,1159
2015-07-10,Barley (Jau),29,Rajasthan,8,Jaipur,110,1092,1180,1148.4
2015-07-09,Barley (Jau),29,Rajasthan,8,Jaipur,110,1141.6666666666667,1191.6666666666667,1175
2015-07-08,Barley (Jau),29,Rajasthan,8,Jaipur,110,1102.5,1201.75,1188
2015-07-07,Barley (Jau),29,Rajasthan,8,Jaipur,110,1143.3333333333333,1197,1184.1666666666667
2015-07-06,Barley (Jau),29,Rajasthan,8,Jaipur,110,1115,1177.5,1150
2015-07-05,Barley (Jau),29,Rajasthan,8,Jaipur,110,1127.5,1152.5,1140
2015-07-04,Barley (Jau),29,Rajasthan,8,Jaipur,110,1114,1176,1140
2015-07-03,Barley (Jau),29,Rajasthan,8,Jaipur,110,1123.3333333333333,1179.8333333333333,1164.1666666666667
2015-07-02,Barley (Jau),29,Rajasthan,8,Jaipur,110,1106.25,1193.25,1160
2015-07-01,Barley (Jau),29,Rajasthan,8,Jaipur,110,1083.3333333333333,1203.6666666666667,1150
2015-06-30,Barley (Jau),29,Rajasthan,8,Jaipur,110,1112.75,1175,1153.75
2015-06-29,Barley (Jau),29,Rajasthan,8,Jaipur,110,1144.5,1191,1178.25
2015-06-28,Barley (Jau),29,Rajasthan,8,Jaipur,110,1165,1165,1165
2015-06-27,Barley (Jau),29,Rajasthan,8,Jaipur,110,1137.857142857143,1201.5714285714287,1176
2015-06-26,Barley (Jau),29,Rajasthan,8,Jaipur,110,1120.7142857142858,1200,1171
2015-06-25,Barley (Jau),29,Rajasthan,8,Jaipur,110,1158.3333333333333,1235.1666666666667,1220.5
2015-06-24,Barley (Jau),29,Rajasthan,8,Jaipur,110,1102.5,1197.75,1178.75
2015-06-23,Barley (Jau),29,Rajasthan,8,Jaipur,110,1137.5,1197,1187.5
2015-06-22,Barley (Jau),29,Rajasthan,8,Jaipur,110,1161.857142857143,1213.5714285714287,1189.2857142857142
2015-06-21,Barley (Jau),29,Rajasthan,8,Jaipur,110,1155,1185,1170
2015-06-20,Barley (Jau),29,Rajasthan,8,Jaipur,110,1159.5714285714287,1205.7142857142858,1192.4285714285713
2015-06-19,Barley (Jau),29,Rajasthan,8,Jaipur,110,1163.2,1209,1191
2015-06-18,Barley (Jau),29,Rajasthan,8,Jaipur,110,1154.5,1216.5,1195
2015-06-17,Barley (Jau),29,Rajasthan,8,Jaipur,110,1173.3333333333333,1211,1199.1666666666667
2015-06-16,Barley (Jau),29,Rajasthan,8,Jaipur,110,1158.75,1201.875,1182.5
2015-06-15,Barley (Jau),29,Rajasthan,8,Jaipur,110,1150.142857142857,1202.857142857143,1182.142857142857
2015-06-14,Barley (Jau),29,Rajasthan,8,Jaipur,110,1159,1184,1171.5
2015-06-13,Barley (Jau),29,Rajasthan,8,Jaipur,110,1158.2,1201,1189
2015-06-12,Barley (Jau),29,Rajasthan,8,Jaipur,110,1147.857142857143,1211.4285714285713,1192.857142857143
2015-06-11,Barley (Jau),29,Rajasthan,8,Jaipur,110,1147.6666666666667,1214.1666666666667,1195.6666666666667
2015-06-10,Barley (Jau),29,Rajasthan,8,Jaipur,110,1156.25,1218.125,1199.875
2015-06-09,Barley (Jau),29,Rajasthan,8,Jaipur,110,1171.6666666666667,1228.3333333333333,1207.1666666666667
2015-06-08,Barley (Jau),29,Rajasthan,8,Jaipur,110,1154.4444444444443,1209.4444444444443,1184.888888888889
2015-06-07,Barley (Jau),29,Rajasthan,8,Jaipur,110,1156.6666666666667,1190,1173.3333333333333
2015-06-06,Barley (Jau),29,Rajasthan,8,Jaipur,110,1141.4285714285713,1205.7142857142858,1188.5714285714287
2015-06-05,Barley (Jau),29,Rajasthan,8,Jaipur,110,1169.75,1208,1189.75
2015-06-04,Barley (Jau),29,Rajasthan,8,Jaipur,110,1157.5,1198.5,1179.1666666666667
2015-06-03,Barley (Jau),29,Rajasthan,8,Jaipur,110,1172.142857142857,1212.142857142857,1198.5714285714287
2015-06-02,Barley (Jau),29,Rajasthan,8,Jaipur,110,1162,1226.8,1208
2015-06-01,Barley (Jau),29,Rajasthan,8,Jaipur,110,1166.5714285714287,1219,1199.7142857142858
2015-05-31,Barley (Jau),29,Rajasthan,8,Jaipur,110,1182.5,1202.5,1192.5
2015-05-30,Barley (Jau),29,Rajasthan,8,Jaipur,110,1147.5,1211.1666666666667,1198.3333333333333
2015-05-29,Barley (Jau),29,Rajasthan,8,Jaipur,110,1146.6666666666667,1204.6666666666667,1189.1666666666667
2015-05-28,Barley (Jau),29,Rajasthan,8,Jaipur,110,1166.4285714285713,1237.142857142857,1214.142857142857
2015-05-27,Barley (Jau),29,Rajasthan,8,Jaipur,110,1172.857142857143,1225.7142857142858,1203
2015-05-26,Barley (Jau),29,Rajasthan,8,Jaipur,110,1149.142857142857,1210.7142857142858,1192.857142857143
2015-05-25,Barley (Jau),29,Rajasthan,8,Jaipur,110,1167.6,1217.2,1200.1
2015-05-24,Barley (Jau),29,Rajasthan,8,Jaipur,110,1171.25,1210,1197.5
2015-05-23,Barley (Jau),29,Rajasthan,8,Jaipur,110,1170,1215,1195
2015-05-22,Barley (Jau),29,Rajasthan,8,Jaipur,110,1175,1218.3333333333333,1203.6666666666667
2015-05-21,Barley (Jau),29,Rajasthan,8,Jaipur,110,1189.1666666666667,1247.5,1222.5
2015-05-20,Barley (Jau),29,Rajasthan,8,Jaipur,110,1185.75,1226.875,1208
2015-05-19,Barley (Jau),29,Rajasthan,8,Jaipur,110,1178.3333333333333,1230.8333333333333,1216.8333333333333
2015-05-18,Barley (Jau),29,Rajasthan,8,Jaipur,110,1168.3333333333333,1224.3333333333333,1203.5
2015-05-17,Barley (Jau),29,Rajasthan,8,Jaipur,110,1182.5,1203.75,1193.75
2015-05-16,Barley (Jau),29,Rajasthan,8,Jaipur,110,1155,1208.125,1188.25
2015-05-15,Barley (Jau),29,Rajasthan,8,Jaipur,110,1134.1666666666667,1221.6666666666667,1197.5
2015-05-14,Barley (Jau),29,Rajasthan,8,Jaipur,110,1150.7142857142858,1231.5714285714287,1201.4285714285713
2015-05-13,Barley (Jau),29,Rajasthan,8,Jaipur,110,1183,1290.8333333333333,1260.1666666666667
2015-05-12,Barley (Jau),29,Rajasthan,8,Jaipur,110,1160,1231.75,1201.875
2015-05-11,Barley (Jau),29,Rajasthan,8,Jaipur,110,1158.8,1291.2,1213
2015-05-10,Barley (Jau),29,Rajasthan,8,Jaipur,110,1176.6666666666667,1203.3333333333333,1191.6666666666667
2015-05-09,Barley (Jau),29,Rajasthan,8,Jaipur,110,1185,1225.8333333333333,1210.8333333333333
2015-05-08,Barley (Jau),29,Rajasthan,8,Jaipur,110,1181.4285714285713,1228.857142857143,1211.4285714285713
2015-05-07,Barley (Jau),29,Rajasthan,8,Jaipur,110,1170,1238.5714285714287,1215.857142857143
2015-05-06,Barley (Jau),29,Rajasthan,8,Jaipur,110,1184.6,1220.6,1199
2015-05-05,Barley (Jau),29,Rajasthan,8,Jaipur,110,1193,1223,1206.4
2015-05-04,Barley (Jau),29,Rajasthan,8,Jaipur,110,1170,1204,1186.25
2015-05-03,Barley (Jau),29,Rajasthan,8,Jaipur,110,1193.3333333333333,1193.3333333333333,1193.3333333333333
2015-05-02,Barley (Jau),29,Rajasthan,8,Jaipur,110,1141,1201,1185.2
2015-05-01,Barley (Jau),29,Rajasthan,8,Jaipur,110,1143.3333333333333,1207,1190.3333333333333
2015-04-30,Barley (Jau),29,Rajasthan,8,Jaipur,110,1183,1232.6,1209.4
2015-04-29,Barley (Jau),29,Rajasthan,8,Jaipur,110,1183.75,1231.75,1205.5
2015-04-28,Barley (Jau),29,Rajasthan,8,Jaipur,110,1181,1221.3333333333333,1197.6666666666667
2015-04-27,Barley (Jau),29,Rajasthan,8,Jaipur,110,1056.6666666666667,1215.3333333333333,1168.3333333333333
2015-04-25,Barley (Jau),29,Rajasthan,8,Jaipur,110,1077.5,1195.5,1145.5
2015-04-24,Barley (Jau),29,Rajasthan,8,Jaipur,110,1015,1182.6666666666667,1136.3333333333333
2015-04-23,Barley (Jau),29,Rajasthan,8,Jaipur,110,970,1170.6666666666667,1133.3333333333333
2015-04-22,Barley (Jau),29,Rajasthan,8,Jaipur,110,995,1142.5,1100
2015-04-21,Barley (Jau),29,Rajasthan,8,Jaipur,110,1060,1100,1070
2015-04-20,Barley (Jau),29,Rajasthan,8,Jaipur,110,1038.3333333333333,1159.6666666666667,1113.3333333333333
2015-04-18,Barley (Jau),29,Rajasthan,8,Jaipur,110,1040,1144.6666666666667,1107
2015-04-17,Barley (Jau),29,Rajasthan,8,Jaipur,110,1040,1178.3333333333333,1138.6666666666667
2015-04-16,Barley (Jau),29,Rajasthan,8,Jaipur,110,1047.5,1180,1120
2015-04-15,Barley (Jau),29,Rajasthan,8,Jaipur,110,1076,1112.75,1101
2015-04-14,Barley (Jau),29,Rajasthan,8,Jaipur,110,1048.4,1165.4,1137.4
2015-04-13,Barley (Jau),29,Rajasthan,8,Jaipur,110,1042.6666666666667,1132.3333333333333,1107.5
2015-04-12,Barley (Jau),29,Rajasthan,8,Jaipur,110,1077.5,1131.5,1117.5
2015-04-11,Barley (Jau),29,Rajasthan,8,Jaipur,110,1000,1119,1077.75
2015-04-10,Barley (Jau),29,Rajasthan,8,Jaipur,110,996.25,1089,1061.25
2015-04-09,Barley (Jau),29,Rajasthan,8,Jaipur,110,1021.6666666666666,1125.1666666666667,1092.6666666666667
2015-04-08,Barley (Jau),29,Rajasthan,8,Jaipur,110,1009,1064.2,1042
2015-04-07,Barley (Jau),29,Rajasthan,8,Jaipur,110,1013,1100,1053
2015-04-06,Barley (Jau),29,Rajasthan,8,Jaipur,110,1001.6666666666666,1051.3333333333333,1039.1666666666667
2015-04-05,Barley (Jau),29,Rajasthan,8,Jaipur,110,1026.6666666666667,1120,1086.6666666666667
2015-04-04,Barley (Jau),29,Rajasthan,8,Jaipur,110,1003,1043,1023
2015-04-03,Barley (Jau),29,Rajasthan,8,Jaipur,110,996,1046.2,1026
2015-04-02,Barley (Jau),29,Rajasthan,8,Jaipur,110,990.8333333333334,1030.8333333333333,1016
2015-04-01,Barley (Jau),29,Rajasthan,8,Jaipur,110,1009.3333333333334,1034.1666666666667,1022.3333333333334
2015-03-31,Barley (Jau),29,Rajasthan,8,Jaipur,110,1715,1764,1731.6666666666667
2015-03-30,Barley (Jau),29,Rajasthan,8,Jaipur,110,1008,1047,1018
2015-03-29,Barley (Jau),29,Rajasthan,8,Jaipur,110,1032.6666666666667,1046,1039.3333333333333
2015-03-28,Barley (Jau),29,Rajasthan,8,Jaipur,110,1010,1017.5,1015
2015-03-27,Barley (Jau),29,Rajasthan,8,Jaipur,110,1019,1108.2,1055.2
2015-03-26,Barley (Jau),29,Rajasthan,8,Jaipur,110,1005.7142857142857,1073.7142857142858,1038
2015-03-25,Barley (Jau),29,Rajasthan,8,Jaipur,110,1014.1666666666666,1109.1666666666667,1066
2015-03-24,Barley (Jau),29,Rajasthan,8,Jaipur,110,1067.5,1123.3333333333333,1102
2015-03-23,Barley (Jau),29,Rajasthan,8,Jaipur,110,1039.6666666666667,1107.5,1062
2015-03-22,Barley (Jau),29,Rajasthan,8,Jaipur,110,1096.6666666666667,1118.3333333333333,1115
2015-03-21,Barley (Jau),29,Rajasthan,8,Jaipur,110,1045,1145.5,1105
2015-03-20,Barley (Jau),29,Rajasthan,8,Jaipur,110,1145.2,3563,1187
2015-03-19,Barley (Jau),29,Rajasthan,8,Jaipur,110,1140,1218.2,1183.8
2015-03-18,Barley (Jau),29,Rajasthan,8,Jaipur,110,1175.8333333333333,1221.6666666666667,1200
2015-03-17,Barley (Jau),29,Rajasthan,8,Jaipur,110,1130,1224,1183.3333333333333
2015-03-16,Barley (Jau),29,Rajasthan,8,Jaipur,110,1161,1241.8,1214.4
2015-03-15,Barley (Jau),29,Rajasthan,8,Jaipur,110,1143.25,1155.75,1149.5
2015-03-14,Barley (Jau),29,Rajasthan,8,Jaipur,110,1141.6666666666667,1201,1180
2015-03-13,Barley (Jau),29,Rajasthan,8,Jaipur,110,1151.6666666666667,1246.6666666666667,1193.3333333333333
2015-03-12,Barley (Jau),29,Rajasthan,8,Jaipur,110,1105.2,1177.2,1134.8
2015-03-11,Barley (Jau),29,Rajasthan,8,Jaipur,110,1135.2,1190.4,1170
2015-03-10,Barley (Jau),29,Rajasthan,8,Jaipur,110,1168.3333333333333,1257,1201.6666666666667
2015-03-09,Barley (Jau),29,Rajasthan,8,Jaipur,110,1177,1283.3333333333333,1213.6666666666667
2015-03-08,Barley (Jau),29,Rajasthan,8,Jaipur,110,1220,1300,1260
2015-03-07,Barley (Jau),29,Rajasthan,8,Jaipur,110,1200,1300,1250
2015-03-02,Barley (Jau),29,Rajasthan,8,Jaipur,110,1323.6666666666667,1423.6666666666667,1373.6666666666667
2015-02-27,Barley (Jau),29,Rajasthan,8,Jaipur,110,1200,1500,1350
2015-02-26,Barley (Jau),29,Rajasthan,8,Jaipur,110,1431,1431,1431
2015-02-25,Barley (Jau),29,Rajasthan,8,Jaipur,110,1200,1200,1200
2015-02-23,Barley (Jau),29,Rajasthan,8,Jaipur,110,1302,1307,1302
2015-02-21,Barley (Jau),29,Rajasthan,8,Jaipur,110,1200,1600,1400
2015-02-20,Barley (Jau),29,Rajasthan,8,Jaipur,110,1374,1424,1399
2015-02-18,Barley (Jau),29,Rajasthan,8,Jaipur,110,1350,1350,1350
2015-02-14,Barley (Jau),29,Rajasthan,8,Jaipur,110,1400,1400,1400
2015-02-11,Barley (Jau),29,Rajasthan,8,Jaipur,110,1150,1340,1150
2015-02-09,Barley (Jau),29,Rajasthan,8,Jaipur,110,1310,1310,1310
2015-02-08,Barley (Jau),29,Rajasthan,8,Jaipur,110,1300,1300,1300
2015-02-07,Barley (Jau),29,Rajasthan,8,Jaipur,110,1351,1400,1400
2015-02-06,Barley (Jau),29,Rajasthan,8,Jaipur,110,1351,1375,1375
2015-02-05,Barley (Jau),29,Rajasthan,8,Jaipur,110,1386,1386,1386
2015-02-03,Barley (Jau),29,Rajasthan,8,Jaipur,110,1340,1340,1340
2015-02-02,Barley (Jau),29,Rajasthan,8,Jaipur,110,1371,1371,1371
2015-01-29,Barley (Jau),29,Rajasthan,8,Jaipur,110,1375,1400,1387.5
2015-01-28,Barley (Jau),29,Rajasthan,8,Jaipur,110,1373.6666666666667,1460,1419.6666666666667
2015-01-27,Barley (Jau),29,Rajasthan,8,Jaipur,110,1300,1350,1350
2015-01-21,Barley (Jau),29,Rajasthan,8,Jaipur,110,1500,1500,1500
2015-01-20,Barley (Jau),29,Rajasthan,8,Jaipur,110,1421,1425,1421
2015-01-17,Barley (Jau),29,Rajasthan,8,Jaipur,110,1438.5,1448.5,1443.5
2015-01-16,Barley (Jau),29,Rajasthan,8,Jaipur,110,1410.5,1510.5,1460.5
2015-01-13,Barley (Jau),29,Rajasthan,8,Jaipur,110,1437.5,1437.5,1437.5
2015-01-12,Barley (Jau),29,Rajasthan,8,Jaipur,110,1300,1325,1300
2015-01-10,Barley (Jau),29,Rajasthan,8,Jaipur,110,1453,1553,1503
2015-01-09,Barley (Jau),29,Rajasthan,8,Jaipur,110,1455.5,1504,1500
2015-01-08,Barley (Jau),29,Rajasthan,8,Jaipur,110,1477,1477,1477
2015-01-06,Barley (Jau),29,Rajasthan,8,Jaipur,110,1400,1600,1500
2015-01-05,Barley (Jau),29,Rajasthan,8,Jaipur,110,1450,1450,1450
2015-01-03,Barley (Jau),29,Rajasthan,8,Jaipur,110,1501,1552,1525
2015-01-02,Barley (Jau),29,Rajasthan,8,Jaipur,110,1425.3333333333333,1509.6666666666667,1476.3333333333333
2015-01-01,Barley (Jau),29,Rajasthan,8,Jaipur,110,1475,1541,1525
