date,commodity,commodity_id,state,state_id,district,district_id,price_min,price_max,price_modal
2025-09-05,Capsicum,164,Odisha,21,Sundargarh,374,3500,4000,3800
2025-09-04,Capsicum,164,Odisha,21,Sundargarh,374,3500,4000,3800
2025-09-03,Capsicum,164,Odisha,21,Sundargarh,374,3500,4000,3800
2025-07-15,Capsicum,164,Odisha,21,Sundargarh,374,6000,6000,6000
2025-07-14,Capsicum,164,Odisha,21,Sundargarh,374,8000,8300,8200
2025-07-11,Capsicum,164,Odisha,21,Sundargarh,374,4000,4000,4000
2025-07-10,Capsicum,164,Odisha,21,Sundargarh,374,4000,5000,4000
2025-07-01,Capsicum,164,Odisha,21,Sundargarh,374,4200,4600,4500
2025-06-29,Capsicum,164,Odisha,21,Sundargarh,374,4600,5000,4900
2025-06-10,Capsicum,164,Odisha,21,Sundargarh,374,6000,6000,6000
2025-06-08,Capsicum,164,Odisha,21,Sundargarh,374,4000,5000,5000
2025-05-06,Capsicum,164,Odisha,21,Sundargarh,374,6000,6500,6200
2025-05-05,Capsicum,164,Odisha,21,Sundargarh,374,5200,5800,5500
2025-05-04,Capsicum,164,Odisha,21,Sundargarh,374,5200,5800,5500
2025-05-03,Capsicum,164,Odisha,21,Sundargarh,374,5000,5500,5200
2025-05-02,Capsicum,164,Odisha,21,Sundargarh,374,5000,5500,5200
2025-05-01,Capsicum,164,Odisha,21,Sundargarh,374,5000,5500,5200
2025-04-30,Capsicum,164,Odisha,21,Sundargarh,374,5200,5800,5500
2025-04-29,Capsicum,164,Odisha,21,Sundargarh,374,5200,5800,5500
2025-04-28,Capsicum,164,Odisha,21,Sundargarh,374,5500,6000,5800
2025-04-27,Capsicum,164,Odisha,21,Sundargarh,374,5500,6000,5800
2025-04-26,Capsicum,164,Odisha,21,Sundargarh,374,5000,5500,5200
2025-04-25,Capsicum,164,Odisha,21,Sundargarh,374,3500,4000,3800
2025-04-24,Capsicum,164,Odisha,21,Sundargarh,374,3500,4000,3800
2025-04-23,Capsicum,164,Odisha,21,Sundargarh,374,4000,4500,4200
2025-04-22,Capsicum,164,Odisha,21,Sundargarh,374,4000,4500,4200
2025-04-21,Capsicum,164,Odisha,21,Sundargarh,374,4000,4500,4200
2025-04-19,Capsicum,164,Odisha,21,Sundargarh,374,4500,5000,4800
2025-04-18,Capsicum,164,Odisha,21,Sundargarh,374,4500,5000,4800
2025-04-17,Capsicum,164,Odisha,21,Sundargarh,374,3000,3500,3200
2025-04-16,Capsicum,164,Odisha,21,Sundargarh,374,5000,5500,5200
2025-04-15,Capsicum,164,Odisha,21,Sundargarh,374,5000,5500,5200
2025-04-14,Capsicum,164,Odisha,21,Sundargarh,374,6000,6500,6200
2025-04-12,Capsicum,164,Odisha,21,Sundargarh,374,6000,6500,6200
2025-04-11,Capsicum,164,Odisha,21,Sundargarh,374,5500,6000,5800
2025-04-10,Capsicum,164,Odisha,21,Sundargarh,374,2500,3000,2700
2025-04-09,Capsicum,164,Odisha,21,Sundargarh,374,2700,3200,3000
2025-04-08,Capsicum,164,Odisha,21,Sundargarh,374,3000,3500,3200
2025-04-07,Capsicum,164,Odisha,21,Sundargarh,374,3000,3500,3200
2025-04-06,Capsicum,164,Odisha,21,Sundargarh,374,3000,3700,3200
2025-04-05,Capsicum,164,Odisha,21,Sundargarh,374,3000,3500,3200
2025-04-04,Capsicum,164,Odisha,21,Sundargarh,374,3000,3500,3200
2025-04-03,Capsicum,164,Odisha,21,Sundargarh,374,3000,3500,3200
2025-04-02,Capsicum,164,Odisha,21,Sundargarh,374,3000,3500,3200
2025-04-01,Capsicum,164,Odisha,21,Sundargarh,374,3000,3500,3200
2025-03-31,Capsicum,164,Odisha,21,Sundargarh,374,2000,2500,2200
2025-03-30,Capsicum,164,Odisha,21,Sundargarh,374,2700,3200,3000
2025-03-29,Capsicum,164,Odisha,21,Sundargarh,374,3000,3500,3200
2025-03-28,Capsicum,164,Odisha,21,Sundargarh,374,3350,4100,4000
2025-03-27,Capsicum,164,Odisha,21,Sundargarh,374,3500,4250,3600
2025-03-26,Capsicum,164,Odisha,21,Sundargarh,374,2800,3200,3000
2025-03-25,Capsicum,164,Odisha,21,Sundargarh,374,2800,3200,3000
2025-03-24,Capsicum,164,Odisha,21,Sundargarh,374,3250,3500,3400
2025-03-23,Capsicum,164,Odisha,21,Sundargarh,374,3000,3500,3200
2025-03-22,Capsicum,164,Odisha,21,Sundargarh,374,3000,3500,3200
2025-03-21,Capsicum,164,Odisha,21,Sundargarh,374,3000,3500,3200
2025-03-20,Capsicum,164,Odisha,21,Sundargarh,374,3200,3800,3500
2025-03-19,Capsicum,164,Odisha,21,Sundargarh,374,3750,4000,3900
2025-03-18,Capsicum,164,Odisha,21,Sundargarh,374,3200,3800,3500
2025-03-17,Capsicum,164,Odisha,21,Sundargarh,374,3000,3450,3250
2025-03-16,Capsicum,164,Odisha,21,Sundargarh,374,3000,3400,3300
2025-03-15,Capsicum,164,Odisha,21,Sundargarh,374,3350,3800,3650
2025-03-14,Capsicum,164,Odisha,21,Sundargarh,374,3350,3800,3650
2025-03-13,Capsicum,164,Odisha,21,Sundargarh,374,3500,4000,3800
2025-03-12,Capsicum,164,Odisha,21,Sundargarh,374,3500,4000,3800
2025-03-11,Capsicum,164,Odisha,21,Sundargarh,374,4000,4500,4200
2025-03-10,Capsicum,164,Odisha,21,Sundargarh,374,2500,3000,2800
2025-03-08,Capsicum,164,Odisha,21,Sundargarh,374,2500,3000,2800
2025-03-07,Capsicum,164,Odisha,21,Sundargarh,374,2600,3000,2800
2025-03-06,Capsicum,164,Odisha,21,Sundargarh,374,2750,3300,3100
2025-03-05,Capsicum,164,Odisha,21,Sundargarh,374,2500,3000,2800
2025-03-04,Capsicum,164,Odisha,21,Sundargarh,374,1000,1500,1200
2025-03-03,Capsicum,164,Odisha,21,Sundargarh,374,1000,1500,1200
2025-03-02,Capsicum,164,Odisha,21,Sundargarh,374,2500,3000,2700
2025-03-01,Capsicum,164,Odisha,21,Sundargarh,374,2500,3000,2800
2025-02-28,Capsicum,164,Odisha,21,Sundargarh,374,3750,4500,3900
2025-02-27,Capsicum,164,Odisha,21,Sundargarh,374,3200,3500,3300
2025-02-26,Capsicum,164,Odisha,21,Sundargarh,374,2800,3200,3000
2025-02-25,Capsicum,164,Odisha,21,Sundargarh,374,3500,4150,3900
2025-02-23,Capsicum,164,Odisha,21,Sundargarh,374,3000,3500,3200
2025-02-22,Capsicum,164,Odisha,21,Sundargarh,374,3000,3500,3200
2025-02-21,Capsicum,164,Odisha,21,Sundargarh,374,4500,4750,4600
2025-02-20,Capsicum,164,Odisha,21,Sundargarh,374,3000,3500,3200
2025-02-18,Capsicum,164,Odisha,21,Sundargarh,374,3000,3500,3200
2025-02-17,Capsicum,164,Odisha,21,Sundargarh,374,3000,3500,3200
2025-02-16,Capsicum,164,Odisha,21,Sundargarh,374,3000,3500,3200
2025-02-15,Capsicum,164,Odisha,21,Sundargarh,374,3500,4250,4100
2025-02-14,Capsicum,164,Odisha,21,Sundargarh,374,3500,3750,3600
2025-02-13,Capsicum,164,Odisha,21,Sundargarh,374,3000,3500,3200
2025-02-12,Capsicum,164,Odisha,21,Sundargarh,374,3000,3500,3200
2025-02-11,Capsicum,164,Odisha,21,Sundargarh,374,3500,4000,3800
2025-02-10,Capsicum,164,Odisha,21,Sundargarh,374,3500,4000,3800
2025-02-09,Capsicum,164,Odisha,21,Sundargarh,374,3500,4000,3800
2025-02-08,Capsicum,164,Odisha,21,Sundargarh,374,3600,4000,3800
2025-02-06,Capsicum,164,Odisha,21,Sundargarh,374,3500,4000,3800
2025-02-05,Capsicum,164,Odisha,21,Sundargarh,374,3500,4000,3800
2025-02-04,Capsicum,164,Odisha,21,Sundargarh,374,3500,4000,3800
2025-02-03,Capsicum,164,Odisha,21,Sundargarh,374,3750,4000,3900
2025-02-02,Capsicum,164,Odisha,21,Sundargarh,374,3000,3500,3200
2025-02-01,Capsicum,164,Odisha,21,Sundargarh,374,3500,3750,3600
2025-01-31,Capsicum,164,Odisha,21,Sundargarh,374,3000,3500,3200
2025-01-30,Capsicum,164,Odisha,21,Sundargarh,374,3000,3500,3200
2025-01-29,Capsicum,164,Odisha,21,Sundargarh,374,3000,3500,3200
2025-01-28,Capsicum,164,Odisha,21,Sundargarh,374,3000,3500,3200
2025-01-27,Capsicum,164,Odisha,21,Sundargarh,374,3000,3500,3200
2025-01-26,Capsicum,164,Odisha,21,Sundargarh,374,3000,3500,3200
2025-01-25,Capsicum,164,Odisha,21,Sundargarh,374,3000,3500,3200
2025-01-24,Capsicum,164,Odisha,21,Sundargarh,374,3000,3500,3200
2025-01-23,Capsicum,164,Odisha,21,Sundargarh,374,3500,4000,3800
2025-01-22,Capsicum,164,Odisha,21,Sundargarh,374,3750,4000,3900
2025-01-21,Capsicum,164,Odisha,21,Sundargarh,374,3500,4000,3800
2025-01-20,Capsicum,164,Odisha,21,Sundargarh,374,3500,4000,3800
2025-01-19,Capsicum,164,Odisha,21,Sundargarh,374,3500,4000,3800
2025-01-18,Capsicum,164,Odisha,21,Sundargarh,374,3500,4000,3800
2025-01-17,Capsicum,164,Odisha,21,Sundargarh,374,3500,4000,3800
2025-01-16,Capsicum,164,Odisha,21,Sundargarh,374,3500,4000,3800
2025-01-15,Capsicum,164,Odisha,21,Sundargarh,374,5000,5250,5100
2025-01-14,Capsicum,164,Odisha,21,Sundargarh,374,4000,4400,4200
2025-01-13,Capsicum,164,Odisha,21,Sundargarh,374,4000,4500,4200
2025-01-12,Capsicum,164,Odisha,21,Sundargarh,374,4000,4500,4200
2025-01-11,Capsicum,164,Odisha,21,Sundargarh,374,3500,4000,3800
2025-01-10,Capsicum,164,Odisha,21,Sundargarh,374,4250,5000,4900
2025-01-09,Capsicum,164,Odisha,21,Sundargarh,374,4500,5250,5100
2025-01-08,Capsicum,164,Odisha,21,Sundargarh,374,4000,4500,4200
2025-01-06,Capsicum,164,Odisha,21,Sundargarh,374,4000,5000,4000
2025-01-03,Capsicum,164,Odisha,21,Sundargarh,374,4000,5000,5000
2024-12-12,Capsicum,164,Odisha,21,Sundargarh,374,4000,5000,5000
2024-12-07,Capsicum,164,Odisha,21,Sundargarh,374,8000,8000,8000
2024-12-03,Capsicum,164,Odisha,21,Sundargarh,374,4000,4000,4000
2024-11-28,Capsicum,164,Odisha,21,Sundargarh,374,8000,8000,8000
2024-10-30,Capsicum,164,Odisha,21,Sundargarh,374,8000,8000,8000
2024-10-29,Capsicum,164,Odisha,21,Sundargarh,374,8000,8000,8000
2024-10-22,Capsicum,164,Odisha,21,Sundargarh,374,8000,8000,8000
2024-10-21,Capsicum,164,Odisha,21,Sundargarh,374,8000,8000,8000
2024-10-19,Capsicum,164,Odisha,21,Sundargarh,374,8000,8000,8000
2024-10-17,Capsicum,164,Odisha,21,Sundargarh,374,8000,8000,8000
2024-10-16,Capsicum,164,Odisha,21,Sundargarh,374,8000,8000,8000
2024-10-14,Capsicum,164,Odisha,21,Sundargarh,374,4000,5000,4000
2024-09-24,Capsicum,164,Odisha,21,Sundargarh,374,8000,8000,8000
2024-09-23,Capsicum,164,Odisha,21,Sundargarh,374,8000,8000,8000
2024-09-21,Capsicum,164,Odisha,21,Sundargarh,374,8000,8000,8000
2024-09-13,Capsicum,164,Odisha,21,Sundargarh,374,6000,6000,6000
2024-09-04,Capsicum,164,Odisha,21,Sundargarh,374,6000,8000,6000
2024-09-03,Capsicum,164,Odisha,21,Sundargarh,374,4000,6000,6000
2024-09-02,Capsicum,164,Odisha,21,Sundargarh,374,8000,8000,8000
2024-08-08,Capsicum,164,Odisha,21,Sundargarh,374,8000,8000,8000
2024-08-07,Capsicum,164,Odisha,21,Sundargarh,374,8000,8000,8000
2024-08-06,Capsicum,164,Odisha,21,Sundargarh,374,4000,6000,6000
2024-08-05,Capsicum,164,Odisha,21,Sundargarh,374,8000,8000,8000
2024-08-04,Capsicum,164,Odisha,21,Sundargarh,374,8000,8000,8000
2024-07-29,Capsicum,164,Odisha,21,Sundargarh,374,4000,4000,4000
2024-07-27,Capsicum,164,Odisha,21,Sundargarh,374,6000,6000,6000
2024-07-25,Capsicum,164,Odisha,21,Sundargarh,374,8000,8000,8000
2024-07-19,Capsicum,164,Odisha,21,Sundargarh,374,8000,8000,8000
2024-07-17,Capsicum,164,Odisha,21,Sundargarh,374,8000,8000,8000
2024-07-11,Capsicum,164,Odisha,21,Sundargarh,374,8000,8000,8000
2024-07-09,Capsicum,164,Odisha,21,Sundargarh,374,8000,8000,8000
2024-07-03,Capsicum,164,Odisha,21,Sundargarh,374,6000,6000,6000
2024-06-30,Capsicum,164,Odisha,21,Sundargarh,374,8000,8000,8000
2024-06-27,Capsicum,164,Odisha,21,Sundargarh,374,8000,8000,8000
2024-05-29,Capsicum,164,Odisha,21,Sundargarh,374,4000,4000,4000
2024-05-21,Capsicum,164,Odisha,21,Sundargarh,374,5500,6000,5800
2024-05-20,Capsicum,164,Odisha,21,Sundargarh,374,5500,6000,5800
2024-05-18,Capsicum,164,Odisha,21,Sundargarh,374,2550,3000,2800
2024-05-17,Capsicum,164,Odisha,21,Sundargarh,374,5500,6000,5800
2024-05-16,Capsicum,164,Odisha,21,Sundargarh,374,6500,7000,6700
2024-05-15,Capsicum,164,Odisha,21,Sundargarh,374,6500,7000,6700
2024-05-14,Capsicum,164,Odisha,21,Sundargarh,374,6500,7000,6700
2024-05-13,Capsicum,164,Odisha,21,Sundargarh,374,3000,3500,3200
2024-05-12,Capsicum,164,Odisha,21,Sundargarh,374,3000,3500,3200
2024-05-11,Capsicum,164,Odisha,21,Sundargarh,374,5000,5500,5200
2024-05-10,Capsicum,164,Odisha,21,Sundargarh,374,5000,5500,5200
2024-05-09,Capsicum,164,Odisha,21,Sundargarh,374,5000,5500,5200
2024-05-08,Capsicum,164,Odisha,21,Sundargarh,374,4500,5000,4800
2024-05-07,Capsicum,164,Odisha,21,Sundargarh,374,4500,5000,4800
2024-05-06,Capsicum,164,Odisha,21,Sundargarh,374,4500,5200,4800
2024-05-05,Capsicum,164,Odisha,21,Sundargarh,374,4500,5000,4800
2024-05-04,Capsicum,164,Odisha,21,Sundargarh,374,5500,6000,5800
2024-05-02,Capsicum,164,Odisha,21,Sundargarh,374,5500,6000,5800
2024-05-01,Capsicum,164,Odisha,21,Sundargarh,374,5500,6000,5800
2024-04-30,Capsicum,164,Odisha,21,Sundargarh,374,5500,6000,5800
2024-04-29,Capsicum,164,Odisha,21,Sundargarh,374,5500,6000,5800
2024-04-28,Capsicum,164,Odisha,21,Sundargarh,374,5500,6000,5800
2024-04-26,Capsicum,164,Odisha,21,Sundargarh,374,5500,6000,5700
2024-04-25,Capsicum,164,Odisha,21,Sundargarh,374,5500,6000,5800
2024-04-24,Capsicum,164,Odisha,21,Sundargarh,374,5500,6000,5700
2024-04-23,Capsicum,164,Odisha,21,Sundargarh,374,5500,6000,5800
2024-04-22,Capsicum,164,Odisha,21,Sundargarh,374,5000,5500,5200
2024-04-21,Capsicum,164,Odisha,21,Sundargarh,374,5000,5500,5200
2024-04-20,Capsicum,164,Odisha,21,Sundargarh,374,4500,5000,4800
2024-04-19,Capsicum,164,Odisha,21,Sundargarh,374,3350,3800,3600
2024-04-18,Capsicum,164,Odisha,21,Sundargarh,374,4500,5000,4800
2024-04-17,Capsicum,164,Odisha,21,Sundargarh,374,4500,5000,4700
2024-04-16,Capsicum,164,Odisha,21,Sundargarh,374,5000,5500,5200
2024-04-15,Capsicum,164,Odisha,21,Sundargarh,374,3500,4000,3800
2024-04-14,Capsicum,164,Odisha,21,Sundargarh,374,3500,4000,3800
2024-04-13,Capsicum,164,Odisha,21,Sundargarh,374,5000,5500,5200
2024-04-12,Capsicum,164,Odisha,21,Sundargarh,374,5500,6000,5800
2024-04-11,Capsicum,164,Odisha,21,Sundargarh,374,5500,6000,5800
2024-04-09,Capsicum,164,Odisha,21,Sundargarh,374,4500,5000,4800
2024-04-08,Capsicum,164,Odisha,21,Sundargarh,374,4500,5000,4800
2024-04-07,Capsicum,164,Odisha,21,Sundargarh,374,5000,5500,5200
2024-04-06,Capsicum,164,Odisha,21,Sundargarh,374,5000,5500,5200
2024-04-05,Capsicum,164,Odisha,21,Sundargarh,374,5500,5750,5600
2024-04-04,Capsicum,164,Odisha,21,Sundargarh,374,4500,5250,5100
2024-04-03,Capsicum,164,Odisha,21,Sundargarh,374,4500,5250,5100
2024-04-02,Capsicum,164,Odisha,21,Sundargarh,374,5000,5500,5200
2024-03-31,Capsicum,164,Odisha,21,Sundargarh,374,4500,5000,4700
2024-03-30,Capsicum,164,Odisha,21,Sundargarh,374,5000,5500,5200
2024-03-29,Capsicum,164,Odisha,21,Sundargarh,374,5000,5500,5200
2024-03-28,Capsicum,164,Odisha,21,Sundargarh,374,4250,4500,4400
2024-03-27,Capsicum,164,Odisha,21,Sundargarh,374,5000,5500,5200
2024-03-26,Capsicum,164,Odisha,21,Sundargarh,374,5000,5500,5200
2024-03-25,Capsicum,164,Odisha,21,Sundargarh,374,2000,2500,2200
2024-03-24,Capsicum,164,Odisha,21,Sundargarh,374,5000,5500,5200
2024-03-23,Capsicum,164,Odisha,21,Sundargarh,374,2000,2500,2200
2024-03-22,Capsicum,164,Odisha,21,Sundargarh,374,5500,6000,5800
2024-03-21,Capsicum,164,Odisha,21,Sundargarh,374,5800,6200,6000
2024-03-20,Capsicum,164,Odisha,21,Sundargarh,374,5800,6200,6000
2024-03-19,Capsicum,164,Odisha,21,Sundargarh,374,5800,6200,6000
2024-03-18,Capsicum,164,Odisha,21,Sundargarh,374,5800,6250,6050
2024-03-17,Capsicum,164,Odisha,21,Sundargarh,374,4000,4500,4200
2024-03-16,Capsicum,164,Odisha,21,Sundargarh,374,4000,4250,4100
2024-03-15,Capsicum,164,Odisha,21,Sundargarh,374,5000,5250,5100
2024-03-14,Capsicum,164,Odisha,21,Sundargarh,374,5500,6000,5800
2024-03-13,Capsicum,164,Odisha,21,Sundargarh,374,3000,3500,3200
2024-03-12,Capsicum,164,Odisha,21,Sundargarh,374,3500,4250,4100
2024-03-11,Capsicum,164,Odisha,21,Sundargarh,374,4000,4250,4100
2024-03-10,Capsicum,164,Odisha,21,Sundargarh,374,4000,4500,4200
2024-03-09,Capsicum,164,Odisha,21,Sundargarh,374,5000,5250,5100
2024-03-08,Capsicum,164,Odisha,21,Sundargarh,374,4000,4500,4200
2024-03-07,Capsicum,164,Odisha,21,Sundargarh,374,2500,3000,2700
2024-03-06,Capsicum,164,Odisha,21,Sundargarh,374,2500,3000,2700
2024-03-05,Capsicum,164,Odisha,21,Sundargarh,374,2500,3000,2700
2024-03-04,Capsicum,164,Odisha,21,Sundargarh,374,3500,4000,3800
2024-03-03,Capsicum,164,Odisha,21,Sundargarh,374,3500,4000,3800
2024-03-02,Capsicum,164,Odisha,21,Sundargarh,374,2500,3000,2700
2024-03-01,Capsicum,164,Odisha,21,Sundargarh,374,3500,4000,3800
2024-02-29,Capsicum,164,Odisha,21,Sundargarh,374,3500,4000,3800
2024-02-28,Capsicum,164,Odisha,21,Sundargarh,374,3000,3500,3200
2024-02-27,Capsicum,164,Odisha,21,Sundargarh,374,3500,4000,3800
2024-02-26,Capsicum,164,Odisha,21,Sundargarh,374,3500,3750,3600
2024-02-23,Capsicum,164,Odisha,21,Sundargarh,374,3000,3500,3200
2024-02-21,Capsicum,164,Odisha,21,Sundargarh,374,4000,4500,4200
2024-02-20,Capsicum,164,Odisha,21,Sundargarh,374,4000,4500,4200
2024-02-19,Capsicum,164,Odisha,21,Sundargarh,374,4000,4500,4200
2024-02-18,Capsicum,164,Odisha,21,Sundargarh,374,4000,4500,4200
2024-02-16,Capsicum,164,Odisha,21,Sundargarh,374,4000,4500,4200
2024-02-15,Capsicum,164,Odisha,21,Sundargarh,374,4000,4500,4200
2024-02-14,Capsicum,164,Odisha,21,Sundargarh,374,3300,3750,3550
2024-02-13,Capsicum,164,Odisha,21,Sundargarh,374,5000,5500,5200
2024-02-12,Capsicum,164,Odisha,21,Sundargarh,374,2500,3000,2700
2024-02-11,Capsicum,164,Odisha,21,Sundargarh,374,2500,3000,2700
2024-02-10,Capsicum,164,Odisha,21,Sundargarh,374,3000,3500,3200
2024-02-09,Capsicum,164,Odisha,21,Sundargarh,374,2500,3000,2800
2024-02-08,Capsicum,164,Odisha,21,Sundargarh,374,4000,4500,4200
2024-02-07,Capsicum,164,Odisha,21,Sundargarh,374,2000,2500,2200
2024-02-06,Capsicum,164,Odisha,21,Sundargarh,374,2000,2500,2200
2024-02-05,Capsicum,164,Odisha,21,Sundargarh,374,2000,2500,2200
2024-02-04,Capsicum,164,Odisha,21,Sundargarh,374,3000,3500,3200
2024-02-03,Capsicum,164,Odisha,21,Sundargarh,374,3000,3500,3200
2024-02-02,Capsicum,164,Odisha,21,Sundargarh,374,3000,3500,3200
2024-02-01,Capsicum,164,Odisha,21,Sundargarh,374,3000,3500,3200
2024-01-31,Capsicum,164,Odisha,21,Sundargarh,374,3000,3500,3200
2024-01-30,Capsicum,164,Odisha,21,Sundargarh,374,3000,3500,3200
2024-01-29,Capsicum,164,Odisha,21,Sundargarh,374,3500,4250,4100
2024-01-28,Capsicum,164,Odisha,21,Sundargarh,374,3000,3500,3200
2024-01-27,Capsicum,164,Odisha,21,Sundargarh,374,2000,2500,2200
2024-01-26,Capsicum,164,Odisha,21,Sundargarh,374,2000,2500,2200
2024-01-25,Capsicum,164,Odisha,21,Sundargarh,374,2000,2500,2200
2024-01-24,Capsicum,164,Odisha,21,Sundargarh,374,3250,4000,3850
2024-01-23,Capsicum,164,Odisha,21,Sundargarh,374,3000,3500,3200
2024-01-22,Capsicum,164,Odisha,21,Sundargarh,374,3500,4000,3800
2024-01-21,Capsicum,164,Odisha,21,Sundargarh,374,3500,4000,3800
2024-01-20,Capsicum,164,Odisha,21,Sundargarh,374,4000,4500,4200
2024-01-19,Capsicum,164,Odisha,21,Sundargarh,374,2750,3000,2900
2024-01-18,Capsicum,164,Odisha,21,Sundargarh,374,2550,3000,2800
2024-01-17,Capsicum,164,Odisha,21,Sundargarh,374,3000,4000,3200
2024-01-16,Capsicum,164,Odisha,21,Sundargarh,374,2500,3000,2800
2024-01-15,Capsicum,164,Odisha,21,Sundargarh,374,2750,3500,3400
2024-01-12,Capsicum,164,Odisha,21,Sundargarh,374,2800,3250,3050
2024-01-11,Capsicum,164,Odisha,21,Sundargarh,374,3000,3500,3200
2024-01-10,Capsicum,164,Odisha,21,Sundargarh,374,3000,3500,3200
2024-01-09,Capsicum,164,Odisha,21,Sundargarh,374,3250,4000,3400
2024-01-08,Capsicum,164,Odisha,21,Sundargarh,374,2500,3000,2800
2024-01-07,Capsicum,164,Odisha,21,Sundargarh,374,4000,5000,5000
2024-01-06,Capsicum,164,Odisha,21,Sundargarh,374,5000,5500,5200
2024-01-05,Capsicum,164,Odisha,21,Sundargarh,374,5500,6000,5800
2024-01-04,Capsicum,164,Odisha,21,Sundargarh,374,5500,6000,5800
2024-01-03,Capsicum,164,Odisha,21,Sundargarh,374,3500,4000,3800
2023-12-31,Capsicum,164,Odisha,21,Sundargarh,374,3500,4000,3800
2023-12-30,Capsicum,164,Odisha,21,Sundargarh,374,3500,4000,3800
2023-12-29,Capsicum,164,Odisha,21,Sundargarh,374,4050,4500,4350
2023-12-28,Capsicum,164,Odisha,21,Sundargarh,374,3500,4000,3800
2023-12-27,Capsicum,164,Odisha,21,Sundargarh,374,3500,4000,3800
2023-12-26,Capsicum,164,Odisha,21,Sundargarh,374,3500,4000,3800
2023-12-22,Capsicum,164,Odisha,21,Sundargarh,374,4500,5000,4800
2023-12-21,Capsicum,164,Odisha,21,Sundargarh,374,3500,4000,3800
2023-12-20,Capsicum,164,Odisha,21,Sundargarh,374,3500,4000,3800
2023-12-19,Capsicum,164,Odisha,21,Sundargarh,374,4000,4500,4200
2023-12-18,Capsicum,164,Odisha,21,Sundargarh,374,4000,4500,4200
2023-12-17,Capsicum,164,Odisha,21,Sundargarh,374,4000,4500,4200
2023-12-16,Capsicum,164,Odisha,21,Sundargarh,374,4000,4500,4200
2023-12-15,Capsicum,164,Odisha,21,Sundargarh,374,4000,4500,4200
2023-12-14,Capsicum,164,Odisha,21,Sundargarh,374,3200,3800,3500
2023-12-13,Capsicum,164,Odisha,21,Sundargarh,374,3200,3800,3500
2023-12-12,Capsicum,164,Odisha,21,Sundargarh,374,3000,3500,3200
2023-12-11,Capsicum,164,Odisha,21,Sundargarh,374,3000,3500,3200
2023-12-10,Capsicum,164,Odisha,21,Sundargarh,374,3000,3500,3200
2023-12-09,Capsicum,164,Odisha,21,Sundargarh,374,3000,3500,3200
2023-12-08,Capsicum,164,Odisha,21,Sundargarh,374,3500,3750,3600
2023-12-07,Capsicum,164,Odisha,21,Sundargarh,374,3750,4000,3900
2023-12-06,Capsicum,164,Odisha,21,Sundargarh,374,3500,4000,3800
2023-12-05,Capsicum,164,Odisha,21,Sundargarh,374,3500,4000,3800
2023-12-04,Capsicum,164,Odisha,21,Sundargarh,374,4500,4750,4600
2023-12-02,Capsicum,164,Odisha,21,Sundargarh,374,3800,4200,4000
2023-12-01,Capsicum,164,Odisha,21,Sundargarh,374,4000,4500,4200
2023-11-29,Capsicum,164,Odisha,21,Sundargarh,374,4000,4500,4200
2023-11-28,Capsicum,164,Odisha,21,Sundargarh,374,4000,4500,4200
2023-11-24,Capsicum,164,Odisha,21,Sundargarh,374,3000,3500,3200
2023-11-23,Capsicum,164,Odisha,21,Sundargarh,374,3000,3500,3200
2023-11-22,Capsicum,164,Odisha,21,Sundargarh,374,3000,3500,3200
2023-11-21,Capsicum,164,Odisha,21,Sundargarh,374,3500,4000,3800
2023-11-20,Capsicum,164,Odisha,21,Sundargarh,374,2200,2700,2500
2023-11-16,Capsicum,164,Odisha,21,Sundargarh,374,3200,3800,3500
2023-11-14,Capsicum,164,Odisha,21,Sundargarh,374,3500,4000,3800
2023-11-13,Capsicum,164,Odisha,21,Sundargarh,374,3500,4000,3800
2023-11-12,Capsicum,164,Odisha,21,Sundargarh,374,3500,4000,3800
2023-11-11,Capsicum,164,Odisha,21,Sundargarh,374,3500,4000,3800
2023-11-10,Capsicum,164,Odisha,21,Sundargarh,374,2500,3000,2800
2023-11-09,Capsicum,164,Odisha,21,Sundargarh,374,2000,2500,2200
2023-11-08,Capsicum,164,Odisha,21,Sundargarh,374,2500,3000,2800
2023-11-07,Capsicum,164,Odisha,21,Sundargarh,374,2500,3000,2800
2023-10-19,Capsicum,164,Odisha,21,Sundargarh,374,6000,6000,6000
2023-10-16,Capsicum,164,Odisha,21,Sundargarh,374,6000,6000,6000
2023-10-09,Capsicum,164,Odisha,21,Sundargarh,374,4000,6000,4000
2023-09-25,Capsicum,164,Odisha,21,Sundargarh,374,4000,4000,4000
2023-09-22,Capsicum,164,Odisha,21,Sundargarh,374,8000,8000,8000
2023-09-12,Capsicum,164,Odisha,21,Sundargarh,374,8000,8000,8000
2023-09-11,Capsicum,164,Odisha,21,Sundargarh,374,4000,4600,4000
2023-09-04,Capsicum,164,Odisha,21,Sundargarh,374,4000,4000,4000
2023-08-24,Capsicum,164,Odisha,21,Sundargarh,374,6600,7000,6900
2023-08-23,Capsicum,164,Odisha,21,Sundargarh,374,6600,7000,6900
2023-08-22,Capsicum,164,Odisha,21,Sundargarh,374,7300,7500,7450
2023-08-21,Capsicum,164,Odisha,21,Sundargarh,374,4000,4000,4000
2023-08-16,Capsicum,164,Odisha,21,Sundargarh,374,7200,7600,7500
2023-08-15,Capsicum,164,Odisha,21,Sundargarh,374,6600,7000,6900
2023-08-14,Capsicum,164,Odisha,21,Sundargarh,374,7200,7600,7500
2023-08-05,Capsicum,164,Odisha,21,Sundargarh,374,14000,14000,14000
2023-08-02,Capsicum,164,Odisha,21,Sundargarh,374,16000,16000,16000
2023-08-01,Capsicum,164,Odisha,21,Sundargarh,374,11500,11750,11700
2023-07-31,Capsicum,164,Odisha,21,Sundargarh,374,13600,14000,13900
2023-07-30,Capsicum,164,Odisha,21,Sundargarh,374,14600,15000,14900
2023-07-29,Capsicum,164,Odisha,21,Sundargarh,374,12000,12500,12450
2023-07-27,Capsicum,164,Odisha,21,Sundargarh,374,11600,12000,11900
2023-07-26,Capsicum,164,Odisha,21,Sundargarh,374,14300,14500,14450
2023-07-25,Capsicum,164,Odisha,21,Sundargarh,374,8000,8000,8000
2023-07-19,Capsicum,164,Odisha,21,Sundargarh,374,12000,12000,12000
2023-07-13,Capsicum,164,Odisha,21,Sundargarh,374,4000,5000,5000
2023-07-12,Capsicum,164,Odisha,21,Sundargarh,374,4000,5000,4000
2023-07-07,Capsicum,164,Odisha,21,Sundargarh,374,4000,6000,6000
2023-07-03,Capsicum,164,Odisha,21,Sundargarh,374,8000,8000,8000
2023-06-27,Capsicum,164,Odisha,21,Sundargarh,374,4000,5000,4000
2023-06-23,Capsicum,164,Odisha,21,Sundargarh,374,4000,4000,4000
2023-06-21,Capsicum,164,Odisha,21,Sundargarh,374,4000,6000,4000
2023-06-19,Capsicum,164,Odisha,21,Sundargarh,374,6000,6000,6000
2023-06-14,Capsicum,164,Odisha,21,Sundargarh,374,6000,6000,6000
2023-06-13,Capsicum,164,Odisha,21,Sundargarh,374,6000,6000,6000
2023-06-07,Capsicum,164,Odisha,21,Sundargarh,374,4600,5000,4900
2023-06-06,Capsicum,164,Odisha,21,Sundargarh,374,4800,5000,4950
2023-06-05,Capsicum,164,Odisha,21,Sundargarh,374,4600,5000,4900
2023-06-03,Capsicum,164,Odisha,21,Sundargarh,374,4300,4500,4450
2023-06-02,Capsicum,164,Odisha,21,Sundargarh,374,3600,4000,3900
2023-06-01,Capsicum,164,Odisha,21,Sundargarh,374,4300,4500,4450
2023-05-31,Capsicum,164,Odisha,21,Sundargarh,374,4300,4500,4450
2023-05-29,Capsicum,164,Odisha,21,Sundargarh,374,6000,6000,6000
2023-05-27,Capsicum,164,Odisha,21,Sundargarh,374,2600,3000,2900
2023-05-26,Capsicum,164,Odisha,21,Sundargarh,374,2600,3000,2900
2023-05-25,Capsicum,164,Odisha,21,Sundargarh,374,6000,6000,6000
2023-05-24,Capsicum,164,Odisha,21,Sundargarh,374,2600,3000,2900
2023-05-23,Capsicum,164,Odisha,21,Sundargarh,374,3600,4300,4250
2023-05-22,Capsicum,164,Odisha,21,Sundargarh,374,4000,6000,6000
2023-05-21,Capsicum,164,Odisha,21,Sundargarh,374,2600,3000,2900
2023-05-19,Capsicum,164,Odisha,21,Sundargarh,374,2600,3000,2900
2023-05-18,Capsicum,164,Odisha,21,Sundargarh,374,2600,3000,2900
2023-05-17,Capsicum,164,Odisha,21,Sundargarh,374,4000,5000,5000
2023-05-16,Capsicum,164,Odisha,21,Sundargarh,374,3300,4500,3950
2023-05-15,Capsicum,164,Odisha,21,Sundargarh,374,4300,4500,4450
2023-05-13,Capsicum,164,Odisha,21,Sundargarh,374,2600,3000,2900
2023-05-12,Capsicum,164,Odisha,21,Sundargarh,374,3200,3600,3500
2023-05-11,Capsicum,164,Odisha,21,Sundargarh,374,4300,4500,4450
2023-05-09,Capsicum,164,Odisha,21,Sundargarh,374,4000,5000,5000
2023-05-08,Capsicum,164,Odisha,21,Sundargarh,374,4000,5000,4000
2023-05-06,Capsicum,164,Odisha,21,Sundargarh,374,4300,4500,4450
2023-05-03,Capsicum,164,Odisha,21,Sundargarh,374,4300,4500,4450
2023-05-01,Capsicum,164,Odisha,21,Sundargarh,374,2600,3000,2900
2023-04-30,Capsicum,164,Odisha,21,Sundargarh,374,2200,2600,2500
2023-04-29,Capsicum,164,Odisha,21,Sundargarh,374,2600,3000,2900
2023-04-28,Capsicum,164,Odisha,21,Sundargarh,374,2600,3000,2900
2023-04-27,Capsicum,164,Odisha,21,Sundargarh,374,3100,3800,3750
2023-04-26,Capsicum,164,Odisha,21,Sundargarh,374,2600,3000,2900
2023-04-24,Capsicum,164,Odisha,21,Sundargarh,374,6000,8000,6000
2023-04-23,Capsicum,164,Odisha,21,Sundargarh,374,2200,2600,2500
2023-04-22,Capsicum,164,Odisha,21,Sundargarh,374,2600,3000,2900
2023-04-18,Capsicum,164,Odisha,21,Sundargarh,374,6000,8000,6000
2023-04-11,Capsicum,164,Odisha,21,Sundargarh,374,6000,6000,6000
2023-04-06,Capsicum,164,Odisha,21,Sundargarh,374,2000,2500,2200
2023-04-05,Capsicum,164,Odisha,21,Sundargarh,374,2750,3000,2900
2023-04-04,Capsicum,164,Odisha,21,Sundargarh,374,4000,4500,4200
2023-04-03,Capsicum,164,Odisha,21,Sundargarh,374,4000,4500,4200
2023-03-31,Capsicum,164,Odisha,21,Sundargarh,374,3500,4000,3800
2023-03-30,Capsicum,164,Odisha,21,Sundargarh,374,3500,4000,3800
2023-03-29,Capsicum,164,Odisha,21,Sundargarh,374,3500,4000,3800
2023-03-28,Capsicum,164,Odisha,21,Sundargarh,374,4500,5000,4800
2023-03-27,Capsicum,164,Odisha,21,Sundargarh,374,2750,3500,3400
2023-03-26,Capsicum,164,Odisha,21,Sundargarh,374,1500,2000,1800
2023-03-25,Capsicum,164,Odisha,21,Sundargarh,374,1500,2000,1800
2023-03-24,Capsicum,164,Odisha,21,Sundargarh,374,1500,2000,1800
2023-03-23,Capsicum,164,Odisha,21,Sundargarh,374,2750,4000,2900
2023-03-22,Capsicum,164,Odisha,21,Sundargarh,374,1500,2000,1800
2023-03-21,Capsicum,164,Odisha,21,Sundargarh,374,2750,3500,3400
2023-03-20,Capsicum,164,Odisha,21,Sundargarh,374,1500,2000,1800
2023-03-19,Capsicum,164,Odisha,21,Sundargarh,374,1500,2000,1800
2023-03-18,Capsicum,164,Odisha,21,Sundargarh,374,1500,2000,1800
2023-03-17,Capsicum,164,Odisha,21,Sundargarh,374,1500,2000,1800
2023-03-15,Capsicum,164,Odisha,21,Sundargarh,374,2750,3000,2900
2023-03-14,Capsicum,164,Odisha,21,Sundargarh,374,1500,2000,1800
2023-03-13,Capsicum,164,Odisha,21,Sundargarh,374,1500,2000,1800
2023-03-10,Capsicum,164,Odisha,21,Sundargarh,374,4000,6000,4000
2023-03-09,Capsicum,164,Odisha,21,Sundargarh,374,1000,1500,1200
2023-03-08,Capsicum,164,Odisha,21,Sundargarh,374,1500,2000,1800
2023-03-07,Capsicum,164,Odisha,21,Sundargarh,374,1500,2000,1800
2023-03-06,Capsicum,164,Odisha,21,Sundargarh,374,1500,2000,1800
2023-03-05,Capsicum,164,Odisha,21,Sundargarh,374,1500,2000,1800
2023-03-04,Capsicum,164,Odisha,21,Sundargarh,374,1000,1500,1200
2023-03-02,Capsicum,164,Odisha,21,Sundargarh,374,4000,4000,4000
2023-03-01,Capsicum,164,Odisha,21,Sundargarh,374,1000,1500,1200
2023-02-28,Capsicum,164,Odisha,21,Sundargarh,374,2500,2750,2600
2023-02-26,Capsicum,164,Odisha,21,Sundargarh,374,1500,2000,1800
2023-02-25,Capsicum,164,Odisha,21,Sundargarh,374,1500,2000,1800
2023-02-24,Capsicum,164,Odisha,21,Sundargarh,374,1000,1500,1200
2023-02-23,Capsicum,164,Odisha,21,Sundargarh,374,2750,3000,2900
2023-02-22,Capsicum,164,Odisha,21,Sundargarh,374,1000,1500,1200
2023-02-21,Capsicum,164,Odisha,21,Sundargarh,374,1000,1500,1200
2023-02-20,Capsicum,164,Odisha,21,Sundargarh,374,2750,3000,2900
2023-02-19,Capsicum,164,Odisha,21,Sundargarh,374,1500,2000,1800
2023-02-18,Capsicum,164,Odisha,21,Sundargarh,374,1000,1500,1200
2023-02-13,Capsicum,164,Odisha,21,Sundargarh,374,1500,2000,1800
2023-02-12,Capsicum,164,Odisha,21,Sundargarh,374,1000,1500,1200
2023-02-11,Capsicum,164,Odisha,21,Sundargarh,374,1000,1500,1200
2023-02-10,Capsicum,164,Odisha,21,Sundargarh,374,1500,2000,1800
2023-02-09,Capsicum,164,Odisha,21,Sundargarh,374,1500,2000,1800
2023-02-08,Capsicum,164,Odisha,21,Sundargarh,374,1500,2000,1800
2023-02-07,Capsicum,164,Odisha,21,Sundargarh,374,1500,2000,1800
2023-02-06,Capsicum,164,Odisha,21,Sundargarh,374,1500,2000,1800
2023-02-05,Capsicum,164,Odisha,21,Sundargarh,374,1500,2000,1800
2023-02-04,Capsicum,164,Odisha,21,Sundargarh,374,1000,1500,1200
2023-02-03,Capsicum,164,Odisha,21,Sundargarh,374,3500,3750,3600
2023-02-02,Capsicum,164,Odisha,21,Sundargarh,374,1500,2000,1800
2023-02-01,Capsicum,164,Odisha,21,Sundargarh,374,1500,2000,1800
2023-01-31,Capsicum,164,Odisha,21,Sundargarh,374,1500,2000,1800
2023-01-29,Capsicum,164,Odisha,21,Sundargarh,374,1500,2000,1800
2023-01-28,Capsicum,164,Odisha,21,Sundargarh,374,1500,2000,1800
2023-01-21,Capsicum,164,Odisha,21,Sundargarh,374,3500,3750,3600
2023-01-20,Capsicum,164,Odisha,21,Sundargarh,374,1500,2000,1800
2023-01-19,Capsicum,164,Odisha,21,Sundargarh,374,1500,2000,1800
2023-01-18,Capsicum,164,Odisha,21,Sundargarh,374,1500,2000,1800
2023-01-16,Capsicum,164,Odisha,21,Sundargarh,374,2750,3000,2900
2023-01-15,Capsicum,164,Odisha,21,Sundargarh,374,1000,1500,1200
2023-01-14,Capsicum,164,Odisha,21,Sundargarh,374,1000,1500,1200
2023-01-13,Capsicum,164,Odisha,21,Sundargarh,374,1000,1500,1200
2023-01-12,Capsicum,164,Odisha,21,Sundargarh,374,1000,1500,1200
2023-01-11,Capsicum,164,Odisha,21,Sundargarh,374,1000,1500,1200
2023-01-10,Capsicum,164,Odisha,21,Sundargarh,374,1000,1500,1200
2023-01-09,Capsicum,164,Odisha,21,Sundargarh,374,1000,1500,1200
2023-01-08,Capsicum,164,Odisha,21,Sundargarh,374,2500,2750,2600
2023-01-07,Capsicum,164,Odisha,21,Sundargarh,374,1000,1500,1200
2023-01-06,Capsicum,164,Odisha,21,Sundargarh,374,2500,2750,2600
2023-01-05,Capsicum,164,Odisha,21,Sundargarh,374,2500,2750,2600
2023-01-04,Capsicum,164,Odisha,21,Sundargarh,374,1000,1500,1200
2023-01-03,Capsicum,164,Odisha,21,Sundargarh,374,1000,1500,1200
2023-01-02,Capsicum,164,Odisha,21,Sundargarh,374,1000,1500,1200
2023-01-01,Capsicum,164,Odisha,21,Sundargarh,374,1000,1500,1200
2022-12-31,Capsicum,164,Odisha,21,Sundargarh,374,1000,1500,1200
2022-12-30,Capsicum,164,Odisha,21,Sundargarh,374,1000,1500,1200
2022-12-29,Capsicum,164,Odisha,21,Sundargarh,374,1000,1500,1200
2022-12-28,Capsicum,164,Odisha,21,Sundargarh,374,1000,1500,1200
2022-12-27,Capsicum,164,Odisha,21,Sundargarh,374,1000,1500,1200
2022-12-26,Capsicum,164,Odisha,21,Sundargarh,374,1000,1500,1200
2022-12-25,Capsicum,164,Odisha,21,Sundargarh,374,2000,2500,2200
2022-12-24,Capsicum,164,Odisha,21,Sundargarh,374,2000,2500,2200
2022-12-22,Capsicum,164,Odisha,21,Sundargarh,374,4000,4000,4000
2022-12-17,Capsicum,164,Odisha,21,Sundargarh,374,4000,4000,4000
2022-12-13,Capsicum,164,Odisha,21,Sundargarh,374,4000,5000,5000
2022-12-08,Capsicum,164,Odisha,21,Sundargarh,374,6000,6000,6000
2022-11-30,Capsicum,164,Odisha,21,Sundargarh,374,4000,4000,4000
2022-11-22,Capsicum,164,Odisha,21,Sundargarh,374,8000,8000,8000
2022-11-21,Capsicum,164,Odisha,21,Sundargarh,374,8000,8000,8000
2022-11-19,Capsicum,164,Odisha,21,Sundargarh,374,4000,4000,4000
2022-11-17,Capsicum,164,Odisha,21,Sundargarh,374,6000,6000,6000
2022-11-12,Capsicum,164,Odisha,21,Sundargarh,374,4000,5000,5000
2022-11-05,Capsicum,164,Odisha,21,Sundargarh,374,6000,6000,6000
2022-10-30,Capsicum,164,Odisha,21,Sundargarh,374,8000,8000,8000
2022-10-26,Capsicum,164,Odisha,21,Sundargarh,374,8000,8000,8000
2022-10-19,Capsicum,164,Odisha,21,Sundargarh,374,8000,8000,8000
2022-10-16,Capsicum,164,Odisha,21,Sundargarh,374,8000,8000,8000
2022-10-10,Capsicum,164,Odisha,21,Sundargarh,374,8000,8000,8000
2022-10-08,Capsicum,164,Odisha,21,Sundargarh,374,8000,8000,8000
2022-09-27,Capsicum,164,Odisha,21,Sundargarh,374,8000,8000,8000
2022-09-19,Capsicum,164,Odisha,21,Sundargarh,374,8000,8000,8000
2022-09-13,Capsicum,164,Odisha,21,Sundargarh,374,8000,8000,8000
2022-09-07,Capsicum,164,Odisha,21,Sundargarh,374,8000,8000,8000
2022-09-05,Capsicum,164,Odisha,21,Sundargarh,374,4000,4000,4000
2022-08-12,Capsicum,164,Odisha,21,Sundargarh,374,9000,9800,9500
2022-08-11,Capsicum,164,Odisha,21,Sundargarh,374,6500,7000,6800
2022-08-10,Capsicum,164,Odisha,21,Sundargarh,374,5500,6000,5800
2022-08-09,Capsicum,164,Odisha,21,Sundargarh,374,5500,6000,5800
2022-08-08,Capsicum,164,Odisha,21,Sundargarh,374,6750,7000,6900
2022-08-07,Capsicum,164,Odisha,21,Sundargarh,374,5500,6000,5800
2022-08-06,Capsicum,164,Odisha,21,Sundargarh,374,6750,7000,6900
2022-08-05,Capsicum,164,Odisha,21,Sundargarh,374,6750,7000,6900
2022-08-04,Capsicum,164,Odisha,21,Sundargarh,374,5500,6000,5800
2022-08-03,Capsicum,164,Odisha,21,Sundargarh,374,5500,6000,5800
2022-08-02,Capsicum,164,Odisha,21,Sundargarh,374,5500,6000,5800
2022-08-01,Capsicum,164,Odisha,21,Sundargarh,374,5500,6000,5800
2022-07-31,Capsicum,164,Odisha,21,Sundargarh,374,5500,6000,5800
2022-07-30,Capsicum,164,Odisha,21,Sundargarh,374,5500,6000,5800
2022-07-29,Capsicum,164,Odisha,21,Sundargarh,374,6750,7000,6900
2022-07-28,Capsicum,164,Odisha,21,Sundargarh,374,5500,6000,5800
2022-07-27,Capsicum,164,Odisha,21,Sundargarh,374,5500,6000,5800
2022-07-26,Capsicum,164,Odisha,21,Sundargarh,374,5500,6000,5800
2022-07-25,Capsicum,164,Odisha,21,Sundargarh,374,5500,6000,5800
2022-07-24,Capsicum,164,Odisha,21,Sundargarh,374,5500,6000,5800
2022-07-23,Capsicum,164,Odisha,21,Sundargarh,374,1500,2000,1800
2022-07-22,Capsicum,164,Odisha,21,Sundargarh,374,5500,6000,5800
2022-07-21,Capsicum,164,Odisha,21,Sundargarh,374,5500,6000,5800
2022-07-20,Capsicum,164,Odisha,21,Sundargarh,374,5500,6000,5800
2022-07-19,Capsicum,164,Odisha,21,Sundargarh,374,5500,6000,5800
2022-07-18,Capsicum,164,Odisha,21,Sundargarh,374,5750,6000,5900
2022-07-17,Capsicum,164,Odisha,21,Sundargarh,374,5500,6000,5800
2022-07-16,Capsicum,164,Odisha,21,Sundargarh,374,5500,6000,5800
2022-07-15,Capsicum,164,Odisha,21,Sundargarh,374,5500,6000,5800
2022-07-14,Capsicum,164,Odisha,21,Sundargarh,374,5000,6000,5500
2022-07-13,Capsicum,164,Odisha,21,Sundargarh,374,5500,6000,5800
2022-07-12,Capsicum,164,Odisha,21,Sundargarh,374,5500,6000,5800
2022-07-11,Capsicum,164,Odisha,21,Sundargarh,374,5000,6000,5500
2022-07-10,Capsicum,164,Odisha,21,Sundargarh,374,5500,6000,5800
2022-07-09,Capsicum,164,Odisha,21,Sundargarh,374,5500,6000,5800
2022-07-08,Capsicum,164,Odisha,21,Sundargarh,374,5500,6000,5800
2022-06-27,Capsicum,164,Odisha,21,Sundargarh,374,6000,8000,6000
2022-06-23,Capsicum,164,Odisha,21,Sundargarh,374,4000,6000,6000
2022-06-20,Capsicum,164,Odisha,21,Sundargarh,374,8000,9000,8800
2022-06-19,Capsicum,164,Odisha,21,Sundargarh,374,8000,9000,8800
2022-06-18,Capsicum,164,Odisha,21,Sundargarh,374,8000,9000,8800
2022-06-17,Capsicum,164,Odisha,21,Sundargarh,374,6000,6500,6400
2022-06-16,Capsicum,164,Odisha,21,Sundargarh,374,8000,9000,8800
2022-06-15,Capsicum,164,Odisha,21,Sundargarh,374,7000,7500,7250
2022-06-14,Capsicum,164,Odisha,21,Sundargarh,374,7500,8000,7800
2022-06-10,Capsicum,164,Odisha,21,Sundargarh,374,8000,9000,8800
2022-06-09,Capsicum,164,Odisha,21,Sundargarh,374,8000,9000,8800
2022-06-08,Capsicum,164,Odisha,21,Sundargarh,374,8000,9000,8800
2022-06-07,Capsicum,164,Odisha,21,Sundargarh,374,5750,6500,6400
2022-06-06,Capsicum,164,Odisha,21,Sundargarh,374,6500,7000,6800
2022-06-05,Capsicum,164,Odisha,21,Sundargarh,374,6500,7000,6800
2022-06-04,Capsicum,164,Odisha,21,Sundargarh,374,6500,7000,6800
2022-06-03,Capsicum,164,Odisha,21,Sundargarh,374,6000,7000,6500
2022-06-02,Capsicum,164,Odisha,21,Sundargarh,374,6000,7000,6500
2022-06-01,Capsicum,164,Odisha,21,Sundargarh,374,6500,7000,6800
2022-05-31,Capsicum,164,Odisha,21,Sundargarh,374,4750,6000,4900
2022-05-30,Capsicum,164,Odisha,21,Sundargarh,374,6500,7000,6800
2022-05-29,Capsicum,164,Odisha,21,Sundargarh,374,6050,6500,6350
2022-05-28,Capsicum,164,Odisha,21,Sundargarh,374,6500,7000,6800
2022-05-27,Capsicum,164,Odisha,21,Sundargarh,374,6500,7000,6800
2022-05-26,Capsicum,164,Odisha,21,Sundargarh,374,6500,7000,6800
2022-05-25,Capsicum,164,Odisha,21,Sundargarh,374,5550,6000,5850
2022-05-24,Capsicum,164,Odisha,21,Sundargarh,374,6500,7000,6800
2022-05-23,Capsicum,164,Odisha,21,Sundargarh,374,6500,7000,6800
2022-05-22,Capsicum,164,Odisha,21,Sundargarh,374,6500,7000,6800
2022-05-21,Capsicum,164,Odisha,21,Sundargarh,374,6500,7000,6800
2022-05-20,Capsicum,164,Odisha,21,Sundargarh,374,6500,7000,6800
2022-05-19,Capsicum,164,Odisha,21,Sundargarh,374,6500,7000,6800
2022-05-18,Capsicum,164,Odisha,21,Sundargarh,374,5500,6000,5800
2022-05-17,Capsicum,164,Odisha,21,Sundargarh,374,5500,6000,5800
2022-05-16,Capsicum,164,Odisha,21,Sundargarh,374,5500,6000,5800
2022-05-15,Capsicum,164,Odisha,21,Sundargarh,374,5500,6000,5800
2022-05-14,Capsicum,164,Odisha,21,Sundargarh,374,5500,6000,5800
2022-05-13,Capsicum,164,Odisha,21,Sundargarh,374,4750,5500,5400
2022-05-12,Capsicum,164,Odisha,21,Sundargarh,374,5500,6000,5800
2022-05-11,Capsicum,164,Odisha,21,Sundargarh,374,5500,6000,5800
2022-05-10,Capsicum,164,Odisha,21,Sundargarh,374,5500,6000,5800
2022-05-09,Capsicum,164,Odisha,21,Sundargarh,374,5500,6000,5800
2022-05-08,Capsicum,164,Odisha,21,Sundargarh,374,5500,6000,5750
2022-05-07,Capsicum,164,Odisha,21,Sundargarh,374,5500,6000,5800
2022-05-06,Capsicum,164,Odisha,21,Sundargarh,374,5500,6000,5800
2022-05-05,Capsicum,164,Odisha,21,Sundargarh,374,5000,6000,5500
2022-05-04,Capsicum,164,Odisha,21,Sundargarh,374,5000,6000,5500
2022-05-03,Capsicum,164,Odisha,21,Sundargarh,374,5500,6000,5800
2022-05-02,Capsicum,164,Odisha,21,Sundargarh,374,5500,6000,5800
2022-05-01,Capsicum,164,Odisha,21,Sundargarh,374,5500,6000,5800
2022-04-30,Capsicum,164,Odisha,21,Sundargarh,374,5500,6000,5800
2022-04-29,Capsicum,164,Odisha,21,Sundargarh,374,900,1000,980
2022-04-28,Capsicum,164,Odisha,21,Sundargarh,374,900,1000,980
2022-04-20,Capsicum,164,Odisha,21,Sundargarh,374,4000,4000,4000
2022-04-16,Capsicum,164,Odisha,21,Sundargarh,374,4000,5000,5000
2022-04-12,Capsicum,164,Odisha,21,Sundargarh,374,4000,5000,5000
2022-04-02,Capsicum,164,Odisha,21,Sundargarh,374,6000,6000,6000
2022-03-30,Capsicum,164,Odisha,21,Sundargarh,374,4000,4000,4000
2022-03-24,Capsicum,164,Odisha,21,Sundargarh,374,6000,6000,6000
2022-03-15,Capsicum,164,Odisha,21,Sundargarh,374,8000,8000,8000
2022-03-14,Capsicum,164,Odisha,21,Sundargarh,374,4000,5000,5000
2022-03-09,Capsicum,164,Odisha,21,Sundargarh,374,6000,6000,6000
2022-02-19,Capsicum,164,Odisha,21,Sundargarh,374,4000,4000,4000
2022-02-15,Capsicum,164,Odisha,21,Sundargarh,374,6000,6500,6250
2022-02-14,Capsicum,164,Odisha,21,Sundargarh,374,7000,8000,7500
2022-02-13,Capsicum,164,Odisha,21,Sundargarh,374,7000,8000,7500
2022-02-12,Capsicum,164,Odisha,21,Sundargarh,374,7000,8000,7500
2022-02-11,Capsicum,164,Odisha,21,Sundargarh,374,5000,6000,5500
2022-02-10,Capsicum,164,Odisha,21,Sundargarh,374,4500,5000,4750
2022-02-09,Capsicum,164,Odisha,21,Sundargarh,374,5000,6000,5500
2022-02-08,Capsicum,164,Odisha,21,Sundargarh,374,5500,6000,5800
2022-02-07,Capsicum,164,Odisha,21,Sundargarh,374,5500,6000,5800
2022-02-06,Capsicum,164,Odisha,21,Sundargarh,374,5500,6000,5800
2022-02-05,Capsicum,164,Odisha,21,Sundargarh,374,5500,6000,5800
2022-02-04,Capsicum,164,Odisha,21,Sundargarh,374,5500,6000,5800
2022-02-03,Capsicum,164,Odisha,21,Sundargarh,374,5000,6000,5500
2022-02-02,Capsicum,164,Odisha,21,Sundargarh,374,5500,6000,5800
2022-02-01,Capsicum,164,Odisha,21,Sundargarh,374,5500,6000,5800
2022-01-31,Capsicum,164,Odisha,21,Sundargarh,374,5500,6000,5800
2022-01-30,Capsicum,164,Odisha,21,Sundargarh,374,5500,6000,5800
2022-01-29,Capsicum,164,Odisha,21,Sundargarh,374,4750,5500,5400
2022-01-28,Capsicum,164,Odisha,21,Sundargarh,374,5500,6000,5800
2022-01-27,Capsicum,164,Odisha,21,Sundargarh,374,5500,6000,5800
2022-01-26,Capsicum,164,Odisha,21,Sundargarh,374,5500,6000,5800
2022-01-25,Capsicum,164,Odisha,21,Sundargarh,374,5500,6000,5800
2022-01-24,Capsicum,164,Odisha,21,Sundargarh,374,4000,5500,5250
2022-01-23,Capsicum,164,Odisha,21,Sundargarh,374,4000,5000,4500
2022-01-22,Capsicum,164,Odisha,21,Sundargarh,374,5000,6000,5500
2022-01-21,Capsicum,164,Odisha,21,Sundargarh,374,5000,6000,5500
2022-01-20,Capsicum,164,Odisha,21,Sundargarh,374,4500,5000,4800
2022-01-19,Capsicum,164,Odisha,21,Sundargarh,374,5500,6000,5800
2022-01-15,Capsicum,164,Odisha,21,Sundargarh,374,4000,4000,4000
2022-01-06,Capsicum,164,Odisha,21,Sundargarh,374,6750,7000,6900
2022-01-05,Capsicum,164,Odisha,21,Sundargarh,374,6500,7000,6800
2022-01-04,Capsicum,164,Odisha,21,Sundargarh,374,6000,6500,6250
2021-12-28,Capsicum,164,Odisha,21,Sundargarh,374,6000,6000,6000
2021-12-16,Capsicum,164,Odisha,21,Sundargarh,374,8000,8000,8000
2021-12-15,Capsicum,164,Odisha,21,Sundargarh,374,8000,8000,8000
2021-12-13,Capsicum,164,Odisha,21,Sundargarh,374,8000,8000,8000
2021-12-07,Capsicum,164,Odisha,21,Sundargarh,374,12000,12000,12000
2021-11-30,Capsicum,164,Odisha,21,Sundargarh,374,12000,12000,12000
2021-11-23,Capsicum,164,Odisha,21,Sundargarh,374,12000,12000,12000
2021-11-21,Capsicum,164,Odisha,21,Sundargarh,374,12000,12000,12000
2021-11-09,Capsicum,164,Odisha,21,Sundargarh,374,12000,12000,12000
2021-11-05,Capsicum,164,Odisha,21,Sundargarh,374,12000,12000,12000
2021-10-27,Capsicum,164,Odisha,21,Sundargarh,374,12000,12000,12000
2021-10-25,Capsicum,164,Odisha,21,Sundargarh,374,12000,12000,12000
2021-10-22,Capsicum,164,Odisha,21,Sundargarh,374,12000,12000,12000
2021-10-21,Capsicum,164,Odisha,21,Sundargarh,374,4000,4000,4000
2021-10-17,Capsicum,164,Odisha,21,Sundargarh,374,16000,16000,16000
2021-10-16,Capsicum,164,Odisha,21,Sundargarh,374,4000,4000,4000
2021-10-11,Capsicum,164,Odisha,21,Sundargarh,374,4000,4000,4000
2021-10-08,Capsicum,164,Odisha,21,Sundargarh,374,4000,4000,4000
2021-10-07,Capsicum,164,Odisha,21,Sundargarh,374,4000,4000,4000
2021-09-30,Capsicum,164,Odisha,21,Sundargarh,374,4000,4000,4000
2021-09-29,Capsicum,164,Odisha,21,Sundargarh,374,4000,4000,4000
2021-09-28,Capsicum,164,Odisha,21,Sundargarh,374,6000,8000,6000
2021-09-23,Capsicum,164,Odisha,21,Sundargarh,374,4000,5000,5000
2021-09-20,Capsicum,164,Odisha,21,Sundargarh,374,5300,5500,5450
2021-09-16,Capsicum,164,Odisha,21,Sundargarh,374,4000,5000,4000
2021-09-13,Capsicum,164,Odisha,21,Sundargarh,374,4000,4000,4000
2021-09-11,Capsicum,164,Odisha,21,Sundargarh,374,4000,6000,6000
2021-09-08,Capsicum,164,Odisha,21,Sundargarh,374,4000,5000,5000
2021-09-07,Capsicum,164,Odisha,21,Sundargarh,374,5000,6000,6000
2021-09-06,Capsicum,164,Odisha,21,Sundargarh,374,4000,5000,4000
2021-09-05,Capsicum,164,Odisha,21,Sundargarh,374,6000,6000,6000
2021-08-27,Capsicum,164,Odisha,21,Sundargarh,374,8000,8000,8000
2021-08-25,Capsicum,164,Odisha,21,Sundargarh,374,8000,10000,10000
2021-08-24,Capsicum,164,Odisha,21,Sundargarh,374,10000,10000,10000
2021-08-23,Capsicum,164,Odisha,21,Sundargarh,374,4000,4000,4000
2021-08-21,Capsicum,164,Odisha,21,Sundargarh,374,4000,5000,5000
2021-08-18,Capsicum,164,Odisha,21,Sundargarh,374,4000,4000,4000
2021-08-17,Capsicum,164,Odisha,21,Sundargarh,374,4000,5000,4000
2021-08-16,Capsicum,164,Odisha,21,Sundargarh,374,4000,4000,4000
2021-08-15,Capsicum,164,Odisha,21,Sundargarh,374,4000,6000,4000
2021-08-09,Capsicum,164,Odisha,21,Sundargarh,374,4000,4000,4000
2021-08-05,Capsicum,164,Odisha,21,Sundargarh,374,4000,4000,4000
2021-08-04,Capsicum,164,Odisha,21,Sundargarh,374,4000,4000,4000
2021-07-30,Capsicum,164,Odisha,21,Sundargarh,374,4000,4000,4000
2021-07-29,Capsicum,164,Odisha,21,Sundargarh,374,4000,6000,4000
2021-07-28,Capsicum,164,Odisha,21,Sundargarh,374,4000,6000,4000
2021-07-27,Capsicum,164,Odisha,21,Sundargarh,374,8000,8000,8000
2021-07-23,Capsicum,164,Odisha,21,Sundargarh,374,4000,4000,4000
2021-07-16,Capsicum,164,Odisha,21,Sundargarh,374,4000,5000,4000
2021-07-15,Capsicum,164,Odisha,21,Sundargarh,374,4000,5000,4000
2021-07-07,Capsicum,164,Odisha,21,Sundargarh,374,4000,4000,4000
2021-07-04,Capsicum,164,Odisha,21,Sundargarh,374,3600,4000,3900
2021-06-30,Capsicum,164,Odisha,21,Sundargarh,374,4000,4000,4000
2021-06-29,Capsicum,164,Odisha,21,Sundargarh,374,4000,4000,4000
2021-06-24,Capsicum,164,Odisha,21,Sundargarh,374,4000,4000,4000
2021-06-23,Capsicum,164,Odisha,21,Sundargarh,374,4000,4000,4000
2021-06-21,Capsicum,164,Odisha,21,Sundargarh,374,4000,5000,5000
2021-06-18,Capsicum,164,Odisha,21,Sundargarh,374,4000,4000,4000
2021-06-16,Capsicum,164,Odisha,21,Sundargarh,374,4000,4000,4000
2021-06-14,Capsicum,164,Odisha,21,Sundargarh,374,4000,4000,4000
2021-06-11,Capsicum,164,Odisha,21,Sundargarh,374,4000,5000,4500
2021-06-09,Capsicum,164,Odisha,21,Sundargarh,374,4000,4500,4250
2021-06-08,Capsicum,164,Odisha,21,Sundargarh,374,4000,5000,4500
2021-05-31,Capsicum,164,Odisha,21,Sundargarh,374,8000,8000,8000
2021-05-28,Capsicum,164,Odisha,21,Sundargarh,374,4000,5000,4500
2021-05-27,Capsicum,164,Odisha,21,Sundargarh,374,4000,5500,5250
2021-05-25,Capsicum,164,Odisha,21,Sundargarh,374,5000,6000,5500
2021-05-24,Capsicum,164,Odisha,21,Sundargarh,374,4500,5500,4750
2021-05-23,Capsicum,164,Odisha,21,Sundargarh,374,4000,4000,4000
2021-05-21,Capsicum,164,Odisha,21,Sundargarh,374,5000,6000,5500
2021-05-20,Capsicum,164,Odisha,21,Sundargarh,374,5000,6000,5500
2021-05-19,Capsicum,164,Odisha,21,Sundargarh,374,4500,5000,4750
2021-05-18,Capsicum,164,Odisha,21,Sundargarh,374,5000,6000,5500
2021-05-17,Capsicum,164,Odisha,21,Sundargarh,374,4500,5000,4750
2021-05-14,Capsicum,164,Odisha,21,Sundargarh,374,5000,6000,5500
2021-05-12,Capsicum,164,Odisha,21,Sundargarh,374,4500,5000,4750
2021-05-11,Capsicum,164,Odisha,21,Sundargarh,374,3000,4000,3500
2021-05-10,Capsicum,164,Odisha,21,Sundargarh,374,3500,4500,4250
2021-04-30,Capsicum,164,Odisha,21,Sundargarh,374,3000,4000,3500
2021-04-29,Capsicum,164,Odisha,21,Sundargarh,374,3000,4000,3500
2021-04-28,Capsicum,164,Odisha,21,Sundargarh,374,3500,4500,3750
2021-04-27,Capsicum,164,Odisha,21,Sundargarh,374,3500,4000,3750
2021-04-26,Capsicum,164,Odisha,21,Sundargarh,374,3000,4000,3500
2021-04-25,Capsicum,164,Odisha,21,Sundargarh,374,4000,5000,5000
2021-04-23,Capsicum,164,Odisha,21,Sundargarh,374,3500,4000,3750
2021-04-22,Capsicum,164,Odisha,21,Sundargarh,374,3000,4000,3500
2021-04-21,Capsicum,164,Odisha,21,Sundargarh,374,3500,4000,3750
2021-04-20,Capsicum,164,Odisha,21,Sundargarh,374,3500,4000,3800
2021-04-19,Capsicum,164,Odisha,21,Sundargarh,374,3500,4000,3800
2021-04-18,Capsicum,164,Odisha,21,Sundargarh,374,3500,4000,3800
2021-04-17,Capsicum,164,Odisha,21,Sundargarh,374,3500,4000,3800
2021-04-16,Capsicum,164,Odisha,21,Sundargarh,374,4000,5000,4500
2021-04-15,Capsicum,164,Odisha,21,Sundargarh,374,4000,5000,4500
2021-04-14,Capsicum,164,Odisha,21,Sundargarh,374,4000,4500,4250
2021-04-13,Capsicum,164,Odisha,21,Sundargarh,374,3000,4000,3500
2021-04-12,Capsicum,164,Odisha,21,Sundargarh,374,3000,4000,3500
2021-04-11,Capsicum,164,Odisha,21,Sundargarh,374,3500,4000,3750
2021-04-10,Capsicum,164,Odisha,21,Sundargarh,374,3500,4000,3800
2021-04-09,Capsicum,164,Odisha,21,Sundargarh,374,3500,4000,3750
2021-04-08,Capsicum,164,Odisha,21,Sundargarh,374,3000,4000,3500
2021-04-07,Capsicum,164,Odisha,21,Sundargarh,374,3000,4000,3500
2021-03-31,Capsicum,164,Odisha,21,Sundargarh,374,4000,4000,4000
2021-03-28,Capsicum,164,Odisha,21,Sundargarh,374,4000,4000,4000
2021-03-27,Capsicum,164,Odisha,21,Sundargarh,374,3750,4000,3900
2021-03-26,Capsicum,164,Odisha,21,Sundargarh,374,3000,4000,3500
2021-03-25,Capsicum,164,Odisha,21,Sundargarh,374,3000,4000,3500
2021-03-24,Capsicum,164,Odisha,21,Sundargarh,374,3000,4000,3500
2021-03-23,Capsicum,164,Odisha,21,Sundargarh,374,3500,4000,3800
2021-03-22,Capsicum,164,Odisha,21,Sundargarh,374,3750,4000,3900
2021-03-21,Capsicum,164,Odisha,21,Sundargarh,374,3500,4000,3800
2021-03-20,Capsicum,164,Odisha,21,Sundargarh,374,3500,4000,3800
2021-03-19,Capsicum,164,Odisha,21,Sundargarh,374,3500,4000,3800
2021-03-18,Capsicum,164,Odisha,21,Sundargarh,374,3250,3500,3400
2021-03-17,Capsicum,164,Odisha,21,Sundargarh,374,3750,4500,4400
2021-03-16,Capsicum,164,Odisha,21,Sundargarh,374,3500,4000,3800
2021-03-15,Capsicum,164,Odisha,21,Sundargarh,374,3750,4000,3900
2021-03-14,Capsicum,164,Odisha,21,Sundargarh,374,3500,4000,3800
2021-03-13,Capsicum,164,Odisha,21,Sundargarh,374,3500,4000,3800
2021-03-12,Capsicum,164,Odisha,21,Sundargarh,374,2400,2500,2450
2021-03-11,Capsicum,164,Odisha,21,Sundargarh,374,3500,4000,3800
2021-03-10,Capsicum,164,Odisha,21,Sundargarh,374,3750,4500,4400
2021-03-09,Capsicum,164,Odisha,21,Sundargarh,374,3500,4000,3750
2021-03-08,Capsicum,164,Odisha,21,Sundargarh,374,3500,4000,3750
2021-03-07,Capsicum,164,Odisha,21,Sundargarh,374,3500,4000,3750
2021-03-06,Capsicum,164,Odisha,21,Sundargarh,374,3000,4000,3500
2021-03-05,Capsicum,164,Odisha,21,Sundargarh,374,3000,4000,3500
2021-03-04,Capsicum,164,Odisha,21,Sundargarh,374,3000,4000,3500
2021-02-25,Capsicum,164,Odisha,21,Sundargarh,374,3000,4000,4000
2021-02-20,Capsicum,164,Odisha,21,Sundargarh,374,4000,4000,4000
2021-02-17,Capsicum,164,Odisha,21,Sundargarh,374,8000,8000,8000
2021-02-12,Capsicum,164,Odisha,21,Sundargarh,374,4000,4000,4000
2021-02-11,Capsicum,164,Odisha,21,Sundargarh,374,4000,4000,4000
2021-02-08,Capsicum,164,Odisha,21,Sundargarh,374,4000,4000,4000
2021-02-04,Capsicum,164,Odisha,21,Sundargarh,374,4000,4000,4000
2021-01-31,Capsicum,164,Odisha,21,Sundargarh,374,4000,5000,4000
2021-01-28,Capsicum,164,Odisha,21,Sundargarh,374,4000,4000,4000
2021-01-21,Capsicum,164,Odisha,21,Sundargarh,374,4000,4000,4000
2021-01-20,Capsicum,164,Odisha,21,Sundargarh,374,3000,3000,3000
2021-01-18,Capsicum,164,Odisha,21,Sundargarh,374,4000,4000,4000
2021-01-16,Capsicum,164,Odisha,21,Sundargarh,374,4000,4000,4000
2021-01-15,Capsicum,164,Odisha,21,Sundargarh,374,4000,4000,4000
2021-01-14,Capsicum,164,Odisha,21,Sundargarh,374,4000,4000,4000
2021-01-11,Capsicum,164,Odisha,21,Sundargarh,374,4000,4000,4000
2021-01-09,Capsicum,164,Odisha,21,Sundargarh,374,5000,6000,6000
2021-01-08,Capsicum,164,Odisha,21,Sundargarh,374,6000,6000,6000
2021-01-07,Capsicum,164,Odisha,21,Sundargarh,374,4000,5000,5000
2020-12-29,Capsicum,164,Odisha,21,Sundargarh,374,8000,8000,8000
2020-12-28,Capsicum,164,Odisha,21,Sundargarh,374,6000,6000,6000
2020-12-26,Capsicum,164,Odisha,21,Sundargarh,374,8000,8000,8000
2020-12-25,Capsicum,164,Odisha,21,Sundargarh,374,6000,6000,6000
2020-12-24,Capsicum,164,Odisha,21,Sundargarh,374,6000,6000,6000
2020-12-23,Capsicum,164,Odisha,21,Sundargarh,374,6000,6000,6000
2020-12-21,Capsicum,164,Odisha,21,Sundargarh,374,6000,6000,6000
2020-12-19,Capsicum,164,Odisha,21,Sundargarh,374,8000,8000,8000
2020-12-15,Capsicum,164,Odisha,21,Sundargarh,374,10000,10000,10000
2020-12-14,Capsicum,164,Odisha,21,Sundargarh,374,10000,10000,10000
2020-12-13,Capsicum,164,Odisha,21,Sundargarh,374,10000,10000,10000
2020-12-11,Capsicum,164,Odisha,21,Sundargarh,374,10000,12000,12000
2020-12-10,Capsicum,164,Odisha,21,Sundargarh,374,12000,12000,12000
2020-12-09,Capsicum,164,Odisha,21,Sundargarh,374,8000,8000,8000
2020-12-07,Capsicum,164,Odisha,21,Sundargarh,374,12000,12000,12000
2020-12-06,Capsicum,164,Odisha,21,Sundargarh,374,8000,8000,8000
2020-12-04,Capsicum,164,Odisha,21,Sundargarh,374,8000,8000,8000
2020-11-30,Capsicum,164,Odisha,21,Sundargarh,374,8000,10000,8000
2020-11-29,Capsicum,164,Odisha,21,Sundargarh,374,10000,10000,10000
2020-11-28,Capsicum,164,Odisha,21,Sundargarh,374,10000,12000,12000
2020-11-27,Capsicum,164,Odisha,21,Sundargarh,374,10000,12000,12000
2020-11-25,Capsicum,164,Odisha,21,Sundargarh,374,8000,10000,8000
2020-11-23,Capsicum,164,Odisha,21,Sundargarh,374,12000,12000,12000
2020-11-22,Capsicum,164,Odisha,21,Sundargarh,374,12000,12000,12000
2020-11-21,Capsicum,164,Odisha,21,Sundargarh,374,8000,8000,8000
2020-11-20,Capsicum,164,Odisha,21,Sundargarh,374,8000,8000,8000
2020-11-19,Capsicum,164,Odisha,21,Sundargarh,374,12000,12000,12000
2020-11-18,Capsicum,164,Odisha,21,Sundargarh,374,12000,12000,12000
2020-11-17,Capsicum,164,Odisha,21,Sundargarh,374,12000,12000,12000
2020-11-16,Capsicum,164,Odisha,21,Sundargarh,374,10000,12000,10000
2020-11-15,Capsicum,164,Odisha,21,Sundargarh,374,8000,8000,8000
2020-11-10,Capsicum,164,Odisha,21,Sundargarh,374,8000,8000,8000
2020-11-09,Capsicum,164,Odisha,21,Sundargarh,374,12000,12000,12000
2020-11-08,Capsicum,164,Odisha,21,Sundargarh,374,12000,12000,12000
2020-11-07,Capsicum,164,Odisha,21,Sundargarh,374,12000,12000,12000
2020-11-03,Capsicum,164,Odisha,21,Sundargarh,374,12000,12000,12000
2020-10-30,Capsicum,164,Odisha,21,Sundargarh,374,8000,12000,12000
2020-10-29,Capsicum,164,Odisha,21,Sundargarh,374,12000,12000,12000
2020-10-28,Capsicum,164,Odisha,21,Sundargarh,374,12000,12000,12000
2020-10-27,Capsicum,164,Odisha,21,Sundargarh,374,14000,14000,14000
2020-10-23,Capsicum,164,Odisha,21,Sundargarh,374,12000,12000,12000
2020-10-22,Capsicum,164,Odisha,21,Sundargarh,374,8000,8000,8000
2020-10-20,Capsicum,164,Odisha,21,Sundargarh,374,8000,8000,8000
2020-10-18,Capsicum,164,Odisha,21,Sundargarh,374,8000,8000,8000
2020-10-16,Capsicum,164,Odisha,21,Sundargarh,374,8000,8000,8000
2020-10-15,Capsicum,164,Odisha,21,Sundargarh,374,8000,10000,10000
2020-10-14,Capsicum,164,Odisha,21,Sundargarh,374,4000,4000,4000
2020-10-12,Capsicum,164,Odisha,21,Sundargarh,374,8000,8000,8000
2020-10-09,Capsicum,164,Odisha,21,Sundargarh,374,8000,8000,8000
2020-09-28,Capsicum,164,Odisha,21,Sundargarh,374,8000,10000,10000
2020-09-26,Capsicum,164,Odisha,21,Sundargarh,374,8000,8000,8000
2020-09-25,Capsicum,164,Odisha,21,Sundargarh,374,8000,8000,8000
2020-09-24,Capsicum,164,Odisha,21,Sundargarh,374,8000,8000,8000
2020-09-23,Capsicum,164,Odisha,21,Sundargarh,374,8000,8000,8000
2020-09-22,Capsicum,164,Odisha,21,Sundargarh,374,8000,10000,8000
2020-09-21,Capsicum,164,Odisha,21,Sundargarh,374,8000,8000,8000
2020-09-20,Capsicum,164,Odisha,21,Sundargarh,374,12000,12000,12000
2020-09-18,Capsicum,164,Odisha,21,Sundargarh,374,8000,12000,8000
2020-09-17,Capsicum,164,Odisha,21,Sundargarh,374,8000,12000,12000
2020-09-16,Capsicum,164,Odisha,21,Sundargarh,374,8000,12000,12000
2020-09-12,Capsicum,164,Odisha,21,Sundargarh,374,12000,12000,12000
2020-09-11,Capsicum,164,Odisha,21,Sundargarh,374,8000,8000,8000
2020-09-10,Capsicum,164,Odisha,21,Sundargarh,374,8000,12000,8000
2020-09-09,Capsicum,164,Odisha,21,Sundargarh,374,4000,4000,4000
2020-09-07,Capsicum,164,Odisha,21,Sundargarh,374,8000,8000,8000
2020-09-06,Capsicum,164,Odisha,21,Sundargarh,374,8000,8000,8000
2020-09-05,Capsicum,164,Odisha,21,Sundargarh,374,8000,8000,8000
2020-09-04,Capsicum,164,Odisha,21,Sundargarh,374,12000,12000,12000
2020-09-03,Capsicum,164,Odisha,21,Sundargarh,374,8000,8000,8000
2020-08-30,Capsicum,164,Odisha,21,Sundargarh,374,12000,12000,12000
2020-08-28,Capsicum,164,Odisha,21,Sundargarh,374,12000,12000,12000
2020-08-25,Capsicum,164,Odisha,21,Sundargarh,374,12000,12000,12000
2020-08-24,Capsicum,164,Odisha,21,Sundargarh,374,14000,14000,14000
2020-08-21,Capsicum,164,Odisha,21,Sundargarh,374,8000,12000,8000
2020-08-20,Capsicum,164,Odisha,21,Sundargarh,374,8000,12000,8000
2020-08-19,Capsicum,164,Odisha,21,Sundargarh,374,4000,4000,4000
2020-08-18,Capsicum,164,Odisha,21,Sundargarh,374,8000,8000,8000
2020-08-17,Capsicum,164,Odisha,21,Sundargarh,374,8000,8000,8000
2020-08-15,Capsicum,164,Odisha,21,Sundargarh,374,8000,8000,8000
2020-08-14,Capsicum,164,Odisha,21,Sundargarh,374,8000,8000,8000
2020-08-13,Capsicum,164,Odisha,21,Sundargarh,374,8000,8000,8000
2020-08-12,Capsicum,164,Odisha,21,Sundargarh,374,8000,12000,12000
2020-08-11,Capsicum,164,Odisha,21,Sundargarh,374,12000,12000,12000
2020-08-09,Capsicum,164,Odisha,21,Sundargarh,374,8000,8000,8000
2020-08-08,Capsicum,164,Odisha,21,Sundargarh,374,8000,8000,8000
2020-08-06,Capsicum,164,Odisha,21,Sundargarh,374,8000,12000,12000
2020-07-30,Capsicum,164,Odisha,21,Sundargarh,374,13000,13000,13000
2020-07-29,Capsicum,164,Odisha,21,Sundargarh,374,12000,12000,12000
2020-07-24,Capsicum,164,Odisha,21,Sundargarh,374,8000,8000,8000
2020-07-19,Capsicum,164,Odisha,21,Sundargarh,374,8000,8000,8000
2020-07-17,Capsicum,164,Odisha,21,Sundargarh,374,8000,8000,8000
2020-07-14,Capsicum,164,Odisha,21,Sundargarh,374,8000,8000,8000
2020-07-13,Capsicum,164,Odisha,21,Sundargarh,374,8300,8500,8450
2020-07-12,Capsicum,164,Odisha,21,Sundargarh,374,6000,6000,6000
2020-07-10,Capsicum,164,Odisha,21,Sundargarh,374,7600,8000,7900
2020-07-08,Capsicum,164,Odisha,21,Sundargarh,374,2600,3000,2900
2020-07-07,Capsicum,164,Odisha,21,Sundargarh,374,7600,8000,7900
2020-07-06,Capsicum,164,Odisha,21,Sundargarh,374,8000,8000,8000
2020-07-05,Capsicum,164,Odisha,21,Sundargarh,374,4600,5000,4900
2020-06-30,Capsicum,164,Odisha,21,Sundargarh,374,8000,8000,8000
2020-06-25,Capsicum,164,Odisha,21,Sundargarh,374,4600,5000,4800
2020-06-23,Capsicum,164,Odisha,21,Sundargarh,374,3200,3600,3500
2020-06-20,Capsicum,164,Odisha,21,Sundargarh,374,4000,4000,4000
2020-06-19,Capsicum,164,Odisha,21,Sundargarh,374,8000,8000,8000
2020-06-18,Capsicum,164,Odisha,21,Sundargarh,374,4000,4000,4000
2020-06-17,Capsicum,164,Odisha,21,Sundargarh,374,8000,8000,8000
2020-06-16,Capsicum,164,Odisha,21,Sundargarh,374,8000,8000,8000
2020-06-15,Capsicum,164,Odisha,21,Sundargarh,374,8000,8000,8000
2020-06-09,Capsicum,164,Odisha,21,Sundargarh,374,4000,6000,6000
2020-06-07,Capsicum,164,Odisha,21,Sundargarh,374,6000,6000,6000
2020-06-05,Capsicum,164,Odisha,21,Sundargarh,374,6000,6000,6000
2020-06-04,Capsicum,164,Odisha,21,Sundargarh,374,4000,6000,4000
2020-06-03,Capsicum,164,Odisha,21,Sundargarh,374,6000,6000,6000
2020-05-31,Capsicum,164,Odisha,21,Sundargarh,374,4000,4000,4000
2020-05-30,Capsicum,164,Odisha,21,Sundargarh,374,6000,8000,6000
2020-05-15,Capsicum,164,Odisha,21,Sundargarh,374,6000,6000,6000
2020-05-14,Capsicum,164,Odisha,21,Sundargarh,374,4000,4000,4000
2020-05-13,Capsicum,164,Odisha,21,Sundargarh,374,6000,6000,6000
2020-05-12,Capsicum,164,Odisha,21,Sundargarh,374,4000,4000,4000
2020-05-09,Capsicum,164,Odisha,21,Sundargarh,374,4100,4300,4250
2020-05-07,Capsicum,164,Odisha,21,Sundargarh,374,1200,1600,1500
2020-05-06,Capsicum,164,Odisha,21,Sundargarh,374,4100,5300,4250
2020-05-05,Capsicum,164,Odisha,21,Sundargarh,374,6000,8000,8000
2020-05-04,Capsicum,164,Odisha,21,Sundargarh,374,6000,8000,6000
2020-05-03,Capsicum,164,Odisha,21,Sundargarh,374,6000,8000,8000
2020-05-02,Capsicum,164,Odisha,21,Sundargarh,374,6000,8000,6000
2020-04-29,Capsicum,164,Odisha,21,Sundargarh,374,6000,6000,6000
2020-04-28,Capsicum,164,Odisha,21,Sundargarh,374,2050,2500,2350
2020-04-26,Capsicum,164,Odisha,21,Sundargarh,374,4000,4000,4000
2020-04-25,Capsicum,164,Odisha,21,Sundargarh,374,4000,4000,4000
2020-04-24,Capsicum,164,Odisha,21,Sundargarh,374,4000,4000,4000
2020-04-23,Capsicum,164,Odisha,21,Sundargarh,374,4000,4000,4000
2020-04-22,Capsicum,164,Odisha,21,Sundargarh,374,1500,2000,1800
2020-04-21,Capsicum,164,Odisha,21,Sundargarh,374,6000,6000,6000
2020-04-20,Capsicum,164,Odisha,21,Sundargarh,374,3600,3800,3750
2020-04-19,Capsicum,164,Odisha,21,Sundargarh,374,4000,6000,4000
2020-04-18,Capsicum,164,Odisha,21,Sundargarh,374,6000,6000,6000
2020-04-17,Capsicum,164,Odisha,21,Sundargarh,374,3000,3000,3000
2020-04-16,Capsicum,164,Odisha,21,Sundargarh,374,6000,6000,6000
2020-04-15,Capsicum,164,Odisha,21,Sundargarh,374,4000,6000,4000
2020-04-14,Capsicum,164,Odisha,21,Sundargarh,374,4000,6000,4000
2020-04-12,Capsicum,164,Odisha,21,Sundargarh,374,6000,6000,6000
2020-04-11,Capsicum,164,Odisha,21,Sundargarh,374,4000,6000,6000
2020-04-10,Capsicum,164,Odisha,21,Sundargarh,374,4000,4000,4000
2020-04-09,Capsicum,164,Odisha,21,Sundargarh,374,4000,6000,4000
2020-04-07,Capsicum,164,Odisha,21,Sundargarh,374,4000,6000,6000
2020-04-06,Capsicum,164,Odisha,21,Sundargarh,374,6000,6000,6000
2020-04-05,Capsicum,164,Odisha,21,Sundargarh,374,4000,4000,4000
2020-04-04,Capsicum,164,Odisha,21,Sundargarh,374,1600,2000,1900
2020-04-01,Capsicum,164,Odisha,21,Sundargarh,374,1600,2000,1900
2020-03-30,Capsicum,164,Odisha,21,Sundargarh,374,6000,6000,6000
2020-03-29,Capsicum,164,Odisha,21,Sundargarh,374,6000,6000,6000
2020-03-28,Capsicum,164,Odisha,21,Sundargarh,374,4000,4000,4000
2020-03-27,Capsicum,164,Odisha,21,Sundargarh,374,4000,4000,4000
2020-03-26,Capsicum,164,Odisha,21,Sundargarh,374,3100,4300,4250
2020-03-25,Capsicum,164,Odisha,21,Sundargarh,374,6000,6000,6000
2020-03-24,Capsicum,164,Odisha,21,Sundargarh,374,6000,6000,6000
2020-03-23,Capsicum,164,Odisha,21,Sundargarh,374,6000,6000,6000
2020-03-21,Capsicum,164,Odisha,21,Sundargarh,374,4000,4000,4000
2020-03-20,Capsicum,164,Odisha,21,Sundargarh,374,6000,6000,6000
2020-03-19,Capsicum,164,Odisha,21,Sundargarh,374,4000,4000,4000
2020-03-16,Capsicum,164,Odisha,21,Sundargarh,374,6000,6000,6000
2020-03-15,Capsicum,164,Odisha,21,Sundargarh,374,4500,5000,4750
2020-03-13,Capsicum,164,Odisha,21,Sundargarh,374,4000,4000,4000
2020-03-12,Capsicum,164,Odisha,21,Sundargarh,374,3000,3000,3000
2020-03-11,Capsicum,164,Odisha,21,Sundargarh,374,1600,2000,1900
2020-03-09,Capsicum,164,Odisha,21,Sundargarh,374,4000,4000,4000
2020-03-07,Capsicum,164,Odisha,21,Sundargarh,374,4000,4000,4000
2020-03-06,Capsicum,164,Odisha,21,Sundargarh,374,4000,4000,4000
2020-03-04,Capsicum,164,Odisha,21,Sundargarh,374,2500,3000,2800
2020-03-03,Capsicum,164,Odisha,21,Sundargarh,374,3300,3500,3450
2020-02-29,Capsicum,164,Odisha,21,Sundargarh,374,4000,4000,4000
2020-02-28,Capsicum,164,Odisha,21,Sundargarh,374,4000,4000,4000
2020-02-26,Capsicum,164,Odisha,21,Sundargarh,374,4000,4000,4000
2020-02-25,Capsicum,164,Odisha,21,Sundargarh,374,4000,4000,4000
2020-02-24,Capsicum,164,Odisha,21,Sundargarh,374,3300,3500,3450
2020-02-23,Capsicum,164,Odisha,21,Sundargarh,374,2700,3000,2900
2020-02-22,Capsicum,164,Odisha,21,Sundargarh,374,4000,4000,4000
2020-02-21,Capsicum,164,Odisha,21,Sundargarh,374,4000,4000,4000
2020-02-20,Capsicum,164,Odisha,21,Sundargarh,374,4000,4000,4000
2020-02-19,Capsicum,164,Odisha,21,Sundargarh,374,4000,4000,4000
2020-02-18,Capsicum,164,Odisha,21,Sundargarh,374,3500,3750,3600
2020-02-17,Capsicum,164,Odisha,21,Sundargarh,374,3750,4000,3900
2020-02-16,Capsicum,164,Odisha,21,Sundargarh,374,3750,4000,3900
2020-02-15,Capsicum,164,Odisha,21,Sundargarh,374,3000,4000,4000
2020-02-14,Capsicum,164,Odisha,21,Sundargarh,374,4000,4000,4000
2020-02-13,Capsicum,164,Odisha,21,Sundargarh,374,2750,3500,2900
2020-02-12,Capsicum,164,Odisha,21,Sundargarh,374,3250,3500,3400
2020-02-11,Capsicum,164,Odisha,21,Sundargarh,374,3000,4000,3000
2020-02-10,Capsicum,164,Odisha,21,Sundargarh,374,3250,4000,3900
2020-02-09,Capsicum,164,Odisha,21,Sundargarh,374,3750,4000,3900
2020-02-08,Capsicum,164,Odisha,21,Sundargarh,374,3000,4000,4000
2020-02-05,Capsicum,164,Odisha,21,Sundargarh,374,4000,5000,4000
2020-02-04,Capsicum,164,Odisha,21,Sundargarh,374,4000,5000,5000
2020-01-31,Capsicum,164,Odisha,21,Sundargarh,374,4000,6000,4000
2020-01-30,Capsicum,164,Odisha,21,Sundargarh,374,4000,6000,4000
2020-01-29,Capsicum,164,Odisha,21,Sundargarh,374,3500,4000,3750
2020-01-28,Capsicum,164,Odisha,21,Sundargarh,374,6000,6000,6000
2020-01-27,Capsicum,164,Odisha,21,Sundargarh,374,6000,8000,6000
2020-01-26,Capsicum,164,Odisha,21,Sundargarh,374,6000,6000,6000
2020-01-24,Capsicum,164,Odisha,21,Sundargarh,374,6000,6000,6000
2020-01-23,Capsicum,164,Odisha,21,Sundargarh,374,4000,4000,4000
2020-01-19,Capsicum,164,Odisha,21,Sundargarh,374,8000,8000,8000
2020-01-18,Capsicum,164,Odisha,21,Sundargarh,374,6000,8000,8000
2020-01-17,Capsicum,164,Odisha,21,Sundargarh,374,8000,8000,8000
2020-01-16,Capsicum,164,Odisha,21,Sundargarh,374,6000,6000,6000
2020-01-14,Capsicum,164,Odisha,21,Sundargarh,374,6000,8000,8000
2020-01-13,Capsicum,164,Odisha,21,Sundargarh,374,6000,8000,6000
2020-01-12,Capsicum,164,Odisha,21,Sundargarh,374,4500,6000,4750
2020-01-10,Capsicum,164,Odisha,21,Sundargarh,374,8000,8000,8000
2020-01-09,Capsicum,164,Odisha,21,Sundargarh,374,6000,8000,6000
2020-01-08,Capsicum,164,Odisha,21,Sundargarh,374,4750,5000,4900
2020-01-07,Capsicum,164,Odisha,21,Sundargarh,374,4000,6000,4000
2020-01-06,Capsicum,164,Odisha,21,Sundargarh,374,6000,6000,6000
2020-01-05,Capsicum,164,Odisha,21,Sundargarh,374,3500,4000,3800
2020-01-04,Capsicum,164,Odisha,21,Sundargarh,374,3100,4300,3250
2020-01-03,Capsicum,164,Odisha,21,Sundargarh,374,4000,4000,4000
2019-12-31,Capsicum,164,Odisha,21,Sundargarh,374,8000,8000,8000
2019-12-29,Capsicum,164,Odisha,21,Sundargarh,374,3750,4000,3900
2019-12-28,Capsicum,164,Odisha,21,Sundargarh,374,8000,8000,8000
2019-12-26,Capsicum,164,Odisha,21,Sundargarh,374,8000,8000,8000
2019-12-25,Capsicum,164,Odisha,21,Sundargarh,374,8000,8000,8000
2019-12-23,Capsicum,164,Odisha,21,Sundargarh,374,5750,6000,5900
2019-12-22,Capsicum,164,Odisha,21,Sundargarh,374,3500,4000,3800
2019-12-21,Capsicum,164,Odisha,21,Sundargarh,374,4750,6000,5900
2019-12-20,Capsicum,164,Odisha,21,Sundargarh,374,4750,5000,4900
2019-12-19,Capsicum,164,Odisha,21,Sundargarh,374,5750,6000,5900
2019-12-18,Capsicum,164,Odisha,21,Sundargarh,374,5750,6000,5900
2019-12-17,Capsicum,164,Odisha,21,Sundargarh,374,8000,8000,8000
2019-12-15,Capsicum,164,Odisha,21,Sundargarh,374,8000,8000,8000
2019-12-14,Capsicum,164,Odisha,21,Sundargarh,374,3000,4000,3500
2019-12-13,Capsicum,164,Odisha,21,Sundargarh,374,8000,8000,8000
2019-12-12,Capsicum,164,Odisha,21,Sundargarh,374,8000,8000,8000
2019-12-11,Capsicum,164,Odisha,21,Sundargarh,374,8000,8000,8000
2019-12-10,Capsicum,164,Odisha,21,Sundargarh,374,1000,2000,1000
2019-12-09,Capsicum,164,Odisha,21,Sundargarh,374,8000,8000,8000
2019-12-08,Capsicum,164,Odisha,21,Sundargarh,374,8000,8000,8000
2019-12-07,Capsicum,164,Odisha,21,Sundargarh,374,8000,8000,8000
2019-12-06,Capsicum,164,Odisha,21,Sundargarh,374,8000,8000,8000
2019-12-05,Capsicum,164,Odisha,21,Sundargarh,374,8000,8000,8000
2019-12-04,Capsicum,164,Odisha,21,Sundargarh,374,8000,8000,8000
2019-12-03,Capsicum,164,Odisha,21,Sundargarh,374,8000,8000,8000
2019-12-02,Capsicum,164,Odisha,21,Sundargarh,374,8000,8000,8000
2019-11-30,Capsicum,164,Odisha,21,Sundargarh,374,8000,8000,8000
2019-11-29,Capsicum,164,Odisha,21,Sundargarh,374,8000,8000,8000
2019-11-28,Capsicum,164,Odisha,21,Sundargarh,374,8000,8000,8000
2019-11-27,Capsicum,164,Odisha,21,Sundargarh,374,8000,8000,8000
2019-11-25,Capsicum,164,Odisha,21,Sundargarh,374,12000,12000,12000
2019-11-24,Capsicum,164,Odisha,21,Sundargarh,374,12000,12000,12000
2019-11-23,Capsicum,164,Odisha,21,Sundargarh,374,12000,12000,12000
2019-11-22,Capsicum,164,Odisha,21,Sundargarh,374,12000,12000,12000
2019-11-21,Capsicum,164,Odisha,21,Sundargarh,374,12000,12000,12000
2019-11-20,Capsicum,164,Odisha,21,Sundargarh,374,12000,12000,12000
2019-11-19,Capsicum,164,Odisha,21,Sundargarh,374,12000,12000,12000
2019-11-17,Capsicum,164,Odisha,21,Sundargarh,374,12000,12000,12000
2019-11-16,Capsicum,164,Odisha,21,Sundargarh,374,12000,12000,12000
2019-11-15,Capsicum,164,Odisha,21,Sundargarh,374,12000,12000,12000
2019-11-14,Capsicum,164,Odisha,21,Sundargarh,374,12000,12000,12000
2019-11-13,Capsicum,164,Odisha,21,Sundargarh,374,12000,12000,12000
2019-11-12,Capsicum,164,Odisha,21,Sundargarh,374,12000,12000,12000
2019-11-11,Capsicum,164,Odisha,21,Sundargarh,374,12000,12000,12000
2019-11-10,Capsicum,164,Odisha,21,Sundargarh,374,12000,12000,12000
2019-11-09,Capsicum,164,Odisha,21,Sundargarh,374,12000,12000,12000
2019-11-08,Capsicum,164,Odisha,21,Sundargarh,374,12000,12000,12000
2019-11-07,Capsicum,164,Odisha,21,Sundargarh,374,12000,12000,12000
2019-11-06,Capsicum,164,Odisha,21,Sundargarh,374,12000,14000,12000
2019-11-05,Capsicum,164,Odisha,21,Sundargarh,374,8000,8000,8000
2019-11-04,Capsicum,164,Odisha,21,Sundargarh,374,12000,12000,12000
2019-11-02,Capsicum,164,Odisha,21,Sundargarh,374,12000,12000,12000
2019-11-01,Capsicum,164,Odisha,21,Sundargarh,374,12000,12000,12000
2019-10-31,Capsicum,164,Odisha,21,Sundargarh,374,12000,12000,12000
2019-10-30,Capsicum,164,Odisha,21,Sundargarh,374,12000,12000,12000
2019-10-28,Capsicum,164,Odisha,21,Sundargarh,374,12000,12000,12000
2019-10-26,Capsicum,164,Odisha,21,Sundargarh,374,12000,12000,12000
2019-10-25,Capsicum,164,Odisha,21,Sundargarh,374,12000,12000,12000
2019-10-24,Capsicum,164,Odisha,21,Sundargarh,374,12000,12000,12000
2019-10-23,Capsicum,164,Odisha,21,Sundargarh,374,12000,12000,12000
2019-10-22,Capsicum,164,Odisha,21,Sundargarh,374,12000,12000,12000
2019-10-21,Capsicum,164,Odisha,21,Sundargarh,374,12000,12000,12000
2019-10-20,Capsicum,164,Odisha,21,Sundargarh,374,14000,14000,14000
2019-10-19,Capsicum,164,Odisha,21,Sundargarh,374,12000,12000,12000
2019-10-18,Capsicum,164,Odisha,21,Sundargarh,374,12000,12000,12000
2019-10-17,Capsicum,164,Odisha,21,Sundargarh,374,12000,12000,12000
2019-10-16,Capsicum,164,Odisha,21,Sundargarh,374,12000,12000,12000
2019-10-15,Capsicum,164,Odisha,21,Sundargarh,374,12000,12000,12000
2019-10-14,Capsicum,164,Odisha,21,Sundargarh,374,12000,12000,12000
2019-10-13,Capsicum,164,Odisha,21,Sundargarh,374,12000,12000,12000
2019-10-11,Capsicum,164,Odisha,21,Sundargarh,374,12000,12000,12000
2019-10-10,Capsicum,164,Odisha,21,Sundargarh,374,12000,12000,12000
2019-10-09,Capsicum,164,Odisha,21,Sundargarh,374,12000,12000,12000
2019-10-08,Capsicum,164,Odisha,21,Sundargarh,374,12000,12000,12000
2019-10-06,Capsicum,164,Odisha,21,Sundargarh,374,12000,12000,12000
2019-10-05,Capsicum,164,Odisha,21,Sundargarh,374,12000,12000,12000
2019-10-04,Capsicum,164,Odisha,21,Sundargarh,374,12000,12000,12000
2019-10-03,Capsicum,164,Odisha,21,Sundargarh,374,12000,12000,12000
2019-10-02,Capsicum,164,Odisha,21,Sundargarh,374,12000,12000,12000
2019-10-01,Capsicum,164,Odisha,21,Sundargarh,374,12000,12000,12000
2019-09-30,Capsicum,164,Odisha,21,Sundargarh,374,12000,12000,12000
2019-09-29,Capsicum,164,Odisha,21,Sundargarh,374,12000,12000,12000
2019-09-28,Capsicum,164,Odisha,21,Sundargarh,374,12000,12000,12000
2019-09-27,Capsicum,164,Odisha,21,Sundargarh,374,12000,12000,12000
2019-09-25,Capsicum,164,Odisha,21,Sundargarh,374,12000,12000,12000
2019-09-24,Capsicum,164,Odisha,21,Sundargarh,374,12000,12000,12000
2019-09-23,Capsicum,164,Odisha,21,Sundargarh,374,12000,12000,12000
2019-09-22,Capsicum,164,Odisha,21,Sundargarh,374,12000,12000,12000
2019-09-21,Capsicum,164,Odisha,21,Sundargarh,374,12000,12000,12000
2019-09-19,Capsicum,164,Odisha,21,Sundargarh,374,12000,12000,12000
2019-09-18,Capsicum,164,Odisha,21,Sundargarh,374,12000,12000,12000
2019-09-17,Capsicum,164,Odisha,21,Sundargarh,374,12000,12000,12000
2019-09-16,Capsicum,164,Odisha,21,Sundargarh,374,12000,12000,12000
2019-09-15,Capsicum,164,Odisha,21,Sundargarh,374,12000,12000,12000
2019-09-14,Capsicum,164,Odisha,21,Sundargarh,374,7300,7500,7450
2019-09-13,Capsicum,164,Odisha,21,Sundargarh,374,12000,12000,12000
2019-09-12,Capsicum,164,Odisha,21,Sundargarh,374,12000,12000,12000
2019-09-11,Capsicum,164,Odisha,21,Sundargarh,374,12000,12000,12000
2019-09-10,Capsicum,164,Odisha,21,Sundargarh,374,12000,12000,12000
2019-09-09,Capsicum,164,Odisha,21,Sundargarh,374,12000,12000,12000
2019-09-07,Capsicum,164,Odisha,21,Sundargarh,374,12000,12000,12000
2019-09-06,Capsicum,164,Odisha,21,Sundargarh,374,12000,12000,12000
2019-09-05,Capsicum,164,Odisha,21,Sundargarh,374,12000,12000,12000
2019-09-04,Capsicum,164,Odisha,21,Sundargarh,374,12000,12000,12000
2019-09-02,Capsicum,164,Odisha,21,Sundargarh,374,8000,8000,8000
2019-09-01,Capsicum,164,Odisha,21,Sundargarh,374,14000,14000,14000
2019-08-31,Capsicum,164,Odisha,21,Sundargarh,374,12000,12000,12000
2019-08-30,Capsicum,164,Odisha,21,Sundargarh,374,12000,12000,12000
2019-08-29,Capsicum,164,Odisha,21,Sundargarh,374,8000,8000,8000
2019-08-28,Capsicum,164,Odisha,21,Sundargarh,374,12000,12000,12000
2019-08-27,Capsicum,164,Odisha,21,Sundargarh,374,12000,12000,12000
2019-08-26,Capsicum,164,Odisha,21,Sundargarh,374,12000,12000,12000
2019-08-25,Capsicum,164,Odisha,21,Sundargarh,374,12000,12000,12000
2019-08-24,Capsicum,164,Odisha,21,Sundargarh,374,12000,12000,12000
2019-08-23,Capsicum,164,Odisha,21,Sundargarh,374,12000,12000,12000
2019-08-22,Capsicum,164,Odisha,21,Sundargarh,374,12000,12000,12000
2019-08-21,Capsicum,164,Odisha,21,Sundargarh,374,12000,12000,12000
2019-08-20,Capsicum,164,Odisha,21,Sundargarh,374,12000,12000,12000
2019-08-19,Capsicum,164,Odisha,21,Sundargarh,374,12000,12000,12000
2019-08-18,Capsicum,164,Odisha,21,Sundargarh,374,12000,12000,12000
2019-08-17,Capsicum,164,Odisha,21,Sundargarh,374,12000,12000,12000
2019-08-16,Capsicum,164,Odisha,21,Sundargarh,374,12000,12000,12000
2019-08-14,Capsicum,164,Odisha,21,Sundargarh,374,12000,12000,12000
2019-08-13,Capsicum,164,Odisha,21,Sundargarh,374,10000,12000,12000
2019-08-12,Capsicum,164,Odisha,21,Sundargarh,374,8000,12000,12000
2019-08-10,Capsicum,164,Odisha,21,Sundargarh,374,12000,12000,12000
2019-08-09,Capsicum,164,Odisha,21,Sundargarh,374,12000,12000,12000
2019-08-08,Capsicum,164,Odisha,21,Sundargarh,374,4000,4000,4000
2019-08-07,Capsicum,164,Odisha,21,Sundargarh,374,12000,12000,12000
2019-08-06,Capsicum,164,Odisha,21,Sundargarh,374,12000,12000,12000
2019-08-05,Capsicum,164,Odisha,21,Sundargarh,374,12000,12000,12000
2019-08-03,Capsicum,164,Odisha,21,Sundargarh,374,10000,12000,12000
2019-08-02,Capsicum,164,Odisha,21,Sundargarh,374,12000,12000,12000
2019-08-01,Capsicum,164,Odisha,21,Sundargarh,374,12000,12000,12000
2019-07-31,Capsicum,164,Odisha,21,Sundargarh,374,12000,12000,12000
2019-07-30,Capsicum,164,Odisha,21,Sundargarh,374,12000,12000,12000
2019-07-29,Capsicum,164,Odisha,21,Sundargarh,374,12000,12000,12000
2019-07-28,Capsicum,164,Odisha,21,Sundargarh,374,12000,12000,12000
2019-07-27,Capsicum,164,Odisha,21,Sundargarh,374,12000,12000,12000
2019-07-26,Capsicum,164,Odisha,21,Sundargarh,374,12000,12000,12000
2019-07-24,Capsicum,164,Odisha,21,Sundargarh,374,12000,12000,12000
2019-07-23,Capsicum,164,Odisha,21,Sundargarh,374,12000,12000,12000
2019-07-22,Capsicum,164,Odisha,21,Sundargarh,374,12000,12000,12000
2019-07-21,Capsicum,164,Odisha,21,Sundargarh,374,12000,12000,12000
2019-07-20,Capsicum,164,Odisha,21,Sundargarh,374,12000,12000,12000
2019-07-19,Capsicum,164,Odisha,21,Sundargarh,374,12000,12000,12000
2019-07-18,Capsicum,164,Odisha,21,Sundargarh,374,4000,4000,4000
2019-07-17,Capsicum,164,Odisha,21,Sundargarh,374,12000,12000,12000
2019-07-16,Capsicum,164,Odisha,21,Sundargarh,374,12000,12000,12000
2019-07-15,Capsicum,164,Odisha,21,Sundargarh,374,12000,12000,12000
2019-07-13,Capsicum,164,Odisha,21,Sundargarh,374,4000,4000,4000
2019-07-12,Capsicum,164,Odisha,21,Sundargarh,374,12000,12000,12000
2019-07-11,Capsicum,164,Odisha,21,Sundargarh,374,12000,12000,12000
2019-07-10,Capsicum,164,Odisha,21,Sundargarh,374,12000,12000,12000
2019-07-09,Capsicum,164,Odisha,21,Sundargarh,374,12000,12000,12000
2019-07-08,Capsicum,164,Odisha,21,Sundargarh,374,12000,12000,12000
2019-07-06,Capsicum,164,Odisha,21,Sundargarh,374,12000,12000,12000
2019-07-05,Capsicum,164,Odisha,21,Sundargarh,374,12000,12000,12000
2019-07-04,Capsicum,164,Odisha,21,Sundargarh,374,12000,12000,12000
2019-07-03,Capsicum,164,Odisha,21,Sundargarh,374,12000,12000,12000
2019-07-02,Capsicum,164,Odisha,21,Sundargarh,374,12000,12000,12000
2019-07-01,Capsicum,164,Odisha,21,Sundargarh,374,8000,8000,8000
2019-06-30,Capsicum,164,Odisha,21,Sundargarh,374,8000,12000,12000
2019-06-29,Capsicum,164,Odisha,21,Sundargarh,374,8100,9300,9250
2019-06-28,Capsicum,164,Odisha,21,Sundargarh,374,12000,12000,12000
2019-06-26,Capsicum,164,Odisha,21,Sundargarh,374,8000,8000,8000
2019-06-25,Capsicum,164,Odisha,21,Sundargarh,374,5000,8000,5000
2019-06-24,Capsicum,164,Odisha,21,Sundargarh,374,8000,8000,8000
2019-06-23,Capsicum,164,Odisha,21,Sundargarh,374,12000,12000,12000
2019-06-22,Capsicum,164,Odisha,21,Sundargarh,374,12000,12000,12000
2019-06-21,Capsicum,164,Odisha,21,Sundargarh,374,12000,12000,12000
2019-06-20,Capsicum,164,Odisha,21,Sundargarh,374,8000,8000,8000
2019-06-19,Capsicum,164,Odisha,21,Sundargarh,374,12000,12000,12000
2019-06-18,Capsicum,164,Odisha,21,Sundargarh,374,12000,12000,12000
2019-06-17,Capsicum,164,Odisha,21,Sundargarh,374,8000,8000,8000
2019-06-16,Capsicum,164,Odisha,21,Sundargarh,374,4000,4000,4000
2019-06-14,Capsicum,164,Odisha,21,Sundargarh,374,12000,12000,12000
2019-06-13,Capsicum,164,Odisha,21,Sundargarh,374,12000,12000,12000
2019-06-12,Capsicum,164,Odisha,21,Sundargarh,374,12000,12000,12000
2019-06-11,Capsicum,164,Odisha,21,Sundargarh,374,4000,4000,4000
2019-06-10,Capsicum,164,Odisha,21,Sundargarh,374,12000,12000,12000
2019-06-09,Capsicum,164,Odisha,21,Sundargarh,374,12000,12000,12000
2019-06-08,Capsicum,164,Odisha,21,Sundargarh,374,4000,4000,4000
2019-06-07,Capsicum,164,Odisha,21,Sundargarh,374,12000,12000,12000
2019-06-06,Capsicum,164,Odisha,21,Sundargarh,374,12000,12000,12000
2019-06-05,Capsicum,164,Odisha,21,Sundargarh,374,4000,4000,4000
2019-06-04,Capsicum,164,Odisha,21,Sundargarh,374,4000,4000,4000
2019-06-03,Capsicum,164,Odisha,21,Sundargarh,374,4000,4000,4000
2019-06-02,Capsicum,164,Odisha,21,Sundargarh,374,4000,4000,4000
2019-06-01,Capsicum,164,Odisha,21,Sundargarh,374,4000,4000,4000
2019-05-31,Capsicum,164,Odisha,21,Sundargarh,374,4000,4000,4000
2019-05-30,Capsicum,164,Odisha,21,Sundargarh,374,4000,4000,4000
2019-05-28,Capsicum,164,Odisha,21,Sundargarh,374,4000,4000,4000
2019-05-27,Capsicum,164,Odisha,21,Sundargarh,374,4000,4000,4000
2019-05-26,Capsicum,164,Odisha,21,Sundargarh,374,4000,4000,4000
2019-05-25,Capsicum,164,Odisha,21,Sundargarh,374,4000,4000,4000
2019-05-24,Capsicum,164,Odisha,21,Sundargarh,374,4000,4000,4000
2019-05-23,Capsicum,164,Odisha,21,Sundargarh,374,4000,4000,4000
2019-05-22,Capsicum,164,Odisha,21,Sundargarh,374,4000,4000,4000
2019-05-20,Capsicum,164,Odisha,21,Sundargarh,374,4000,4000,4000
2019-05-19,Capsicum,164,Odisha,21,Sundargarh,374,4000,4000,4000
2019-05-18,Capsicum,164,Odisha,21,Sundargarh,374,4000,4000,4000
2019-05-17,Capsicum,164,Odisha,21,Sundargarh,374,4000,4000,4000
2019-05-16,Capsicum,164,Odisha,21,Sundargarh,374,4000,4000,4000
2019-05-15,Capsicum,164,Odisha,21,Sundargarh,374,4000,4000,4000
2019-05-14,Capsicum,164,Odisha,21,Sundargarh,374,4000,4000,4000
2019-05-13,Capsicum,164,Odisha,21,Sundargarh,374,4000,4000,4000
2019-05-12,Capsicum,164,Odisha,21,Sundargarh,374,4000,4000,4000
2019-05-11,Capsicum,164,Odisha,21,Sundargarh,374,4000,4000,4000
2019-05-10,Capsicum,164,Odisha,21,Sundargarh,374,4000,4000,4000
2019-05-09,Capsicum,164,Odisha,21,Sundargarh,374,4000,4000,4000
2019-05-08,Capsicum,164,Odisha,21,Sundargarh,374,4000,4000,4000
2019-05-07,Capsicum,164,Odisha,21,Sundargarh,374,4000,4000,4000
2019-05-06,Capsicum,164,Odisha,21,Sundargarh,374,4000,4000,4000
2019-05-05,Capsicum,164,Odisha,21,Sundargarh,374,4000,4000,4000
2019-05-04,Capsicum,164,Odisha,21,Sundargarh,374,4000,4000,4000
2019-05-03,Capsicum,164,Odisha,21,Sundargarh,374,4000,4000,4000
2019-05-02,Capsicum,164,Odisha,21,Sundargarh,374,4000,4000,4000
2019-05-01,Capsicum,164,Odisha,21,Sundargarh,374,4000,4000,4000
2019-04-30,Capsicum,164,Odisha,21,Sundargarh,374,4000,4000,4000
2019-04-29,Capsicum,164,Odisha,21,Sundargarh,374,4000,4000,4000
2019-04-28,Capsicum,164,Odisha,21,Sundargarh,374,4000,4000,4000
2019-04-27,Capsicum,164,Odisha,21,Sundargarh,374,4000,4000,4000
2019-04-26,Capsicum,164,Odisha,21,Sundargarh,374,4000,4000,4000
2019-04-25,Capsicum,164,Odisha,21,Sundargarh,374,4000,4000,4000
2019-04-24,Capsicum,164,Odisha,21,Sundargarh,374,4000,4000,4000
2019-04-23,Capsicum,164,Odisha,21,Sundargarh,374,3100,3300,3250
2019-04-22,Capsicum,164,Odisha,21,Sundargarh,374,4000,4000,4000
2019-04-21,Capsicum,164,Odisha,21,Sundargarh,374,4000,4000,4000
2019-04-20,Capsicum,164,Odisha,21,Sundargarh,374,4000,4000,4000
2019-04-19,Capsicum,164,Odisha,21,Sundargarh,374,4000,4000,4000
2019-04-16,Capsicum,164,Odisha,21,Sundargarh,374,4000,4000,4000
2019-04-15,Capsicum,164,Odisha,21,Sundargarh,374,4000,4000,4000
2019-04-14,Capsicum,164,Odisha,21,Sundargarh,374,4000,4000,4000
2019-04-13,Capsicum,164,Odisha,21,Sundargarh,374,3100,3300,3250
2019-04-12,Capsicum,164,Odisha,21,Sundargarh,374,4000,4000,4000
2019-04-10,Capsicum,164,Odisha,21,Sundargarh,374,4000,4000,4000
2019-04-09,Capsicum,164,Odisha,21,Sundargarh,374,4000,4000,4000
2019-04-08,Capsicum,164,Odisha,21,Sundargarh,374,4000,4000,4000
2019-04-07,Capsicum,164,Odisha,21,Sundargarh,374,4000,4000,4000
2019-04-06,Capsicum,164,Odisha,21,Sundargarh,374,4000,4000,4000
2019-04-05,Capsicum,164,Odisha,21,Sundargarh,374,4000,4000,4000
2019-04-04,Capsicum,164,Odisha,21,Sundargarh,374,4000,4000,4000
2019-04-03,Capsicum,164,Odisha,21,Sundargarh,374,4000,4000,4000
2019-04-02,Capsicum,164,Odisha,21,Sundargarh,374,4000,4000,4000
2019-04-01,Capsicum,164,Odisha,21,Sundargarh,374,4000,4000,4000
2019-03-31,Capsicum,164,Odisha,21,Sundargarh,374,4000,4000,4000
2019-03-30,Capsicum,164,Odisha,21,Sundargarh,374,4000,4000,4000
2019-03-29,Capsicum,164,Odisha,21,Sundargarh,374,4000,4000,4000
2019-03-28,Capsicum,164,Odisha,21,Sundargarh,374,4000,4000,4000
2019-03-27,Capsicum,164,Odisha,21,Sundargarh,374,4000,4000,4000
2019-03-26,Capsicum,164,Odisha,21,Sundargarh,374,4000,4000,4000
2019-03-25,Capsicum,164,Odisha,21,Sundargarh,374,4000,4000,4000
2019-03-23,Capsicum,164,Odisha,21,Sundargarh,374,4000,4000,4000
2019-03-22,Capsicum,164,Odisha,21,Sundargarh,374,4000,4000,4000
2019-03-21,Capsicum,164,Odisha,21,Sundargarh,374,4000,4000,4000
2019-03-20,Capsicum,164,Odisha,21,Sundargarh,374,4000,4000,4000
2019-03-19,Capsicum,164,Odisha,21,Sundargarh,374,4000,4000,4000
2019-03-18,Capsicum,164,Odisha,21,Sundargarh,374,4000,4000,4000
2019-03-17,Capsicum,164,Odisha,21,Sundargarh,374,4000,4000,4000
2019-03-16,Capsicum,164,Odisha,21,Sundargarh,374,4000,4000,4000
2019-03-15,Capsicum,164,Odisha,21,Sundargarh,374,4000,4000,4000
2019-03-14,Capsicum,164,Odisha,21,Sundargarh,374,4000,4000,4000
2019-03-13,Capsicum,164,Odisha,21,Sundargarh,374,4000,4000,4000
2019-03-12,Capsicum,164,Odisha,21,Sundargarh,374,4000,4000,4000
2019-03-11,Capsicum,164,Odisha,21,Sundargarh,374,4000,4000,4000
2019-03-10,Capsicum,164,Odisha,21,Sundargarh,374,4000,4000,4000
2019-03-09,Capsicum,164,Odisha,21,Sundargarh,374,4000,4000,4000
2019-03-08,Capsicum,164,Odisha,21,Sundargarh,374,4000,4000,4000
2019-03-07,Capsicum,164,Odisha,21,Sundargarh,374,4000,4000,4000
2019-03-06,Capsicum,164,Odisha,21,Sundargarh,374,4000,4000,4000
2019-03-05,Capsicum,164,Odisha,21,Sundargarh,374,3500,4000,3800
2019-03-04,Capsicum,164,Odisha,21,Sundargarh,374,3300,3500,3400
2019-03-03,Capsicum,164,Odisha,21,Sundargarh,374,3300,3500,3400
2019-03-02,Capsicum,164,Odisha,21,Sundargarh,374,3300,3500,3400
2019-03-01,Capsicum,164,Odisha,21,Sundargarh,374,3300,3500,3350
2019-02-28,Capsicum,164,Odisha,21,Sundargarh,374,3300,3500,3400
2019-02-27,Capsicum,164,Odisha,21,Sundargarh,374,3000,3500,3250
2019-02-26,Capsicum,164,Odisha,21,Sundargarh,374,4000,4000,4000
2019-02-25,Capsicum,164,Odisha,21,Sundargarh,374,4000,4000,4000
2019-02-24,Capsicum,164,Odisha,21,Sundargarh,374,4000,4000,4000
2019-02-23,Capsicum,164,Odisha,21,Sundargarh,374,4000,4000,4000
2019-02-22,Capsicum,164,Odisha,21,Sundargarh,374,3700,4000,3800
2019-02-21,Capsicum,164,Odisha,21,Sundargarh,374,3500,3750,3600
2019-02-20,Capsicum,164,Odisha,21,Sundargarh,374,4000,4000,4000
2019-02-18,Capsicum,164,Odisha,21,Sundargarh,374,4000,4000,4000
2019-02-17,Capsicum,164,Odisha,21,Sundargarh,374,4000,4000,4000
2019-02-16,Capsicum,164,Odisha,21,Sundargarh,374,3400,3500,3450
2019-02-15,Capsicum,164,Odisha,21,Sundargarh,374,3400,3500,3450
2019-02-14,Capsicum,164,Odisha,21,Sundargarh,374,3400,3500,3450
2019-02-13,Capsicum,164,Odisha,21,Sundargarh,374,4000,4000,4000
2019-02-12,Capsicum,164,Odisha,21,Sundargarh,374,4000,4000,4000
2019-02-11,Capsicum,164,Odisha,21,Sundargarh,374,4000,4000,4000
2019-02-10,Capsicum,164,Odisha,21,Sundargarh,374,4000,4000,4000
2019-02-09,Capsicum,164,Odisha,21,Sundargarh,374,4000,4000,4000
2019-02-08,Capsicum,164,Odisha,21,Sundargarh,374,4000,4000,4000
2019-02-07,Capsicum,164,Odisha,21,Sundargarh,374,4000,4000,4000
2019-02-06,Capsicum,164,Odisha,21,Sundargarh,374,4000,4000,4000
2019-02-05,Capsicum,164,Odisha,21,Sundargarh,374,4000,4000,4000
2019-02-04,Capsicum,164,Odisha,21,Sundargarh,374,4000,4000,4000
2019-02-03,Capsicum,164,Odisha,21,Sundargarh,374,4000,4000,4000
2019-02-02,Capsicum,164,Odisha,21,Sundargarh,374,4000,4000,4000
2019-02-01,Capsicum,164,Odisha,21,Sundargarh,374,4000,4000,4000
2019-01-31,Capsicum,164,Odisha,21,Sundargarh,374,4000,4000,4000
2019-01-30,Capsicum,164,Odisha,21,Sundargarh,374,4000,4000,4000
2019-01-29,Capsicum,164,Odisha,21,Sundargarh,374,4000,4000,4000
2019-01-28,Capsicum,164,Odisha,21,Sundargarh,374,4000,4000,4000
2019-01-27,Capsicum,164,Odisha,21,Sundargarh,374,4000,4000,4000
2019-01-26,Capsicum,164,Odisha,21,Sundargarh,374,4000,4000,4000
2019-01-25,Capsicum,164,Odisha,21,Sundargarh,374,4000,4000,4000
2019-01-24,Capsicum,164,Odisha,21,Sundargarh,374,4000,4000,4000
2019-01-23,Capsicum,164,Odisha,21,Sundargarh,374,4000,4000,4000
2019-01-22,Capsicum,164,Odisha,21,Sundargarh,374,4000,4000,4000
2019-01-21,Capsicum,164,Odisha,21,Sundargarh,374,4000,4000,4000
2019-01-20,Capsicum,164,Odisha,21,Sundargarh,374,4000,4000,4000
2019-01-19,Capsicum,164,Odisha,21,Sundargarh,374,4000,4000,4000
2019-01-18,Capsicum,164,Odisha,21,Sundargarh,374,4000,4000,4000
2019-01-17,Capsicum,164,Odisha,21,Sundargarh,374,4000,4000,4000
2019-01-16,Capsicum,164,Odisha,21,Sundargarh,374,4000,4000,4000
2019-01-15,Capsicum,164,Odisha,21,Sundargarh,374,3000,4000,4000
2019-01-14,Capsicum,164,Odisha,21,Sundargarh,374,3000,4000,4000
2019-01-13,Capsicum,164,Odisha,21,Sundargarh,374,4000,4000,4000
2019-01-12,Capsicum,164,Odisha,21,Sundargarh,374,3000,4000,4000
2019-01-11,Capsicum,164,Odisha,21,Sundargarh,374,4000,4000,4000
2019-01-10,Capsicum,164,Odisha,21,Sundargarh,374,3000,4000,3000
2019-01-09,Capsicum,164,Odisha,21,Sundargarh,374,4000,4000,4000
2019-01-08,Capsicum,164,Odisha,21,Sundargarh,374,4000,4000,4000
2019-01-07,Capsicum,164,Odisha,21,Sundargarh,374,3000,4000,4000
2019-01-06,Capsicum,164,Odisha,21,Sundargarh,374,4000,4000,4000
2019-01-05,Capsicum,164,Odisha,21,Sundargarh,374,4000,4000,4000
2019-01-04,Capsicum,164,Odisha,21,Sundargarh,374,3000,4000,4000
2019-01-03,Capsicum,164,Odisha,21,Sundargarh,374,4000,4000,4000
2019-01-02,Capsicum,164,Odisha,21,Sundargarh,374,3000,4000,4000
2019-01-01,Capsicum,164,Odisha,21,Sundargarh,374,4000,4000,4000
2018-12-31,Capsicum,164,Odisha,21,Sundargarh,374,4000,4000,4000
2018-12-30,Capsicum,164,Odisha,21,Sundargarh,374,4000,4000,4000
2018-12-29,Capsicum,164,Odisha,21,Sundargarh,374,4000,4000,4000
2018-12-28,Capsicum,164,Odisha,21,Sundargarh,374,4000,4000,4000
2018-12-27,Capsicum,164,Odisha,21,Sundargarh,374,4000,4000,4000
2018-12-26,Capsicum,164,Odisha,21,Sundargarh,374,3000,4000,4000
2018-12-25,Capsicum,164,Odisha,21,Sundargarh,374,3000,4000,4000
2018-12-24,Capsicum,164,Odisha,21,Sundargarh,374,3000,4000,4000
2018-12-23,Capsicum,164,Odisha,21,Sundargarh,374,4000,4000,4000
2018-12-22,Capsicum,164,Odisha,21,Sundargarh,374,4000,4000,4000
2018-12-21,Capsicum,164,Odisha,21,Sundargarh,374,4000,4000,4000
2018-12-19,Capsicum,164,Odisha,21,Sundargarh,374,3000,4000,4000
2018-12-18,Capsicum,164,Odisha,21,Sundargarh,374,4000,4000,4000
2018-12-17,Capsicum,164,Odisha,21,Sundargarh,374,3000,4000,4000
2018-12-16,Capsicum,164,Odisha,21,Sundargarh,374,3000,4000,4000
2018-12-15,Capsicum,164,Odisha,21,Sundargarh,374,3000,4000,4000
2018-12-14,Capsicum,164,Odisha,21,Sundargarh,374,4000,4000,4000
2018-12-13,Capsicum,164,Odisha,21,Sundargarh,374,4000,4000,4000
2018-12-12,Capsicum,164,Odisha,21,Sundargarh,374,4000,4000,4000
2018-12-11,Capsicum,164,Odisha,21,Sundargarh,374,4000,4000,4000
2018-12-10,Capsicum,164,Odisha,21,Sundargarh,374,4000,4000,4000
2018-12-09,Capsicum,164,Odisha,21,Sundargarh,374,4000,4000,4000
2018-12-08,Capsicum,164,Odisha,21,Sundargarh,374,4000,4000,4000
2018-12-07,Capsicum,164,Odisha,21,Sundargarh,374,4000,4000,4000
2018-12-06,Capsicum,164,Odisha,21,Sundargarh,374,4000,4000,4000
2018-12-05,Capsicum,164,Odisha,21,Sundargarh,374,4000,4000,4000
2018-12-04,Capsicum,164,Odisha,21,Sundargarh,374,4000,4000,4000
2018-12-03,Capsicum,164,Odisha,21,Sundargarh,374,4000,4000,4000
2018-12-02,Capsicum,164,Odisha,21,Sundargarh,374,2600,3300,3250
2018-12-01,Capsicum,164,Odisha,21,Sundargarh,374,3000,4000,3000
2018-11-30,Capsicum,164,Odisha,21,Sundargarh,374,4000,4000,4000
2018-11-29,Capsicum,164,Odisha,21,Sundargarh,374,3000,4000,4000
2018-11-28,Capsicum,164,Odisha,21,Sundargarh,374,3000,4000,3000
2018-11-27,Capsicum,164,Odisha,21,Sundargarh,374,2800,3000,2950
2018-11-26,Capsicum,164,Odisha,21,Sundargarh,374,4000,4000,4000
2018-11-25,Capsicum,164,Odisha,21,Sundargarh,374,3000,4000,4000
2018-11-24,Capsicum,164,Odisha,21,Sundargarh,374,3000,4000,4000
2018-11-22,Capsicum,164,Odisha,21,Sundargarh,374,4000,4000,4000
2018-11-21,Capsicum,164,Odisha,21,Sundargarh,374,4000,4000,4000
2018-11-20,Capsicum,164,Odisha,21,Sundargarh,374,4000,4000,4000
2018-11-19,Capsicum,164,Odisha,21,Sundargarh,374,4000,4000,4000
2018-11-18,Capsicum,164,Odisha,21,Sundargarh,374,4000,4000,4000
2018-11-17,Capsicum,164,Odisha,21,Sundargarh,374,4000,4000,4000
2018-11-16,Capsicum,164,Odisha,21,Sundargarh,374,4000,4000,4000
2018-11-15,Capsicum,164,Odisha,21,Sundargarh,374,4000,4000,4000
2018-11-14,Capsicum,164,Odisha,21,Sundargarh,374,4000,4000,4000
2018-11-13,Capsicum,164,Odisha,21,Sundargarh,374,4000,4000,4000
2018-11-12,Capsicum,164,Odisha,21,Sundargarh,374,4000,4000,4000
2018-11-11,Capsicum,164,Odisha,21,Sundargarh,374,4000,4000,4000
2018-11-10,Capsicum,164,Odisha,21,Sundargarh,374,4000,4000,4000
2018-11-09,Capsicum,164,Odisha,21,Sundargarh,374,8000,8000,8000
2018-11-08,Capsicum,164,Odisha,21,Sundargarh,374,8000,8000,8000
2018-11-06,Capsicum,164,Odisha,21,Sundargarh,374,8000,8000,8000
2018-11-05,Capsicum,164,Odisha,21,Sundargarh,374,8000,8000,8000
2018-11-04,Capsicum,164,Odisha,21,Sundargarh,374,8000,8000,8000
2018-10-31,Capsicum,164,Odisha,21,Sundargarh,374,8000,8000,8000
2018-10-30,Capsicum,164,Odisha,21,Sundargarh,374,8000,10000,10000
2018-10-29,Capsicum,164,Odisha,21,Sundargarh,374,8000,10000,10000
2018-10-28,Capsicum,164,Odisha,21,Sundargarh,374,8000,10000,10000
2018-10-27,Capsicum,164,Odisha,21,Sundargarh,374,8000,10000,10000
2018-10-26,Capsicum,164,Odisha,21,Sundargarh,374,8000,10000,10000
2018-10-25,Capsicum,164,Odisha,21,Sundargarh,374,10000,10000,10000
2018-10-24,Capsicum,164,Odisha,21,Sundargarh,374,10000,10000,10000
2018-10-23,Capsicum,164,Odisha,21,Sundargarh,374,8000,10000,10000
2018-10-22,Capsicum,164,Odisha,21,Sundargarh,374,8000,10000,10000
2018-10-21,Capsicum,164,Odisha,21,Sundargarh,374,8000,10000,10000
2018-10-20,Capsicum,164,Odisha,21,Sundargarh,374,10000,10000,10000
2018-10-18,Capsicum,164,Odisha,21,Sundargarh,374,8000,8000,8000
2018-10-16,Capsicum,164,Odisha,21,Sundargarh,374,8000,10000,10000
2018-10-14,Capsicum,164,Odisha,21,Sundargarh,374,10000,10000,10000
2018-10-13,Capsicum,164,Odisha,21,Sundargarh,374,10000,10000,10000
2018-10-12,Capsicum,164,Odisha,21,Sundargarh,374,10000,10000,10000
2018-10-11,Capsicum,164,Odisha,21,Sundargarh,374,10000,10000,10000
2018-10-10,Capsicum,164,Odisha,21,Sundargarh,374,10000,10000,10000
2018-10-08,Capsicum,164,Odisha,21,Sundargarh,374,8000,10000,10000
2018-10-07,Capsicum,164,Odisha,21,Sundargarh,374,10000,10000,10000
2018-10-06,Capsicum,164,Odisha,21,Sundargarh,374,8000,8000,8000
2018-10-05,Capsicum,164,Odisha,21,Sundargarh,374,10000,10000,10000
2018-10-04,Capsicum,164,Odisha,21,Sundargarh,374,10000,10000,10000
2018-10-03,Capsicum,164,Odisha,21,Sundargarh,374,10000,10000,10000
2018-09-30,Capsicum,164,Odisha,21,Sundargarh,374,10000,10000,10000
2018-09-29,Capsicum,164,Odisha,21,Sundargarh,374,10000,10000,10000
2018-09-28,Capsicum,164,Odisha,21,Sundargarh,374,10000,10000,10000
2018-09-27,Capsicum,164,Odisha,21,Sundargarh,374,10000,10000,10000
2018-09-26,Capsicum,164,Odisha,21,Sundargarh,374,10000,10000,10000
2018-09-25,Capsicum,164,Odisha,21,Sundargarh,374,10000,10000,10000
2018-09-24,Capsicum,164,Odisha,21,Sundargarh,374,10000,10000,10000
2018-09-22,Capsicum,164,Odisha,21,Sundargarh,374,10000,10000,10000
2018-09-21,Capsicum,164,Odisha,21,Sundargarh,374,10000,10000,10000
2018-09-20,Capsicum,164,Odisha,21,Sundargarh,374,10000,10000,10000
2018-09-19,Capsicum,164,Odisha,21,Sundargarh,374,10000,10000,10000
2018-09-18,Capsicum,164,Odisha,21,Sundargarh,374,10000,10000,10000
2018-09-17,Capsicum,164,Odisha,21,Sundargarh,374,10000,10000,10000
2018-09-16,Capsicum,164,Odisha,21,Sundargarh,374,10000,10000,10000
2018-09-15,Capsicum,164,Odisha,21,Sundargarh,374,10000,12000,12000
2018-09-14,Capsicum,164,Odisha,21,Sundargarh,374,10000,12000,12000
2018-09-13,Capsicum,164,Odisha,21,Sundargarh,374,8000,10000,10000
2018-09-12,Capsicum,164,Odisha,21,Sundargarh,374,10000,12000,12000
2018-09-11,Capsicum,164,Odisha,21,Sundargarh,374,12000,12000,12000
2018-09-09,Capsicum,164,Odisha,21,Sundargarh,374,10000,10000,10000
2018-09-08,Capsicum,164,Odisha,21,Sundargarh,374,12000,12000,12000
2018-09-07,Capsicum,164,Odisha,21,Sundargarh,374,12000,12000,12000
2018-09-06,Capsicum,164,Odisha,21,Sundargarh,374,12000,12000,12000
2018-09-05,Capsicum,164,Odisha,21,Sundargarh,374,12000,12000,12000
2018-09-04,Capsicum,164,Odisha,21,Sundargarh,374,12000,12000,12000
2018-09-03,Capsicum,164,Odisha,21,Sundargarh,374,12000,12000,12000
2018-09-02,Capsicum,164,Odisha,21,Sundargarh,374,12000,12000,12000
2018-08-30,Capsicum,164,Odisha,21,Sundargarh,374,12000,12000,12000
2018-08-29,Capsicum,164,Odisha,21,Sundargarh,374,12000,12000,12000
2018-08-28,Capsicum,164,Odisha,21,Sundargarh,374,12000,12000,12000
2018-08-27,Capsicum,164,Odisha,21,Sundargarh,374,12000,12000,12000
2018-08-26,Capsicum,164,Odisha,21,Sundargarh,374,12000,12000,12000
2018-08-25,Capsicum,164,Odisha,21,Sundargarh,374,12000,12000,12000
2018-08-24,Capsicum,164,Odisha,21,Sundargarh,374,12000,12000,12000
2018-08-23,Capsicum,164,Odisha,21,Sundargarh,374,12000,12000,12000
2018-08-22,Capsicum,164,Odisha,21,Sundargarh,374,10000,12000,12000
2018-08-21,Capsicum,164,Odisha,21,Sundargarh,374,12000,12000,12000
2018-08-20,Capsicum,164,Odisha,21,Sundargarh,374,12000,12000,12000
2018-08-19,Capsicum,164,Odisha,21,Sundargarh,374,12000,12000,12000
2018-08-18,Capsicum,164,Odisha,21,Sundargarh,374,12000,12000,12000
2018-08-17,Capsicum,164,Odisha,21,Sundargarh,374,12000,12000,12000
2018-08-16,Capsicum,164,Odisha,21,Sundargarh,374,12000,12000,12000
2018-08-15,Capsicum,164,Odisha,21,Sundargarh,374,12000,12000,12000
2018-08-14,Capsicum,164,Odisha,21,Sundargarh,374,12000,12000,12000
2018-08-12,Capsicum,164,Odisha,21,Sundargarh,374,10000,12000,12000
2018-08-11,Capsicum,164,Odisha,21,Sundargarh,374,12000,12000,12000
2018-08-10,Capsicum,164,Odisha,21,Sundargarh,374,12000,12000,12000
2018-08-09,Capsicum,164,Odisha,21,Sundargarh,374,12000,12000,12000
2018-08-08,Capsicum,164,Odisha,21,Sundargarh,374,12000,12000,12000
2018-08-07,Capsicum,164,Odisha,21,Sundargarh,374,12000,12000,12000
2018-08-06,Capsicum,164,Odisha,21,Sundargarh,374,12000,12000,12000
2018-08-05,Capsicum,164,Odisha,21,Sundargarh,374,12000,12000,12000
2018-08-04,Capsicum,164,Odisha,21,Sundargarh,374,12000,12000,12000
2018-08-03,Capsicum,164,Odisha,21,Sundargarh,374,12000,12000,12000
2018-06-28,Capsicum,164,Odisha,21,Sundargarh,374,4000,4000,4000
2018-06-27,Capsicum,164,Odisha,21,Sundargarh,374,4000,4000,4000
2018-06-26,Capsicum,164,Odisha,21,Sundargarh,374,4000,4000,4000
2018-06-25,Capsicum,164,Odisha,21,Sundargarh,374,4000,4000,4000
2018-06-24,Capsicum,164,Odisha,21,Sundargarh,374,4000,4000,4000
2018-06-23,Capsicum,164,Odisha,21,Sundargarh,374,4000,4000,4000
2018-06-22,Capsicum,164,Odisha,21,Sundargarh,374,4000,4000,4000
2018-06-21,Capsicum,164,Odisha,21,Sundargarh,374,4000,4000,4000
2018-06-18,Capsicum,164,Odisha,21,Sundargarh,374,4000,4000,4000
2018-06-17,Capsicum,164,Odisha,21,Sundargarh,374,4000,4000,4000
2018-06-16,Capsicum,164,Odisha,21,Sundargarh,374,4000,4000,4000
2018-06-15,Capsicum,164,Odisha,21,Sundargarh,374,4000,4000,4000
2018-06-14,Capsicum,164,Odisha,21,Sundargarh,374,4000,4000,4000
2018-06-13,Capsicum,164,Odisha,21,Sundargarh,374,3100,3300,3250
2018-06-12,Capsicum,164,Odisha,21,Sundargarh,374,3100,3300,3250
2018-06-11,Capsicum,164,Odisha,21,Sundargarh,374,4000,4000,4000
2018-06-10,Capsicum,164,Odisha,21,Sundargarh,374,3100,3300,3250
2018-06-09,Capsicum,164,Odisha,21,Sundargarh,374,4000,4000,4000
2018-06-08,Capsicum,164,Odisha,21,Sundargarh,374,4000,4000,4000
2018-06-07,Capsicum,164,Odisha,21,Sundargarh,374,4000,4000,4000
2018-05-31,Capsicum,164,Odisha,21,Sundargarh,374,2200,2600,2500
2018-05-09,Capsicum,164,Odisha,21,Sundargarh,374,2200,2600,2500
2018-05-08,Capsicum,164,Odisha,21,Sundargarh,374,1600,2000,1900
2018-05-07,Capsicum,164,Odisha,21,Sundargarh,374,2600,3000,2900
2018-05-05,Capsicum,164,Odisha,21,Sundargarh,374,4000,4000,4000
2018-04-25,Capsicum,164,Odisha,21,Sundargarh,374,1600,2000,1900
2018-04-22,Capsicum,164,Odisha,21,Sundargarh,374,1500,1800,1700
2018-04-19,Capsicum,164,Odisha,21,Sundargarh,374,4000,4000,4000
2018-04-16,Capsicum,164,Odisha,21,Sundargarh,374,3000,4000,4000
2018-04-15,Capsicum,164,Odisha,21,Sundargarh,374,3000,4000,4000
2018-04-13,Capsicum,164,Odisha,21,Sundargarh,374,3000,4000,3000
2018-04-12,Capsicum,164,Odisha,21,Sundargarh,374,3000,3000,3000
2018-04-10,Capsicum,164,Odisha,21,Sundargarh,374,4000,4000,4000
2018-04-09,Capsicum,164,Odisha,21,Sundargarh,374,3000,4000,4000
2018-04-08,Capsicum,164,Odisha,21,Sundargarh,374,3000,4000,4000
2018-04-07,Capsicum,164,Odisha,21,Sundargarh,374,3000,4000,4000
2018-04-06,Capsicum,164,Odisha,21,Sundargarh,374,4000,4000,4000
2018-04-05,Capsicum,164,Odisha,21,Sundargarh,374,3000,4000,4000
2018-04-04,Capsicum,164,Odisha,21,Sundargarh,374,3000,4000,3000
2018-04-03,Capsicum,164,Odisha,21,Sundargarh,374,3000,4000,4000
2018-04-02,Capsicum,164,Odisha,21,Sundargarh,374,4000,4000,4000
2018-04-01,Capsicum,164,Odisha,21,Sundargarh,374,3000,4000,3000
2018-03-31,Capsicum,164,Odisha,21,Sundargarh,374,3000,4000,4000
2018-03-30,Capsicum,164,Odisha,21,Sundargarh,374,3000,3000,3000
2018-03-29,Capsicum,164,Odisha,21,Sundargarh,374,3000,4000,3000
2018-03-28,Capsicum,164,Odisha,21,Sundargarh,374,3000,3000,3000
2018-03-27,Capsicum,164,Odisha,21,Sundargarh,374,3000,3000,3000
2018-03-25,Capsicum,164,Odisha,21,Sundargarh,374,3000,3000,3000
2018-03-24,Capsicum,164,Odisha,21,Sundargarh,374,3000,3000,3000
2018-03-23,Capsicum,164,Odisha,21,Sundargarh,374,3000,3000,3000
2018-03-22,Capsicum,164,Odisha,21,Sundargarh,374,3000,3000,3000
2018-03-21,Capsicum,164,Odisha,21,Sundargarh,374,3000,3000,3000
2018-03-20,Capsicum,164,Odisha,21,Sundargarh,374,3000,3000,3000
2018-03-18,Capsicum,164,Odisha,21,Sundargarh,374,3000,3000,3000
2018-03-17,Capsicum,164,Odisha,21,Sundargarh,374,3000,4000,4000
2018-03-16,Capsicum,164,Odisha,21,Sundargarh,374,3000,3000,3000
2018-03-15,Capsicum,164,Odisha,21,Sundargarh,374,3000,3000,3000
2018-03-14,Capsicum,164,Odisha,21,Sundargarh,374,3000,3000,3000
2018-03-13,Capsicum,164,Odisha,21,Sundargarh,374,3000,3000,3000
2018-03-12,Capsicum,164,Odisha,21,Sundargarh,374,3000,3000,3000
2018-03-11,Capsicum,164,Odisha,21,Sundargarh,374,3000,3000,3000
2018-03-10,Capsicum,164,Odisha,21,Sundargarh,374,2300,2500,2450
2018-03-09,Capsicum,164,Odisha,21,Sundargarh,374,2800,3000,2950
2018-03-08,Capsicum,164,Odisha,21,Sundargarh,374,3000,3000,3000
2018-03-07,Capsicum,164,Odisha,21,Sundargarh,374,3000,3000,3000
2018-03-06,Capsicum,164,Odisha,21,Sundargarh,374,2300,2500,2450
2018-03-05,Capsicum,164,Odisha,21,Sundargarh,374,3000,3000,3000
2018-03-04,Capsicum,164,Odisha,21,Sundargarh,374,3000,3000,3000
2018-03-03,Capsicum,164,Odisha,21,Sundargarh,374,3000,4000,3000
2018-03-02,Capsicum,164,Odisha,21,Sundargarh,374,3000,3000,3000
2018-03-01,Capsicum,164,Odisha,21,Sundargarh,374,3000,3000,3000
2018-02-28,Capsicum,164,Odisha,21,Sundargarh,374,3000,4000,3000
2018-02-27,Capsicum,164,Odisha,21,Sundargarh,374,3000,4000,3000
2018-02-26,Capsicum,164,Odisha,21,Sundargarh,374,2000,2000,2000
2018-02-25,Capsicum,164,Odisha,21,Sundargarh,374,3000,3000,3000
2018-02-24,Capsicum,164,Odisha,21,Sundargarh,374,3000,3000,3000
2018-02-23,Capsicum,164,Odisha,21,Sundargarh,374,3000,4000,3000
2018-02-21,Capsicum,164,Odisha,21,Sundargarh,374,3000,3000,3000
2018-02-20,Capsicum,164,Odisha,21,Sundargarh,374,3000,3000,3000
2018-02-19,Capsicum,164,Odisha,21,Sundargarh,374,2600,3300,3250
2018-02-18,Capsicum,164,Odisha,21,Sundargarh,374,3000,4000,3000
2018-02-17,Capsicum,164,Odisha,21,Sundargarh,374,3000,4000,4000
2018-02-16,Capsicum,164,Odisha,21,Sundargarh,374,3000,3000,3000
2018-02-15,Capsicum,164,Odisha,21,Sundargarh,374,3000,3000,3000
2018-02-13,Capsicum,164,Odisha,21,Sundargarh,374,2000,3000,3000
2018-02-12,Capsicum,164,Odisha,21,Sundargarh,374,3000,4000,4000
2018-02-11,Capsicum,164,Odisha,21,Sundargarh,374,3000,4000,4000
2018-02-10,Capsicum,164,Odisha,21,Sundargarh,374,3000,4000,3000
2018-02-09,Capsicum,164,Odisha,21,Sundargarh,374,3000,4000,3000
2018-02-08,Capsicum,164,Odisha,21,Sundargarh,374,3000,4000,3000
2018-02-07,Capsicum,164,Odisha,21,Sundargarh,374,3000,4000,4000
2018-02-06,Capsicum,164,Odisha,21,Sundargarh,374,3000,4000,3000
2018-02-03,Capsicum,164,Odisha,21,Sundargarh,374,3000,4000,4000
2018-02-02,Capsicum,164,Odisha,21,Sundargarh,374,3000,4000,3000
2018-02-01,Capsicum,164,Odisha,21,Sundargarh,374,3000,4000,4000
2018-01-30,Capsicum,164,Odisha,21,Sundargarh,374,3000,3000,3000
2018-01-29,Capsicum,164,Odisha,21,Sundargarh,374,4000,4000,4000
2018-01-28,Capsicum,164,Odisha,21,Sundargarh,374,4000,4000,4000
2018-01-27,Capsicum,164,Odisha,21,Sundargarh,374,4000,4000,4000
2018-01-26,Capsicum,164,Odisha,21,Sundargarh,374,4000,4000,4000
2018-01-25,Capsicum,164,Odisha,21,Sundargarh,374,4000,4000,4000
2018-01-24,Capsicum,164,Odisha,21,Sundargarh,374,4000,4000,4000
2018-01-23,Capsicum,164,Odisha,21,Sundargarh,374,4000,4000,4000
2018-01-22,Capsicum,164,Odisha,21,Sundargarh,374,3000,4000,4000
2018-01-21,Capsicum,164,Odisha,21,Sundargarh,374,4000,4000,4000
2018-01-20,Capsicum,164,Odisha,21,Sundargarh,374,4000,4000,4000
2018-01-19,Capsicum,164,Odisha,21,Sundargarh,374,3000,4000,3000
2018-01-18,Capsicum,164,Odisha,21,Sundargarh,374,4000,4000,4000
2018-01-17,Capsicum,164,Odisha,21,Sundargarh,374,3000,4000,4000
2018-01-16,Capsicum,164,Odisha,21,Sundargarh,374,4000,4000,4000
2018-01-15,Capsicum,164,Odisha,21,Sundargarh,374,3000,4000,4000
2018-01-14,Capsicum,164,Odisha,21,Sundargarh,374,3000,4000,4000
2018-01-13,Capsicum,164,Odisha,21,Sundargarh,374,3000,4000,4000
2018-01-12,Capsicum,164,Odisha,21,Sundargarh,374,4000,4000,4000
2018-01-11,Capsicum,164,Odisha,21,Sundargarh,374,4000,4000,4000
2018-01-09,Capsicum,164,Odisha,21,Sundargarh,374,4000,4000,4000
2018-01-07,Capsicum,164,Odisha,21,Sundargarh,374,4000,4000,4000
2018-01-06,Capsicum,164,Odisha,21,Sundargarh,374,4000,4000,4000
2018-01-05,Capsicum,164,Odisha,21,Sundargarh,374,4000,4000,4000
2018-01-04,Capsicum,164,Odisha,21,Sundargarh,374,4000,4000,4000
2018-01-02,Capsicum,164,Odisha,21,Sundargarh,374,3000,4000,3000
2018-01-01,Capsicum,164,Odisha,21,Sundargarh,374,4000,4000,4000
2017-12-31,Capsicum,164,Odisha,21,Sundargarh,374,4000,4000,4000
2017-12-30,Capsicum,164,Odisha,21,Sundargarh,374,4000,4000,4000
2017-12-29,Capsicum,164,Odisha,21,Sundargarh,374,4000,4000,4000
2017-12-27,Capsicum,164,Odisha,21,Sundargarh,374,4000,4000,4000
2017-12-26,Capsicum,164,Odisha,21,Sundargarh,374,4000,4000,4000
2017-12-25,Capsicum,164,Odisha,21,Sundargarh,374,4000,4000,4000
2017-12-24,Capsicum,164,Odisha,21,Sundargarh,374,4000,4000,4000
2017-12-23,Capsicum,164,Odisha,21,Sundargarh,374,2000,3000,3000
2017-12-22,Capsicum,164,Odisha,21,Sundargarh,374,4000,4000,4000
2017-12-21,Capsicum,164,Odisha,21,Sundargarh,374,4000,4000,4000
2017-12-20,Capsicum,164,Odisha,21,Sundargarh,374,7000,8000,7000
2017-12-19,Capsicum,164,Odisha,21,Sundargarh,374,8000,8000,8000
2017-12-18,Capsicum,164,Odisha,21,Sundargarh,374,8000,8000,8000
2017-12-17,Capsicum,164,Odisha,21,Sundargarh,374,7000,8000,8000
2017-12-16,Capsicum,164,Odisha,21,Sundargarh,374,7000,8000,7000
2017-12-15,Capsicum,164,Odisha,21,Sundargarh,374,8000,8000,8000
2017-12-14,Capsicum,164,Odisha,21,Sundargarh,374,2500,2800,2700
2017-12-13,Capsicum,164,Odisha,21,Sundargarh,374,7000,8000,8000
2017-12-12,Capsicum,164,Odisha,21,Sundargarh,374,5300,5500,5450
2017-12-11,Capsicum,164,Odisha,21,Sundargarh,374,8000,8000,8000
2017-12-09,Capsicum,164,Odisha,21,Sundargarh,374,7000,8000,8000
2017-12-08,Capsicum,164,Odisha,21,Sundargarh,374,8000,8000,8000
2017-12-07,Capsicum,164,Odisha,21,Sundargarh,374,5400,5600,5550
2017-12-06,Capsicum,164,Odisha,21,Sundargarh,374,5300,5500,5450
2017-12-05,Capsicum,164,Odisha,21,Sundargarh,374,8000,8000,8000
2017-12-04,Capsicum,164,Odisha,21,Sundargarh,374,8000,8000,8000
2017-12-03,Capsicum,164,Odisha,21,Sundargarh,374,5800,6000,5950
2017-12-02,Capsicum,164,Odisha,21,Sundargarh,374,5250,5400,5350
2017-12-01,Capsicum,164,Odisha,21,Sundargarh,374,8000,8000,8000
2017-11-29,Capsicum,164,Odisha,21,Sundargarh,374,8000,8000,8000
2017-11-28,Capsicum,164,Odisha,21,Sundargarh,374,8000,8000,8000
2017-11-27,Capsicum,164,Odisha,21,Sundargarh,374,8000,8000,8000
2017-11-26,Capsicum,164,Odisha,21,Sundargarh,374,8000,8000,8000
2017-11-25,Capsicum,164,Odisha,21,Sundargarh,374,6000,8000,6000
2017-11-24,Capsicum,164,Odisha,21,Sundargarh,374,8000,8000,8000
2017-11-23,Capsicum,164,Odisha,21,Sundargarh,374,8000,8000,8000
2017-11-22,Capsicum,164,Odisha,21,Sundargarh,374,8000,8000,8000
2017-11-21,Capsicum,164,Odisha,21,Sundargarh,374,8000,8000,8000
2017-11-20,Capsicum,164,Odisha,21,Sundargarh,374,8000,8000,8000
2017-11-19,Capsicum,164,Odisha,21,Sundargarh,374,8000,8000,8000
2017-11-18,Capsicum,164,Odisha,21,Sundargarh,374,8000,8000,8000
2017-11-17,Capsicum,164,Odisha,21,Sundargarh,374,8000,8000,8000
2017-11-16,Capsicum,164,Odisha,21,Sundargarh,374,8000,8000,8000
2017-11-15,Capsicum,164,Odisha,21,Sundargarh,374,8000,8000,8000
2017-11-14,Capsicum,164,Odisha,21,Sundargarh,374,8000,8000,8000
2017-11-13,Capsicum,164,Odisha,21,Sundargarh,374,8000,8000,8000
2017-11-12,Capsicum,164,Odisha,21,Sundargarh,374,8000,8000,8000
2017-11-10,Capsicum,164,Odisha,21,Sundargarh,374,8000,8000,8000
2017-11-09,Capsicum,164,Odisha,21,Sundargarh,374,8000,8000,8000
2017-11-07,Capsicum,164,Odisha,21,Sundargarh,374,8000,8000,8000
2017-11-06,Capsicum,164,Odisha,21,Sundargarh,374,8000,8000,8000
2017-11-04,Capsicum,164,Odisha,21,Sundargarh,374,8000,8000,8000
2017-11-03,Capsicum,164,Odisha,21,Sundargarh,374,8000,8000,8000
2017-11-02,Capsicum,164,Odisha,21,Sundargarh,374,8000,8000,8000
2017-11-01,Capsicum,164,Odisha,21,Sundargarh,374,8000,8000,8000
2017-10-31,Capsicum,164,Odisha,21,Sundargarh,374,8000,8000,8000
2017-10-30,Capsicum,164,Odisha,21,Sundargarh,374,8000,8000,8000
2017-10-29,Capsicum,164,Odisha,21,Sundargarh,374,8000,8000,8000
2017-10-28,Capsicum,164,Odisha,21,Sundargarh,374,8000,8000,8000
2017-10-27,Capsicum,164,Odisha,21,Sundargarh,374,8000,8000,8000
2017-10-26,Capsicum,164,Odisha,21,Sundargarh,374,8000,8000,8000
2017-10-25,Capsicum,164,Odisha,21,Sundargarh,374,8000,8000,8000
2017-10-24,Capsicum,164,Odisha,21,Sundargarh,374,8000,8000,8000
2017-10-21,Capsicum,164,Odisha,21,Sundargarh,374,8000,8000,8000
2017-10-20,Capsicum,164,Odisha,21,Sundargarh,374,8000,8000,8000
2017-10-18,Capsicum,164,Odisha,21,Sundargarh,374,8000,8000,8000
2017-10-17,Capsicum,164,Odisha,21,Sundargarh,374,8000,8000,8000
2017-10-16,Capsicum,164,Odisha,21,Sundargarh,374,4000,4000,4000
2017-10-14,Capsicum,164,Odisha,21,Sundargarh,374,8000,8000,8000
2017-10-12,Capsicum,164,Odisha,21,Sundargarh,374,8000,8000,8000
2017-10-11,Capsicum,164,Odisha,21,Sundargarh,374,8000,8000,8000
2017-10-09,Capsicum,164,Odisha,21,Sundargarh,374,8000,8000,8000
2017-10-08,Capsicum,164,Odisha,21,Sundargarh,374,8000,8000,8000
2017-10-07,Capsicum,164,Odisha,21,Sundargarh,374,8000,8000,8000
2017-10-06,Capsicum,164,Odisha,21,Sundargarh,374,8000,8000,8000
2017-10-04,Capsicum,164,Odisha,21,Sundargarh,374,8000,8000,8000
2017-10-03,Capsicum,164,Odisha,21,Sundargarh,374,8000,8000,8000
2017-10-02,Capsicum,164,Odisha,21,Sundargarh,374,8000,8000,8000
2017-10-01,Capsicum,164,Odisha,21,Sundargarh,374,8000,8000,8000
2017-09-30,Capsicum,164,Odisha,21,Sundargarh,374,8000,8000,8000
2017-09-29,Capsicum,164,Odisha,21,Sundargarh,374,8000,8000,8000
2017-09-27,Capsicum,164,Odisha,21,Sundargarh,374,8000,8000,8000
2017-09-26,Capsicum,164,Odisha,21,Sundargarh,374,8000,8000,8000
2017-09-25,Capsicum,164,Odisha,21,Sundargarh,374,8000,8000,8000
2017-09-24,Capsicum,164,Odisha,21,Sundargarh,374,8000,8000,8000
2017-09-23,Capsicum,164,Odisha,21,Sundargarh,374,8000,8000,8000
2017-09-21,Capsicum,164,Odisha,21,Sundargarh,374,8000,8000,8000
2017-09-18,Capsicum,164,Odisha,21,Sundargarh,374,8000,8000,8000
2017-09-17,Capsicum,164,Odisha,21,Sundargarh,374,8000,8000,8000
2017-09-16,Capsicum,164,Odisha,21,Sundargarh,374,8000,8000,8000
2017-09-15,Capsicum,164,Odisha,21,Sundargarh,374,8000,8000,8000
2017-09-14,Capsicum,164,Odisha,21,Sundargarh,374,8000,8000,8000
2017-09-12,Capsicum,164,Odisha,21,Sundargarh,374,8000,8000,8000
2017-09-11,Capsicum,164,Odisha,21,Sundargarh,374,8000,8000,8000
2017-09-09,Capsicum,164,Odisha,21,Sundargarh,374,8000,8000,8000
2017-09-08,Capsicum,164,Odisha,21,Sundargarh,374,8000,8000,8000
2017-09-07,Capsicum,164,Odisha,21,Sundargarh,374,8000,8000,8000
2017-09-06,Capsicum,164,Odisha,21,Sundargarh,374,8000,8000,8000
2017-09-05,Capsicum,164,Odisha,21,Sundargarh,374,8000,8000,8000
2017-09-04,Capsicum,164,Odisha,21,Sundargarh,374,8000,8000,8000
2017-09-03,Capsicum,164,Odisha,21,Sundargarh,374,8000,8000,8000
2017-09-01,Capsicum,164,Odisha,21,Sundargarh,374,8000,8000,8000
2017-08-31,Capsicum,164,Odisha,21,Sundargarh,374,8000,8000,8000
2017-08-30,Capsicum,164,Odisha,21,Sundargarh,374,8000,8000,8000
2017-08-29,Capsicum,164,Odisha,21,Sundargarh,374,8000,8000,8000
2017-08-27,Capsicum,164,Odisha,21,Sundargarh,374,8000,8000,8000
2017-08-26,Capsicum,164,Odisha,21,Sundargarh,374,8000,8000,8000
2017-08-25,Capsicum,164,Odisha,21,Sundargarh,374,8000,8000,8000
2017-08-21,Capsicum,164,Odisha,21,Sundargarh,374,8000,8000,8000
2017-08-19,Capsicum,164,Odisha,21,Sundargarh,374,8000,8000,8000
2017-08-18,Capsicum,164,Odisha,21,Sundargarh,374,8000,8000,8000
2017-08-17,Capsicum,164,Odisha,21,Sundargarh,374,8000,8000,8000
2017-08-16,Capsicum,164,Odisha,21,Sundargarh,374,8000,8000,8000
2017-08-15,Capsicum,164,Odisha,21,Sundargarh,374,8000,8000,8000
2017-08-14,Capsicum,164,Odisha,21,Sundargarh,374,8000,8000,8000
2017-08-13,Capsicum,164,Odisha,21,Sundargarh,374,8000,8000,8000
2017-08-12,Capsicum,164,Odisha,21,Sundargarh,374,8000,8000,8000
2017-08-11,Capsicum,164,Odisha,21,Sundargarh,374,8000,8000,8000
2017-08-10,Capsicum,164,Odisha,21,Sundargarh,374,8000,8000,8000
2017-08-09,Capsicum,164,Odisha,21,Sundargarh,374,8000,8000,8000
2017-08-08,Capsicum,164,Odisha,21,Sundargarh,374,8000,8000,8000
2017-08-07,Capsicum,164,Odisha,21,Sundargarh,374,8000,8000,8000
2017-08-06,Capsicum,164,Odisha,21,Sundargarh,374,8000,8000,8000
2017-08-04,Capsicum,164,Odisha,21,Sundargarh,374,8000,8000,8000
2017-08-03,Capsicum,164,Odisha,21,Sundargarh,374,8000,8000,8000
2017-08-02,Capsicum,164,Odisha,21,Sundargarh,374,8000,8000,8000
2017-08-01,Capsicum,164,Odisha,21,Sundargarh,374,8000,8000,8000
2017-07-31,Capsicum,164,Odisha,21,Sundargarh,374,8000,8000,8000
2017-07-30,Capsicum,164,Odisha,21,Sundargarh,374,8000,8000,8000
2017-07-29,Capsicum,164,Odisha,21,Sundargarh,374,8000,8000,8000
2017-07-28,Capsicum,164,Odisha,21,Sundargarh,374,8000,8000,8000
2017-07-27,Capsicum,164,Odisha,21,Sundargarh,374,8000,8000,8000
2017-07-24,Capsicum,164,Odisha,21,Sundargarh,374,8000,8000,8000
2017-07-23,Capsicum,164,Odisha,21,Sundargarh,374,8000,8000,8000
2017-07-22,Capsicum,164,Odisha,21,Sundargarh,374,8000,8000,8000
2017-07-21,Capsicum,164,Odisha,21,Sundargarh,374,8000,8000,8000
2017-07-20,Capsicum,164,Odisha,21,Sundargarh,374,8000,8000,8000
2017-07-19,Capsicum,164,Odisha,21,Sundargarh,374,8000,8000,8000
2017-07-18,Capsicum,164,Odisha,21,Sundargarh,374,8000,8000,8000
2017-07-17,Capsicum,164,Odisha,21,Sundargarh,374,8000,8000,8000
2017-07-15,Capsicum,164,Odisha,21,Sundargarh,374,8000,8000,8000
2017-07-14,Capsicum,164,Odisha,21,Sundargarh,374,8000,8000,8000
2017-07-13,Capsicum,164,Odisha,21,Sundargarh,374,8000,8000,8000
2017-07-12,Capsicum,164,Odisha,21,Sundargarh,374,8000,8000,8000
2017-07-11,Capsicum,164,Odisha,21,Sundargarh,374,8000,8000,8000
2017-07-10,Capsicum,164,Odisha,21,Sundargarh,374,8000,8000,8000
2017-07-08,Capsicum,164,Odisha,21,Sundargarh,374,8000,8000,8000
2017-07-07,Capsicum,164,Odisha,21,Sundargarh,374,8000,8000,8000
2017-07-06,Capsicum,164,Odisha,21,Sundargarh,374,8000,8000,8000
2017-07-05,Capsicum,164,Odisha,21,Sundargarh,374,7000,8000,8000
2017-07-04,Capsicum,164,Odisha,21,Sundargarh,374,8000,8000,8000
2017-07-03,Capsicum,164,Odisha,21,Sundargarh,374,8000,8000,8000
2017-07-01,Capsicum,164,Odisha,21,Sundargarh,374,8000,8000,8000
2017-06-30,Capsicum,164,Odisha,21,Sundargarh,374,8000,8000,8000
2017-06-29,Capsicum,164,Odisha,21,Sundargarh,374,8000,8000,8000
2017-06-28,Capsicum,164,Odisha,21,Sundargarh,374,4000,5000,5000
2017-06-27,Capsicum,164,Odisha,21,Sundargarh,374,5000,6000,5000
2017-06-26,Capsicum,164,Odisha,21,Sundargarh,374,4000,5000,5000
2017-06-24,Capsicum,164,Odisha,21,Sundargarh,374,5000,6000,6000
2017-06-23,Capsicum,164,Odisha,21,Sundargarh,374,5000,6000,5000
2017-06-22,Capsicum,164,Odisha,21,Sundargarh,374,5000,6000,5000
2017-06-21,Capsicum,164,Odisha,21,Sundargarh,374,5000,6000,6000
2017-06-19,Capsicum,164,Odisha,21,Sundargarh,374,5000,6000,5000
2017-06-17,Capsicum,164,Odisha,21,Sundargarh,374,5000,6000,6000
2017-06-16,Capsicum,164,Odisha,21,Sundargarh,374,5000,6000,5000
2017-06-15,Capsicum,164,Odisha,21,Sundargarh,374,4000,5000,5000
2017-06-09,Capsicum,164,Odisha,21,Sundargarh,374,5000,6000,6000
2017-06-08,Capsicum,164,Odisha,21,Sundargarh,374,5000,6000,6000
2017-06-07,Capsicum,164,Odisha,21,Sundargarh,374,5000,6000,5000
2017-06-06,Capsicum,164,Odisha,21,Sundargarh,374,6000,6000,6000
2017-06-05,Capsicum,164,Odisha,21,Sundargarh,374,4000,5000,5000
2017-06-03,Capsicum,164,Odisha,21,Sundargarh,374,5000,6000,6000
2017-06-02,Capsicum,164,Odisha,21,Sundargarh,374,5000,6000,6000
2017-06-01,Capsicum,164,Odisha,21,Sundargarh,374,4000,5000,5000
2017-05-30,Capsicum,164,Odisha,21,Sundargarh,374,5000,6000,6000
2017-05-29,Capsicum,164,Odisha,21,Sundargarh,374,5000,6000,6000
2017-05-27,Capsicum,164,Odisha,21,Sundargarh,374,6000,6000,6000
2017-05-26,Capsicum,164,Odisha,21,Sundargarh,374,6000,6000,6000
2017-05-25,Capsicum,164,Odisha,21,Sundargarh,374,4000,5000,5000
2017-05-23,Capsicum,164,Odisha,21,Sundargarh,374,4000,4000,4000
2017-05-22,Capsicum,164,Odisha,21,Sundargarh,374,4000,4000,4000
2017-05-20,Capsicum,164,Odisha,21,Sundargarh,374,4000,5000,5000
2017-05-19,Capsicum,164,Odisha,21,Sundargarh,374,3000,4000,4000
2017-05-18,Capsicum,164,Odisha,21,Sundargarh,374,4000,5000,5000
2017-05-16,Capsicum,164,Odisha,21,Sundargarh,374,4000,4000,4000
2017-05-15,Capsicum,164,Odisha,21,Sundargarh,374,4000,4000,4000
2017-05-11,Capsicum,164,Odisha,21,Sundargarh,374,3000,4000,4000
2017-05-09,Capsicum,164,Odisha,21,Sundargarh,374,4000,5000,4000
2017-05-08,Capsicum,164,Odisha,21,Sundargarh,374,4000,4000,4000
2017-05-06,Capsicum,164,Odisha,21,Sundargarh,374,3000,3000,3000
2017-05-05,Capsicum,164,Odisha,21,Sundargarh,374,3000,4000,4000
2017-05-04,Capsicum,164,Odisha,21,Sundargarh,374,3000,4000,3000
2017-05-03,Capsicum,164,Odisha,21,Sundargarh,374,3000,4000,3000
2017-05-02,Capsicum,164,Odisha,21,Sundargarh,374,3000,4000,4000
2017-05-01,Capsicum,164,Odisha,21,Sundargarh,374,3000,4000,4000
2017-04-29,Capsicum,164,Odisha,21,Sundargarh,374,3000,4000,4000
2017-04-28,Capsicum,164,Odisha,21,Sundargarh,374,3000,4000,4000
2017-04-27,Capsicum,164,Odisha,21,Sundargarh,374,3000,3000,3000
2017-04-26,Capsicum,164,Odisha,21,Sundargarh,374,3000,3000,3000
2017-04-25,Capsicum,164,Odisha,21,Sundargarh,374,3000,3000,3000
2017-04-24,Capsicum,164,Odisha,21,Sundargarh,374,3000,4000,3000
2017-04-22,Capsicum,164,Odisha,21,Sundargarh,374,3000,4000,4000
2017-04-21,Capsicum,164,Odisha,21,Sundargarh,374,3000,4000,4000
2017-04-20,Capsicum,164,Odisha,21,Sundargarh,374,3000,4000,3000
2017-04-19,Capsicum,164,Odisha,21,Sundargarh,374,3000,4000,3000
2017-04-18,Capsicum,164,Odisha,21,Sundargarh,374,3000,3000,3000
2017-04-17,Capsicum,164,Odisha,21,Sundargarh,374,3000,3000,3000
2017-04-15,Capsicum,164,Odisha,21,Sundargarh,374,3000,4000,3000
2017-04-12,Capsicum,164,Odisha,21,Sundargarh,374,3000,3000,3000
2017-04-10,Capsicum,164,Odisha,21,Sundargarh,374,3000,3000,3000
2017-04-07,Capsicum,164,Odisha,21,Sundargarh,374,3000,3000,3000
2017-04-06,Capsicum,164,Odisha,21,Sundargarh,374,3000,3000,3000
2017-04-05,Capsicum,164,Odisha,21,Sundargarh,374,3000,3000,3000
2017-04-04,Capsicum,164,Odisha,21,Sundargarh,374,3000,3000,3000
2017-04-01,Capsicum,164,Odisha,21,Sundargarh,374,3000,3000,3000
2017-03-31,Capsicum,164,Odisha,21,Sundargarh,374,2000,2000,2000
2017-03-30,Capsicum,164,Odisha,21,Sundargarh,374,3000,3000,3000
2017-03-29,Capsicum,164,Odisha,21,Sundargarh,374,3000,4000,3000
2017-03-28,Capsicum,164,Odisha,21,Sundargarh,374,2000,3000,3000
2017-03-27,Capsicum,164,Odisha,21,Sundargarh,374,3000,3000,3000
2017-03-25,Capsicum,164,Odisha,21,Sundargarh,374,2000,3000,3000
2017-03-24,Capsicum,164,Odisha,21,Sundargarh,374,2000,3000,3000
2017-03-23,Capsicum,164,Odisha,21,Sundargarh,374,2000,3000,2000
2017-03-22,Capsicum,164,Odisha,21,Sundargarh,374,3000,3000,3000
2017-03-21,Capsicum,164,Odisha,21,Sundargarh,374,3000,3000,3000
2017-03-20,Capsicum,164,Odisha,21,Sundargarh,374,2000,3000,3000
2017-03-18,Capsicum,164,Odisha,21,Sundargarh,374,2000,2000,2000
2017-03-17,Capsicum,164,Odisha,21,Sundargarh,374,3000,3000,3000
2017-03-14,Capsicum,164,Odisha,21,Sundargarh,374,3000,3000,3000
2017-03-13,Capsicum,164,Odisha,21,Sundargarh,374,2000,3000,3000
2017-03-11,Capsicum,164,Odisha,21,Sundargarh,374,2000,2000,2000
2017-03-10,Capsicum,164,Odisha,21,Sundargarh,374,2000,2000,2000
2017-03-09,Capsicum,164,Odisha,21,Sundargarh,374,2000,2000,2000
2017-03-08,Capsicum,164,Odisha,21,Sundargarh,374,2000,2000,2000
2017-03-07,Capsicum,164,Odisha,21,Sundargarh,374,2000,2000,2000
2017-03-06,Capsicum,164,Odisha,21,Sundargarh,374,2000,2000,2000
2017-03-04,Capsicum,164,Odisha,21,Sundargarh,374,2000,2000,2000
2017-03-03,Capsicum,164,Odisha,21,Sundargarh,374,2000,2000,2000
2017-03-02,Capsicum,164,Odisha,21,Sundargarh,374,2000,2000,2000
2017-03-01,Capsicum,164,Odisha,21,Sundargarh,374,2000,2000,2000
2017-02-28,Capsicum,164,Odisha,21,Sundargarh,374,2000,2000,2000
2017-02-27,Capsicum,164,Odisha,21,Sundargarh,374,2000,2000,2000
2017-02-25,Capsicum,164,Odisha,21,Sundargarh,374,2000,2000,2000
2017-02-24,Capsicum,164,Odisha,21,Sundargarh,374,2000,2000,2000
2017-02-23,Capsicum,164,Odisha,21,Sundargarh,374,2000,2000,2000
2017-02-22,Capsicum,164,Odisha,21,Sundargarh,374,2000,2000,2000
2017-02-21,Capsicum,164,Odisha,21,Sundargarh,374,2000,2000,2000
2017-02-20,Capsicum,164,Odisha,21,Sundargarh,374,2000,2000,2000
2017-02-18,Capsicum,164,Odisha,21,Sundargarh,374,2000,2000,2000
2017-02-16,Capsicum,164,Odisha,21,Sundargarh,374,2000,2000,2000
2017-02-15,Capsicum,164,Odisha,21,Sundargarh,374,2000,2000,2000
2017-02-14,Capsicum,164,Odisha,21,Sundargarh,374,2000,2000,2000
2017-02-13,Capsicum,164,Odisha,21,Sundargarh,374,2000,2000,2000
2017-02-11,Capsicum,164,Odisha,21,Sundargarh,374,2000,2000,2000
2017-02-10,Capsicum,164,Odisha,21,Sundargarh,374,2000,2000,2000
2017-02-09,Capsicum,164,Odisha,21,Sundargarh,374,2000,2000,2000
2017-02-08,Capsicum,164,Odisha,21,Sundargarh,374,2000,2000,2000
2017-02-07,Capsicum,164,Odisha,21,Sundargarh,374,2000,2000,2000
2017-02-06,Capsicum,164,Odisha,21,Sundargarh,374,2000,2000,2000
2017-02-04,Capsicum,164,Odisha,21,Sundargarh,374,2000,2000,2000
2017-02-03,Capsicum,164,Odisha,21,Sundargarh,374,2000,2000,2000
2017-02-02,Capsicum,164,Odisha,21,Sundargarh,374,2000,2000,2000
2017-02-01,Capsicum,164,Odisha,21,Sundargarh,374,2000,2000,2000
2017-01-30,Capsicum,164,Odisha,21,Sundargarh,374,2000,2000,2000
2017-01-28,Capsicum,164,Odisha,21,Sundargarh,374,2000,2000,2000
2017-01-27,Capsicum,164,Odisha,21,Sundargarh,374,2000,2000,2000
2017-01-24,Capsicum,164,Odisha,21,Sundargarh,374,2000,2000,2000
2017-01-23,Capsicum,164,Odisha,21,Sundargarh,374,2000,2000,2000
2017-01-21,Capsicum,164,Odisha,21,Sundargarh,374,2000,2000,2000
2017-01-20,Capsicum,164,Odisha,21,Sundargarh,374,2000,2000,2000
2017-01-19,Capsicum,164,Odisha,21,Sundargarh,374,2000,2000,2000
2017-01-18,Capsicum,164,Odisha,21,Sundargarh,374,2000,2000,2000
2017-01-17,Capsicum,164,Odisha,21,Sundargarh,374,2000,2000,2000
2017-01-16,Capsicum,164,Odisha,21,Sundargarh,374,2000,2000,2000
2017-01-14,Capsicum,164,Odisha,21,Sundargarh,374,2000,2000,2000
2017-01-12,Capsicum,164,Odisha,21,Sundargarh,374,2000,2000,2000
2017-01-11,Capsicum,164,Odisha,21,Sundargarh,374,2000,2000,2000
2017-01-10,Capsicum,164,Odisha,21,Sundargarh,374,2000,2000,2000
2017-01-09,Capsicum,164,Odisha,21,Sundargarh,374,2000,2000,2000
2017-01-07,Capsicum,164,Odisha,21,Sundargarh,374,2000,2000,2000
2017-01-06,Capsicum,164,Odisha,21,Sundargarh,374,2000,2000,2000
2017-01-05,Capsicum,164,Odisha,21,Sundargarh,374,2000,2000,2000
2017-01-04,Capsicum,164,Odisha,21,Sundargarh,374,2000,3000,3000
2017-01-02,Capsicum,164,Odisha,21,Sundargarh,374,2000,2000,2000
2016-12-31,Capsicum,164,Odisha,21,Sundargarh,374,2000,2000,2000
2016-12-30,Capsicum,164,Odisha,21,Sundargarh,374,2000,2000,2000
2016-12-29,Capsicum,164,Odisha,21,Sundargarh,374,2000,3000,2000
2016-12-21,Capsicum,164,Odisha,21,Sundargarh,374,2000,2000,2000
2016-12-20,Capsicum,164,Odisha,21,Sundargarh,374,2000,2000,2000
2016-12-19,Capsicum,164,Odisha,21,Sundargarh,374,2000,2000,2000
2016-12-17,Capsicum,164,Odisha,21,Sundargarh,374,2000,2000,2000
2016-12-16,Capsicum,164,Odisha,21,Sundargarh,374,2000,2000,2000
2016-12-15,Capsicum,164,Odisha,21,Sundargarh,374,2000,2000,2000
2016-12-14,Capsicum,164,Odisha,21,Sundargarh,374,2000,2000,2000
2016-12-13,Capsicum,164,Odisha,21,Sundargarh,374,2000,3000,3000
2016-12-12,Capsicum,164,Odisha,21,Sundargarh,374,2000,3000,2000
2016-12-10,Capsicum,164,Odisha,21,Sundargarh,374,2000,3000,2000
2016-12-09,Capsicum,164,Odisha,21,Sundargarh,374,3000,3000,3000
2016-12-08,Capsicum,164,Odisha,21,Sundargarh,374,2000,2000,2000
2016-12-06,Capsicum,164,Odisha,21,Sundargarh,374,3000,3000,3000
2016-12-05,Capsicum,164,Odisha,21,Sundargarh,374,3000,3000,3000
2016-12-03,Capsicum,164,Odisha,21,Sundargarh,374,3000,3000,3000
2016-12-02,Capsicum,164,Odisha,21,Sundargarh,374,3000,3000,3000
2016-12-01,Capsicum,164,Odisha,21,Sundargarh,374,3000,3000,3000
2016-11-30,Capsicum,164,Odisha,21,Sundargarh,374,3000,3000,3000
2016-11-29,Capsicum,164,Odisha,21,Sundargarh,374,3000,3000,3000
2016-11-28,Capsicum,164,Odisha,21,Sundargarh,374,3000,3000,3000
2016-11-26,Capsicum,164,Odisha,21,Sundargarh,374,3000,3000,3000
2016-11-25,Capsicum,164,Odisha,21,Sundargarh,374,3000,3000,3000
2016-11-23,Capsicum,164,Odisha,21,Sundargarh,374,3000,3000,3000
2016-11-22,Capsicum,164,Odisha,21,Sundargarh,374,3000,3000,3000
2016-11-19,Capsicum,164,Odisha,21,Sundargarh,374,3000,3000,3000
2016-11-18,Capsicum,164,Odisha,21,Sundargarh,374,3000,3000,3000
2016-11-17,Capsicum,164,Odisha,21,Sundargarh,374,3000,3000,3000
2016-11-16,Capsicum,164,Odisha,21,Sundargarh,374,3000,3000,3000
2016-11-15,Capsicum,164,Odisha,21,Sundargarh,374,3000,3000,3000
2016-11-12,Capsicum,164,Odisha,21,Sundargarh,374,5000,5000,5000
2016-11-11,Capsicum,164,Odisha,21,Sundargarh,374,5000,5000,5000
2016-11-10,Capsicum,164,Odisha,21,Sundargarh,374,5000,5000,5000
2016-11-09,Capsicum,164,Odisha,21,Sundargarh,374,5000,6000,5000
2016-11-08,Capsicum,164,Odisha,21,Sundargarh,374,5000,6000,6000
2016-11-07,Capsicum,164,Odisha,21,Sundargarh,374,5000,6000,5000
2016-11-05,Capsicum,164,Odisha,21,Sundargarh,374,5000,5000,5000
2016-11-04,Capsicum,164,Odisha,21,Sundargarh,374,5000,6000,6000
2016-11-03,Capsicum,164,Odisha,21,Sundargarh,374,5000,5000,5000
2016-11-02,Capsicum,164,Odisha,21,Sundargarh,374,5000,5000,5000
2016-11-01,Capsicum,164,Odisha,21,Sundargarh,374,5000,6000,6000
2016-10-31,Capsicum,164,Odisha,21,Sundargarh,374,5000,6000,6000
2016-10-28,Capsicum,164,Odisha,21,Sundargarh,374,5000,6000,6000
2016-10-27,Capsicum,164,Odisha,21,Sundargarh,374,5000,6000,6000
2016-10-26,Capsicum,164,Odisha,21,Sundargarh,374,5000,6000,6000
2016-10-25,Capsicum,164,Odisha,21,Sundargarh,374,5000,6000,6000
2016-10-24,Capsicum,164,Odisha,21,Sundargarh,374,5000,6000,5000
2016-10-22,Capsicum,164,Odisha,21,Sundargarh,374,5000,6000,6000
2016-10-21,Capsicum,164,Odisha,21,Sundargarh,374,5000,6000,6000
2016-10-20,Capsicum,164,Odisha,21,Sundargarh,374,5000,6000,6000
2016-10-19,Capsicum,164,Odisha,21,Sundargarh,374,6000,6000,6000
2016-10-18,Capsicum,164,Odisha,21,Sundargarh,374,6000,6000,6000
2016-10-17,Capsicum,164,Odisha,21,Sundargarh,374,6000,6000,6000
2016-10-15,Capsicum,164,Odisha,21,Sundargarh,374,5000,6000,6000
2016-10-14,Capsicum,164,Odisha,21,Sundargarh,374,5000,6000,6000
2016-10-13,Capsicum,164,Odisha,21,Sundargarh,374,6000,6000,6000
2016-10-08,Capsicum,164,Odisha,21,Sundargarh,374,6000,6000,6000
2016-10-07,Capsicum,164,Odisha,21,Sundargarh,374,6000,6000,6000
2016-10-05,Capsicum,164,Odisha,21,Sundargarh,374,6000,6000,6000
2016-10-04,Capsicum,164,Odisha,21,Sundargarh,374,6000,6000,6000
2016-10-03,Capsicum,164,Odisha,21,Sundargarh,374,7000,7000,7000
2016-09-30,Capsicum,164,Odisha,21,Sundargarh,374,6000,6000,6000
2016-09-29,Capsicum,164,Odisha,21,Sundargarh,374,6000,6000,6000
2016-09-28,Capsicum,164,Odisha,21,Sundargarh,374,6000,7000,6000
2016-09-27,Capsicum,164,Odisha,21,Sundargarh,374,6000,6000,6000
2016-09-26,Capsicum,164,Odisha,21,Sundargarh,374,7000,7000,7000
2016-09-24,Capsicum,164,Odisha,21,Sundargarh,374,7000,7000,7000
2016-09-23,Capsicum,164,Odisha,21,Sundargarh,374,7000,8000,8000
2016-09-22,Capsicum,164,Odisha,21,Sundargarh,374,7000,7000,7000
2016-09-21,Capsicum,164,Odisha,21,Sundargarh,374,7000,7000,7000
2016-09-20,Capsicum,164,Odisha,21,Sundargarh,374,7000,8000,7000
2016-09-19,Capsicum,164,Odisha,21,Sundargarh,374,8000,8000,8000
2016-09-17,Capsicum,164,Odisha,21,Sundargarh,374,8000,8000,8000
2016-09-15,Capsicum,164,Odisha,21,Sundargarh,374,7000,7000,7000
2016-09-14,Capsicum,164,Odisha,21,Sundargarh,374,7000,8000,8000
2016-09-13,Capsicum,164,Odisha,21,Sundargarh,374,8000,8000,8000
2016-09-12,Capsicum,164,Odisha,21,Sundargarh,374,7000,8000,8000
2016-09-10,Capsicum,164,Odisha,21,Sundargarh,374,7000,8000,8000
2016-09-09,Capsicum,164,Odisha,21,Sundargarh,374,7000,8000,8000
2016-09-08,Capsicum,164,Odisha,21,Sundargarh,374,7000,8000,8000
2016-09-07,Capsicum,164,Odisha,21,Sundargarh,374,7000,8000,8000
2016-09-06,Capsicum,164,Odisha,21,Sundargarh,374,8000,8000,8000
2016-09-05,Capsicum,164,Odisha,21,Sundargarh,374,8000,8000,8000
2016-09-03,Capsicum,164,Odisha,21,Sundargarh,374,7000,8000,8000
2016-09-01,Capsicum,164,Odisha,21,Sundargarh,374,8000,8000,8000
2016-08-31,Capsicum,164,Odisha,21,Sundargarh,374,7000,8000,8000
2016-08-30,Capsicum,164,Odisha,21,Sundargarh,374,7000,8000,7000
2016-08-29,Capsicum,164,Odisha,21,Sundargarh,374,7000,8000,7000
2016-08-27,Capsicum,164,Odisha,21,Sundargarh,374,8000,8000,8000
2016-08-26,Capsicum,164,Odisha,21,Sundargarh,374,8000,8000,8000
2016-08-25,Capsicum,164,Odisha,21,Sundargarh,374,7000,8000,8000
2016-08-24,Capsicum,164,Odisha,21,Sundargarh,374,8000,8000,8000
2016-08-23,Capsicum,164,Odisha,21,Sundargarh,374,8000,8000,8000
2016-08-22,Capsicum,164,Odisha,21,Sundargarh,374,8000,8000,8000
2016-08-20,Capsicum,164,Odisha,21,Sundargarh,374,7000,7000,7000
2016-08-19,Capsicum,164,Odisha,21,Sundargarh,374,8000,8000,8000
2016-08-18,Capsicum,164,Odisha,21,Sundargarh,374,8000,8000,8000
2016-08-17,Capsicum,164,Odisha,21,Sundargarh,374,8000,8000,8000
2016-08-16,Capsicum,164,Odisha,21,Sundargarh,374,8000,8000,8000
2016-08-15,Capsicum,164,Odisha,21,Sundargarh,374,7000,8000,8000
2016-08-13,Capsicum,164,Odisha,21,Sundargarh,374,8000,8000,8000
2016-08-11,Capsicum,164,Odisha,21,Sundargarh,374,8000,8000,8000
2016-08-10,Capsicum,164,Odisha,21,Sundargarh,374,8000,9000,8000
2016-08-09,Capsicum,164,Odisha,21,Sundargarh,374,8000,8000,8000
2016-08-08,Capsicum,164,Odisha,21,Sundargarh,374,8000,9000,8000
2016-08-06,Capsicum,164,Odisha,21,Sundargarh,374,1200,1200,1200
2016-08-05,Capsicum,164,Odisha,21,Sundargarh,374,8000,8000,8000
2016-08-04,Capsicum,164,Odisha,21,Sundargarh,374,8000,8000,8000
2016-08-03,Capsicum,164,Odisha,21,Sundargarh,374,8000,8000,8000
2016-08-02,Capsicum,164,Odisha,21,Sundargarh,374,8000,8000,8000
2016-08-01,Capsicum,164,Odisha,21,Sundargarh,374,7000,8000,8000
2016-07-30,Capsicum,164,Odisha,21,Sundargarh,374,8000,8000,8000
2016-07-29,Capsicum,164,Odisha,21,Sundargarh,374,10000,10000,10000
2016-07-28,Capsicum,164,Odisha,21,Sundargarh,374,10000,10000,10000
2016-07-27,Capsicum,164,Odisha,21,Sundargarh,374,10000,10000,10000
2016-07-26,Capsicum,164,Odisha,21,Sundargarh,374,10000,10000,10000
2016-07-25,Capsicum,164,Odisha,21,Sundargarh,374,10000,10000,10000
2016-07-23,Capsicum,164,Odisha,21,Sundargarh,374,10000,10000,10000
2016-07-22,Capsicum,164,Odisha,21,Sundargarh,374,10000,10000,10000
2016-07-21,Capsicum,164,Odisha,21,Sundargarh,374,10000,10000,10000
2016-07-20,Capsicum,164,Odisha,21,Sundargarh,374,5500,6500,6400
2016-07-19,Capsicum,164,Odisha,21,Sundargarh,374,1000,1000,1000
2016-07-12,Capsicum,164,Odisha,21,Sundargarh,374,8000,8000,8000
2016-07-11,Capsicum,164,Odisha,21,Sundargarh,374,7000,8000,7000
2016-07-09,Capsicum,164,Odisha,21,Sundargarh,374,8000,8000,8000
2016-07-08,Capsicum,164,Odisha,21,Sundargarh,374,8000,9000,9000
2016-07-07,Capsicum,164,Odisha,21,Sundargarh,374,8000,9000,9000
2016-07-06,Capsicum,164,Odisha,21,Sundargarh,374,7000,8000,8000
2016-07-05,Capsicum,164,Odisha,21,Sundargarh,374,7000,8000,7000
2016-07-04,Capsicum,164,Odisha,21,Sundargarh,374,8000,8000,8000
2016-07-02,Capsicum,164,Odisha,21,Sundargarh,374,8000,8000,8000
2016-07-01,Capsicum,164,Odisha,21,Sundargarh,374,7000,8000,8000
2016-06-30,Capsicum,164,Odisha,21,Sundargarh,374,7000,8000,8000
2016-06-28,Capsicum,164,Odisha,21,Sundargarh,374,8000,8000,8000
2016-06-27,Capsicum,164,Odisha,21,Sundargarh,374,8000,8000,8000
2016-06-25,Capsicum,164,Odisha,21,Sundargarh,374,8000,8000,8000
2016-06-24,Capsicum,164,Odisha,21,Sundargarh,374,8000,8000,8000
2016-06-22,Capsicum,164,Odisha,21,Sundargarh,374,8000,8000,8000
2016-06-21,Capsicum,164,Odisha,21,Sundargarh,374,8000,8000,8000
2016-06-20,Capsicum,164,Odisha,21,Sundargarh,374,8000,8000,8000
2016-06-18,Capsicum,164,Odisha,21,Sundargarh,374,8000,8000,8000
2016-06-17,Capsicum,164,Odisha,21,Sundargarh,374,8000,8000,8000
2016-06-16,Capsicum,164,Odisha,21,Sundargarh,374,8000,8000,8000
2016-06-15,Capsicum,164,Odisha,21,Sundargarh,374,8000,8000,8000
2016-06-14,Capsicum,164,Odisha,21,Sundargarh,374,8000,8000,8000
2016-06-13,Capsicum,164,Odisha,21,Sundargarh,374,8000,8000,8000
2016-06-10,Capsicum,164,Odisha,21,Sundargarh,374,8000,8000,8000
2016-06-09,Capsicum,164,Odisha,21,Sundargarh,374,3000,4000,4000
2016-06-08,Capsicum,164,Odisha,21,Sundargarh,374,3000,4000,4000
2016-06-07,Capsicum,164,Odisha,21,Sundargarh,374,3000,4000,4000
2016-06-06,Capsicum,164,Odisha,21,Sundargarh,374,4000,4000,4000
2016-06-04,Capsicum,164,Odisha,21,Sundargarh,374,4000,4000,4000
2016-06-03,Capsicum,164,Odisha,21,Sundargarh,374,4000,4000,4000
2016-06-01,Capsicum,164,Odisha,21,Sundargarh,374,4000,4000,4000
2016-05-31,Capsicum,164,Odisha,21,Sundargarh,374,4000,4000,4000
2016-05-30,Capsicum,164,Odisha,21,Sundargarh,374,4000,4000,4000
2016-05-28,Capsicum,164,Odisha,21,Sundargarh,374,4000,4000,4000
2016-05-27,Capsicum,164,Odisha,21,Sundargarh,374,4000,4000,4000
2016-05-26,Capsicum,164,Odisha,21,Sundargarh,374,4000,4000,4000
2016-05-25,Capsicum,164,Odisha,21,Sundargarh,374,4000,4000,4000
2016-05-24,Capsicum,164,Odisha,21,Sundargarh,374,4000,6000,4000
2016-05-23,Capsicum,164,Odisha,21,Sundargarh,374,5000,5000,5000
2016-05-20,Capsicum,164,Odisha,21,Sundargarh,374,4000,5000,5000
2016-05-19,Capsicum,164,Odisha,21,Sundargarh,374,4000,5000,4000
2016-05-13,Capsicum,164,Odisha,21,Sundargarh,374,7000,8000,7000
2016-05-12,Capsicum,164,Odisha,21,Sundargarh,374,7000,7000,7000
2016-05-11,Capsicum,164,Odisha,21,Sundargarh,374,6000,7000,7000
2016-05-09,Capsicum,164,Odisha,21,Sundargarh,374,7000,7000,7000
2016-05-06,Capsicum,164,Odisha,21,Sundargarh,374,7000,8000,8000
2016-05-04,Capsicum,164,Odisha,21,Sundargarh,374,7000,8000,7000
2016-05-03,Capsicum,164,Odisha,21,Sundargarh,374,8000,8000,8000
2016-05-02,Capsicum,164,Odisha,21,Sundargarh,374,8000,8000,8000
2016-04-27,Capsicum,164,Odisha,21,Sundargarh,374,7000,8000,8000
2016-04-26,Capsicum,164,Odisha,21,Sundargarh,374,8000,8000,8000
2016-04-25,Capsicum,164,Odisha,21,Sundargarh,374,7000,8000,8000
2016-04-23,Capsicum,164,Odisha,21,Sundargarh,374,8000,8000,8000
2016-04-22,Capsicum,164,Odisha,21,Sundargarh,374,3000,4000,4000
2016-04-21,Capsicum,164,Odisha,21,Sundargarh,374,4000,4000,4000
2016-04-20,Capsicum,164,Odisha,21,Sundargarh,374,4000,4000,4000
2016-04-19,Capsicum,164,Odisha,21,Sundargarh,374,4000,4000,4000
2016-04-18,Capsicum,164,Odisha,21,Sundargarh,374,3000,4000,4000
2016-04-16,Capsicum,164,Odisha,21,Sundargarh,374,3000,4000,4000
2016-04-15,Capsicum,164,Odisha,21,Sundargarh,374,3000,4000,4000
2016-04-14,Capsicum,164,Odisha,21,Sundargarh,374,3000,4000,4000
2016-04-12,Capsicum,164,Odisha,21,Sundargarh,374,4000,4000,4000
2016-04-11,Capsicum,164,Odisha,21,Sundargarh,374,3000,4000,4000
2016-04-09,Capsicum,164,Odisha,21,Sundargarh,374,2750,3500,3400
2016-04-08,Capsicum,164,Odisha,21,Sundargarh,374,3000,4000,4000
2016-04-07,Capsicum,164,Odisha,21,Sundargarh,374,3000,4000,4000
2016-04-06,Capsicum,164,Odisha,21,Sundargarh,374,2250,3000,2900
2016-04-05,Capsicum,164,Odisha,21,Sundargarh,374,3000,3000,3000
2016-04-04,Capsicum,164,Odisha,21,Sundargarh,374,2750,3500,3400
2016-04-01,Capsicum,164,Odisha,21,Sundargarh,374,2600,2800,2750
2016-03-31,Capsicum,164,Odisha,21,Sundargarh,374,2000,3000,2000
2016-03-30,Capsicum,164,Odisha,21,Sundargarh,374,3000,3000,3000
2016-03-29,Capsicum,164,Odisha,21,Sundargarh,374,2000,3000,2000
2016-03-28,Capsicum,164,Odisha,21,Sundargarh,374,3000,3000,3000
2016-03-26,Capsicum,164,Odisha,21,Sundargarh,374,3000,3000,3000
2016-03-25,Capsicum,164,Odisha,21,Sundargarh,374,3000,4000,3000
2016-03-23,Capsicum,164,Odisha,21,Sundargarh,374,2000,3000,3000
2016-03-22,Capsicum,164,Odisha,21,Sundargarh,374,3000,3000,3000
2016-03-21,Capsicum,164,Odisha,21,Sundargarh,374,2000,3000,3000
2016-03-19,Capsicum,164,Odisha,21,Sundargarh,374,3000,3000,3000
2016-03-18,Capsicum,164,Odisha,21,Sundargarh,374,2000,3000,2000
2016-03-17,Capsicum,164,Odisha,21,Sundargarh,374,3000,3000,3000
2016-03-16,Capsicum,164,Odisha,21,Sundargarh,374,3000,3000,3000
2016-03-15,Capsicum,164,Odisha,21,Sundargarh,374,3000,3000,3000
2016-03-11,Capsicum,164,Odisha,21,Sundargarh,374,3000,3000,3000
2016-03-10,Capsicum,164,Odisha,21,Sundargarh,374,2250,2500,2400
2016-03-09,Capsicum,164,Odisha,21,Sundargarh,374,3000,3000,3000
2016-03-08,Capsicum,164,Odisha,21,Sundargarh,374,3000,3000,3000
2016-03-07,Capsicum,164,Odisha,21,Sundargarh,374,3000,3000,3000
2016-03-05,Capsicum,164,Odisha,21,Sundargarh,374,3000,3000,3000
2016-03-04,Capsicum,164,Odisha,21,Sundargarh,374,3000,3000,3000
2016-03-03,Capsicum,164,Odisha,21,Sundargarh,374,3000,3000,3000
2016-03-02,Capsicum,164,Odisha,21,Sundargarh,374,3000,3000,3000
2016-03-01,Capsicum,164,Odisha,21,Sundargarh,374,3000,3000,3000
2016-02-29,Capsicum,164,Odisha,21,Sundargarh,374,3000,3000,3000
2016-02-27,Capsicum,164,Odisha,21,Sundargarh,374,3000,3000,3000
2016-02-26,Capsicum,164,Odisha,21,Sundargarh,374,3000,3000,3000
2016-02-25,Capsicum,164,Odisha,21,Sundargarh,374,3000,3000,3000
2016-02-24,Capsicum,164,Odisha,21,Sundargarh,374,3000,3000,3000
2016-02-23,Capsicum,164,Odisha,21,Sundargarh,374,3000,3000,3000
2016-02-22,Capsicum,164,Odisha,21,Sundargarh,374,3000,3000,3000
2016-02-19,Capsicum,164,Odisha,21,Sundargarh,374,2000,3000,2000
2016-02-18,Capsicum,164,Odisha,21,Sundargarh,374,2000,2000,2000
2016-02-17,Capsicum,164,Odisha,21,Sundargarh,374,2000,3000,2000
2016-02-16,Capsicum,164,Odisha,21,Sundargarh,374,2000,3000,2000
2016-02-15,Capsicum,164,Odisha,21,Sundargarh,374,2000,3000,2000
2016-02-13,Capsicum,164,Odisha,21,Sundargarh,374,2000,2000,2000
2016-02-12,Capsicum,164,Odisha,21,Sundargarh,374,2000,2000,2000
2016-02-11,Capsicum,164,Odisha,21,Sundargarh,374,2000,2000,2000
2016-02-10,Capsicum,164,Odisha,21,Sundargarh,374,2000,2000,2000
2016-02-09,Capsicum,164,Odisha,21,Sundargarh,374,2000,2000,2000
2016-02-08,Capsicum,164,Odisha,21,Sundargarh,374,2000,3000,2000
2016-02-06,Capsicum,164,Odisha,21,Sundargarh,374,2000,2000,2000
2016-02-05,Capsicum,164,Odisha,21,Sundargarh,374,2000,2000,2000
2016-02-04,Capsicum,164,Odisha,21,Sundargarh,374,3000,3500,3000
2016-02-03,Capsicum,164,Odisha,21,Sundargarh,374,3000,3500,3500
2016-02-02,Capsicum,164,Odisha,21,Sundargarh,374,3000,3500,3000
2016-02-01,Capsicum,164,Odisha,21,Sundargarh,374,3000,3500,3500
2016-01-30,Capsicum,164,Odisha,21,Sundargarh,374,2300,2750,2400
2016-01-29,Capsicum,164,Odisha,21,Sundargarh,374,2300,2500,2400
2016-01-28,Capsicum,164,Odisha,21,Sundargarh,374,2550,2750,2650
2016-01-27,Capsicum,164,Odisha,21,Sundargarh,374,3000,3000,3000
2016-01-25,Capsicum,164,Odisha,21,Sundargarh,374,3000,3000,3000
2016-01-23,Capsicum,164,Odisha,21,Sundargarh,374,3000,3000,3000
2016-01-22,Capsicum,164,Odisha,21,Sundargarh,374,3000,3000,3000
2016-01-21,Capsicum,164,Odisha,21,Sundargarh,374,2000,3000,2000
2016-01-20,Capsicum,164,Odisha,21,Sundargarh,374,2000,3000,2000
2016-01-18,Capsicum,164,Odisha,21,Sundargarh,374,2000,3000,2000
2016-01-16,Capsicum,164,Odisha,21,Sundargarh,374,2000,3000,2000
2016-01-15,Capsicum,164,Odisha,21,Sundargarh,374,2000,3000,2000
2016-01-14,Capsicum,164,Odisha,21,Sundargarh,374,1500,1750,1600
2016-01-13,Capsicum,164,Odisha,21,Sundargarh,374,2000,2000,2000
2016-01-12,Capsicum,164,Odisha,21,Sundargarh,374,1000,1400,1200
2016-01-11,Capsicum,164,Odisha,21,Sundargarh,374,2000,2000,2000
2016-01-09,Capsicum,164,Odisha,21,Sundargarh,374,2000,2000,2000
2016-01-08,Capsicum,164,Odisha,21,Sundargarh,374,2000,2000,2000
2016-01-07,Capsicum,164,Odisha,21,Sundargarh,374,2000,2000,2000
2016-01-06,Capsicum,164,Odisha,21,Sundargarh,374,2000,2000,2000
2016-01-05,Capsicum,164,Odisha,21,Sundargarh,374,2000,2000,2000
2016-01-04,Capsicum,164,Odisha,21,Sundargarh,374,2000,2000,2000
2016-01-02,Capsicum,164,Odisha,21,Sundargarh,374,2000,2000,2000
2016-01-01,Capsicum,164,Odisha,21,Sundargarh,374,2000,2000,2000
2015-12-31,Capsicum,164,Odisha,21,Sundargarh,374,2000,2000,2000
2015-12-30,Capsicum,164,Odisha,21,Sundargarh,374,2000,2000,2000
2015-12-29,Capsicum,164,Odisha,21,Sundargarh,374,2000,2000,2000
2015-12-28,Capsicum,164,Odisha,21,Sundargarh,374,2000,2000,2000
2015-12-26,Capsicum,164,Odisha,21,Sundargarh,374,2000,2000,2000
2015-12-25,Capsicum,164,Odisha,21,Sundargarh,374,2000,2000,2000
2015-12-24,Capsicum,164,Odisha,21,Sundargarh,374,2000,2000,2000
2015-12-23,Capsicum,164,Odisha,21,Sundargarh,374,2000,2000,2000
2015-12-22,Capsicum,164,Odisha,21,Sundargarh,374,2000,2000,2000
2015-12-21,Capsicum,164,Odisha,21,Sundargarh,374,2000,2000,2000
2015-12-19,Capsicum,164,Odisha,21,Sundargarh,374,2000,2000,2000
2015-12-18,Capsicum,164,Odisha,21,Sundargarh,374,1900,2000,1950
2015-12-17,Capsicum,164,Odisha,21,Sundargarh,374,1900,2000,1950
2015-12-16,Capsicum,164,Odisha,21,Sundargarh,374,2000,2000,2000
2015-12-15,Capsicum,164,Odisha,21,Sundargarh,374,2000,2000,2000
2015-12-14,Capsicum,164,Odisha,21,Sundargarh,374,2000,2000,2000
2015-12-12,Capsicum,164,Odisha,21,Sundargarh,374,2000,2000,2000
2015-12-11,Capsicum,164,Odisha,21,Sundargarh,374,2000,2000,2000
2015-12-10,Capsicum,164,Odisha,21,Sundargarh,374,2000,2000,2000
2015-12-08,Capsicum,164,Odisha,21,Sundargarh,374,2000,2000,2000
2015-12-07,Capsicum,164,Odisha,21,Sundargarh,374,4000,4000,4000
2015-12-05,Capsicum,164,Odisha,21,Sundargarh,374,4000,4000,4000
2015-12-04,Capsicum,164,Odisha,21,Sundargarh,374,3000,4000,4000
2015-12-03,Capsicum,164,Odisha,21,Sundargarh,374,4000,4000,4000
2015-12-02,Capsicum,164,Odisha,21,Sundargarh,374,4000,4000,4000
2015-12-01,Capsicum,164,Odisha,21,Sundargarh,374,4000,4000,4000
2015-11-30,Capsicum,164,Odisha,21,Sundargarh,374,4000,4000,4000
2015-11-28,Capsicum,164,Odisha,21,Sundargarh,374,3000,4000,4000
2015-11-27,Capsicum,164,Odisha,21,Sundargarh,374,4000,4000,4000
2015-11-26,Capsicum,164,Odisha,21,Sundargarh,374,4000,4000,4000
2015-11-25,Capsicum,164,Odisha,21,Sundargarh,374,4000,4000,4000
2015-11-24,Capsicum,164,Odisha,21,Sundargarh,374,3500,4000,4000
2015-11-23,Capsicum,164,Odisha,21,Sundargarh,374,4000,4000,4000
2015-11-21,Capsicum,164,Odisha,21,Sundargarh,374,4000,4000,4000
2015-11-20,Capsicum,164,Odisha,21,Sundargarh,374,4000,4000,4000
2015-11-19,Capsicum,164,Odisha,21,Sundargarh,374,4000,5000,4000
2015-11-18,Capsicum,164,Odisha,21,Sundargarh,374,4000,5000,4000
2015-11-17,Capsicum,164,Odisha,21,Sundargarh,374,6000,6000,6000
2015-11-16,Capsicum,164,Odisha,21,Sundargarh,374,5000,5000,5000
2015-11-14,Capsicum,164,Odisha,21,Sundargarh,374,6000,6000,6000
2015-11-13,Capsicum,164,Odisha,21,Sundargarh,374,6000,6000,6000
2015-11-12,Capsicum,164,Odisha,21,Sundargarh,374,5000,5000,5000
2015-11-11,Capsicum,164,Odisha,21,Sundargarh,374,5000,5000,5000
2015-11-10,Capsicum,164,Odisha,21,Sundargarh,374,5000,6000,5000
2015-11-09,Capsicum,164,Odisha,21,Sundargarh,374,5000,5000,5000
2015-11-07,Capsicum,164,Odisha,21,Sundargarh,374,5000,5000,5000
2015-11-06,Capsicum,164,Odisha,21,Sundargarh,374,4000,5000,4000
2015-11-05,Capsicum,164,Odisha,21,Sundargarh,374,5000,6000,5000
2015-11-04,Capsicum,164,Odisha,21,Sundargarh,374,5000,6000,5000
2015-11-03,Capsicum,164,Odisha,21,Sundargarh,374,5000,5000,5000
2015-11-02,Capsicum,164,Odisha,21,Sundargarh,374,5000,5000,5000
2015-10-31,Capsicum,164,Odisha,21,Sundargarh,374,4000,5000,4000
2015-10-30,Capsicum,164,Odisha,21,Sundargarh,374,5000,5000,5000
2015-10-29,Capsicum,164,Odisha,21,Sundargarh,374,5000,5000,5000
2015-10-28,Capsicum,164,Odisha,21,Sundargarh,374,5000,6000,5000
2015-10-27,Capsicum,164,Odisha,21,Sundargarh,374,5000,6000,5000
2015-10-26,Capsicum,164,Odisha,21,Sundargarh,374,4000,6000,4000
2015-10-24,Capsicum,164,Odisha,21,Sundargarh,374,5000,6000,6000
2015-10-23,Capsicum,164,Odisha,21,Sundargarh,374,3500,4000,3500
2015-10-22,Capsicum,164,Odisha,21,Sundargarh,374,3500,6000,5000
2015-10-21,Capsicum,164,Odisha,21,Sundargarh,374,4000,6000,4000
2015-10-18,Capsicum,164,Odisha,21,Sundargarh,374,3500,4000,3800
2015-10-17,Capsicum,164,Odisha,21,Sundargarh,374,3500,4000,4000
2015-10-16,Capsicum,164,Odisha,21,Sundargarh,374,5000,6000,6000
2015-10-15,Capsicum,164,Odisha,21,Sundargarh,374,5000,6000,6000
2015-10-14,Capsicum,164,Odisha,21,Sundargarh,374,3500,4000,4000
2015-10-13,Capsicum,164,Odisha,21,Sundargarh,374,3500,6000,4000
2015-10-12,Capsicum,164,Odisha,21,Sundargarh,374,3500,4000,4000
2015-10-11,Capsicum,164,Odisha,21,Sundargarh,374,3500,4000,3800
2015-10-10,Capsicum,164,Odisha,21,Sundargarh,374,3500,4000,4000
2015-10-09,Capsicum,164,Odisha,21,Sundargarh,374,3500,4000,4000
2015-10-08,Capsicum,164,Odisha,21,Sundargarh,374,3500,4000,4000
2015-10-07,Capsicum,164,Odisha,21,Sundargarh,374,3500,4000,4000
2015-10-06,Capsicum,164,Odisha,21,Sundargarh,374,3500,4000,4000
2015-10-05,Capsicum,164,Odisha,21,Sundargarh,374,3500,4000,4000
2015-10-03,Capsicum,164,Odisha,21,Sundargarh,374,3500,4000,4000
2015-10-02,Capsicum,164,Odisha,21,Sundargarh,374,3500,4000,4000
2015-10-01,Capsicum,164,Odisha,21,Sundargarh,374,3500,4000,4000
2015-09-30,Capsicum,164,Odisha,21,Sundargarh,374,4000,4000,4000
2015-09-29,Capsicum,164,Odisha,21,Sundargarh,374,3000,4000,3000
2015-09-28,Capsicum,164,Odisha,21,Sundargarh,374,3500,4000,3500
2015-09-26,Capsicum,164,Odisha,21,Sundargarh,374,3000,4000,3000
2015-09-25,Capsicum,164,Odisha,21,Sundargarh,374,3000,4000,4000
2015-09-23,Capsicum,164,Odisha,21,Sundargarh,374,3500,4000,4000
2015-09-22,Capsicum,164,Odisha,21,Sundargarh,374,3000,4000,3500
2015-09-21,Capsicum,164,Odisha,21,Sundargarh,374,3000,4000,3500
2015-09-20,Capsicum,164,Odisha,21,Sundargarh,374,3000,3400,3200
2015-09-19,Capsicum,164,Odisha,21,Sundargarh,374,3500,4000,4000
2015-09-17,Capsicum,164,Odisha,21,Sundargarh,374,3500,4000,4000
2015-09-16,Capsicum,164,Odisha,21,Sundargarh,374,4000,4000,4000
2015-09-15,Capsicum,164,Odisha,21,Sundargarh,374,3500,4000,4000
2015-09-14,Capsicum,164,Odisha,21,Sundargarh,374,3500,4000,4000
2015-09-12,Capsicum,164,Odisha,21,Sundargarh,374,3000,4000,3500
2015-09-11,Capsicum,164,Odisha,21,Sundargarh,374,3500,4000,4000
2015-09-10,Capsicum,164,Odisha,21,Sundargarh,374,3500,4000,4000
2015-09-09,Capsicum,164,Odisha,21,Sundargarh,374,3000,4000,3500
2015-09-08,Capsicum,164,Odisha,21,Sundargarh,374,3500,4000,4000
2015-09-07,Capsicum,164,Odisha,21,Sundargarh,374,3500,4000,4000
2015-09-06,Capsicum,164,Odisha,21,Sundargarh,374,3500,3700,3600
2015-09-05,Capsicum,164,Odisha,21,Sundargarh,374,3000,4000,3000
2015-09-04,Capsicum,164,Odisha,21,Sundargarh,374,3500,4000,3500
2015-09-03,Capsicum,164,Odisha,21,Sundargarh,374,3500,4000,4000
2015-09-02,Capsicum,164,Odisha,21,Sundargarh,374,3500,4000,4000
2015-09-01,Capsicum,164,Odisha,21,Sundargarh,374,3500,4000,4000
2015-08-31,Capsicum,164,Odisha,21,Sundargarh,374,3000,4000,3500
2015-08-29,Capsicum,164,Odisha,21,Sundargarh,374,3500,4000,4000
2015-08-28,Capsicum,164,Odisha,21,Sundargarh,374,3000,4000,3500
2015-08-26,Capsicum,164,Odisha,21,Sundargarh,374,3500,4000,4000
2015-08-25,Capsicum,164,Odisha,21,Sundargarh,374,3500,4000,4000
2015-08-24,Capsicum,164,Odisha,21,Sundargarh,374,3000,4000,4000
2015-08-22,Capsicum,164,Odisha,21,Sundargarh,374,3000,4000,3500
2015-08-21,Capsicum,164,Odisha,21,Sundargarh,374,3000,4000,4000
2015-08-20,Capsicum,164,Odisha,21,Sundargarh,374,3000,4000,4000
2015-08-19,Capsicum,164,Odisha,21,Sundargarh,374,3000,4000,4000
2015-08-18,Capsicum,164,Odisha,21,Sundargarh,374,3000,4000,3000
2015-08-17,Capsicum,164,Odisha,21,Sundargarh,374,3500,4000,4000
2015-08-16,Capsicum,164,Odisha,21,Sundargarh,374,3000,3500,3400
2015-08-15,Capsicum,164,Odisha,21,Sundargarh,374,3000,4000,3000
2015-08-13,Capsicum,164,Odisha,21,Sundargarh,374,3000,4000,3000
2015-08-11,Capsicum,164,Odisha,21,Sundargarh,374,3000,4000,4000
2015-08-10,Capsicum,164,Odisha,21,Sundargarh,374,4000,4000,4000
2015-08-08,Capsicum,164,Odisha,21,Sundargarh,374,4000,4000,4000
2015-08-07,Capsicum,164,Odisha,21,Sundargarh,374,3500,4000,4000
2015-08-06,Capsicum,164,Odisha,21,Sundargarh,374,3000,4000,4000
2015-08-05,Capsicum,164,Odisha,21,Sundargarh,374,3500,4000,4000
2015-08-03,Capsicum,164,Odisha,21,Sundargarh,374,4000,4000,4000
2015-08-02,Capsicum,164,Odisha,21,Sundargarh,374,4000,4400,4200
2015-08-01,Capsicum,164,Odisha,21,Sundargarh,374,3500,4000,4000
2015-07-31,Capsicum,164,Odisha,21,Sundargarh,374,4000,4000,4000
2015-07-30,Capsicum,164,Odisha,21,Sundargarh,374,3500,4000,4000
2015-07-29,Capsicum,164,Odisha,21,Sundargarh,374,3500,4000,4000
2015-07-28,Capsicum,164,Odisha,21,Sundargarh,374,3500,4000,4000
2015-07-27,Capsicum,164,Odisha,21,Sundargarh,374,3500,4000,4000
2015-07-25,Capsicum,164,Odisha,21,Sundargarh,374,4000,4000,4000
2015-07-24,Capsicum,164,Odisha,21,Sundargarh,374,4000,4000,4000
2015-07-23,Capsicum,164,Odisha,21,Sundargarh,374,3500,4000,4000
2015-07-22,Capsicum,164,Odisha,21,Sundargarh,374,3500,4000,4000
2015-07-21,Capsicum,164,Odisha,21,Sundargarh,374,3500,4000,4000
2015-07-20,Capsicum,164,Odisha,21,Sundargarh,374,3500,4000,4000
2015-07-19,Capsicum,164,Odisha,21,Sundargarh,374,4000,4500,4300
2015-07-18,Capsicum,164,Odisha,21,Sundargarh,374,3500,4000,4000
2015-07-17,Capsicum,164,Odisha,21,Sundargarh,374,3500,4000,4000
2015-07-16,Capsicum,164,Odisha,21,Sundargarh,374,3500,4000,4000
2015-07-15,Capsicum,164,Odisha,21,Sundargarh,374,3500,4000,3850
2015-07-14,Capsicum,164,Odisha,21,Sundargarh,374,3500,4000,4000
2015-07-13,Capsicum,164,Odisha,21,Sundargarh,374,3500,4000,4000
2015-07-11,Capsicum,164,Odisha,21,Sundargarh,374,3500,4000,4000
2015-07-10,Capsicum,164,Odisha,21,Sundargarh,374,3500,4000,4000
2015-07-09,Capsicum,164,Odisha,21,Sundargarh,374,3500,4000,4000
2015-07-08,Capsicum,164,Odisha,21,Sundargarh,374,3000,4000,4000
2015-07-07,Capsicum,164,Odisha,21,Sundargarh,374,3000,4000,4000
2015-07-06,Capsicum,164,Odisha,21,Sundargarh,374,3500,4000,4000
2015-07-05,Capsicum,164,Odisha,21,Sundargarh,374,4000,4500,4200
2015-07-04,Capsicum,164,Odisha,21,Sundargarh,374,3000,4000,4000
2015-07-03,Capsicum,164,Odisha,21,Sundargarh,374,3500,4000,4000
2015-07-02,Capsicum,164,Odisha,21,Sundargarh,374,3000,4000,4000
2015-07-01,Capsicum,164,Odisha,21,Sundargarh,374,3000,4000,4000
2015-06-30,Capsicum,164,Odisha,21,Sundargarh,374,3000,4000,4000
2015-06-29,Capsicum,164,Odisha,21,Sundargarh,374,3000,4000,4000
2015-06-27,Capsicum,164,Odisha,21,Sundargarh,374,3000,4000,4000
2015-06-26,Capsicum,164,Odisha,21,Sundargarh,374,3000,4000,4000
2015-06-25,Capsicum,164,Odisha,21,Sundargarh,374,3000,4000,3000
2015-06-24,Capsicum,164,Odisha,21,Sundargarh,374,3000,4000,4000
2015-06-23,Capsicum,164,Odisha,21,Sundargarh,374,3000,4000,4000
2015-06-22,Capsicum,164,Odisha,21,Sundargarh,374,3000,4000,4000
2015-06-20,Capsicum,164,Odisha,21,Sundargarh,374,3000,4000,4000
2015-06-19,Capsicum,164,Odisha,21,Sundargarh,374,3000,4000,3500
2015-06-18,Capsicum,164,Odisha,21,Sundargarh,374,3500,4000,4000
2015-06-17,Capsicum,164,Odisha,21,Sundargarh,374,3500,4000,4000
2015-06-16,Capsicum,164,Odisha,21,Sundargarh,374,3500,4000,4000
2015-06-15,Capsicum,164,Odisha,21,Sundargarh,374,3500,4000,4000
2015-06-14,Capsicum,164,Odisha,21,Sundargarh,374,3000,3500,3200
2015-06-13,Capsicum,164,Odisha,21,Sundargarh,374,3500,4000,4000
2015-06-12,Capsicum,164,Odisha,21,Sundargarh,374,3500,4000,4000
2015-06-09,Capsicum,164,Odisha,21,Sundargarh,374,3500,4000,4000
2015-06-08,Capsicum,164,Odisha,21,Sundargarh,374,3500,4000,4000
2015-06-07,Capsicum,164,Odisha,21,Sundargarh,374,3500,4000,3800
2015-06-06,Capsicum,164,Odisha,21,Sundargarh,374,3500,4000,4000
2015-06-04,Capsicum,164,Odisha,21,Sundargarh,374,3500,4000,4000
2015-06-03,Capsicum,164,Odisha,21,Sundargarh,374,3500,4000,3500
2015-06-02,Capsicum,164,Odisha,21,Sundargarh,374,3500,4000,3500
2015-06-01,Capsicum,164,Odisha,21,Sundargarh,374,3500,4000,4000
2015-05-31,Capsicum,164,Odisha,21,Sundargarh,374,3000,3500,3200
2015-05-30,Capsicum,164,Odisha,21,Sundargarh,374,3500,4000,3500
2015-05-29,Capsicum,164,Odisha,21,Sundargarh,374,3500,4000,4000
2015-05-28,Capsicum,164,Odisha,21,Sundargarh,374,3500,4000,3500
2015-05-27,Capsicum,164,Odisha,21,Sundargarh,374,3500,4000,4000
2015-05-26,Capsicum,164,Odisha,21,Sundargarh,374,3500,4000,4000
2015-05-25,Capsicum,164,Odisha,21,Sundargarh,374,3500,4000,4000
2015-05-24,Capsicum,164,Odisha,21,Sundargarh,374,4000,5000,4500
2015-05-22,Capsicum,164,Odisha,21,Sundargarh,374,3000,4000,4000
2015-05-20,Capsicum,164,Odisha,21,Sundargarh,374,3500,4000,3500
2015-05-19,Capsicum,164,Odisha,21,Sundargarh,374,3500,4000,4000
2015-05-18,Capsicum,164,Odisha,21,Sundargarh,374,3500,4000,4000
2015-05-16,Capsicum,164,Odisha,21,Sundargarh,374,3500,4000,4000
2015-05-15,Capsicum,164,Odisha,21,Sundargarh,374,3000,4000,3500
2015-05-13,Capsicum,164,Odisha,21,Sundargarh,374,3000,4000,3500
2015-05-11,Capsicum,164,Odisha,21,Sundargarh,374,3000,4000,3500
2015-05-09,Capsicum,164,Odisha,21,Sundargarh,374,3500,4000,4000
2015-05-07,Capsicum,164,Odisha,21,Sundargarh,374,3500,4000,3500
2015-05-06,Capsicum,164,Odisha,21,Sundargarh,374,3500,4000,3500
2015-05-05,Capsicum,164,Odisha,21,Sundargarh,374,3500,4000,3500
2015-05-02,Capsicum,164,Odisha,21,Sundargarh,374,3000,4000,3500
2015-05-01,Capsicum,164,Odisha,21,Sundargarh,374,3000,4000,3500
2015-04-30,Capsicum,164,Odisha,21,Sundargarh,374,3500,4000,3500
2015-04-29,Capsicum,164,Odisha,21,Sundargarh,374,3500,4000,4000
2015-04-28,Capsicum,164,Odisha,21,Sundargarh,374,3500,4000,4000
2015-04-27,Capsicum,164,Odisha,21,Sundargarh,374,3500,4000,4000
2015-04-24,Capsicum,164,Odisha,21,Sundargarh,374,3500,4000,4000
2015-04-22,Capsicum,164,Odisha,21,Sundargarh,374,3500,4000,4000
2015-04-21,Capsicum,164,Odisha,21,Sundargarh,374,3500,4000,4000
2015-04-20,Capsicum,164,Odisha,21,Sundargarh,374,3500,4000,4000
2015-04-18,Capsicum,164,Odisha,21,Sundargarh,374,3500,4000,3500
2015-04-17,Capsicum,164,Odisha,21,Sundargarh,374,3500,4000,4000
2015-04-15,Capsicum,164,Odisha,21,Sundargarh,374,3500,4000,4000
2015-04-13,Capsicum,164,Odisha,21,Sundargarh,374,3500,4000,4000
2015-04-11,Capsicum,164,Odisha,21,Sundargarh,374,4000,4000,4000
2015-04-10,Capsicum,164,Odisha,21,Sundargarh,374,3500,4000,4000
2015-04-09,Capsicum,164,Odisha,21,Sundargarh,374,3500,4000,3500
2015-04-08,Capsicum,164,Odisha,21,Sundargarh,374,3500,4000,3500
2015-04-07,Capsicum,164,Odisha,21,Sundargarh,374,3500,4000,4000
2015-04-06,Capsicum,164,Odisha,21,Sundargarh,374,3500,4000,3500
2015-04-04,Capsicum,164,Odisha,21,Sundargarh,374,3000,4000,3500
2015-04-03,Capsicum,164,Odisha,21,Sundargarh,374,3000,3800,3500
2015-04-02,Capsicum,164,Odisha,21,Sundargarh,374,3000,4000,3500
2015-04-01,Capsicum,164,Odisha,21,Sundargarh,374,3500,4000,4000
2015-03-31,Capsicum,164,Odisha,21,Sundargarh,374,3500,4000,4000
2015-03-30,Capsicum,164,Odisha,21,Sundargarh,374,3500,4000,3500
2015-03-28,Capsicum,164,Odisha,21,Sundargarh,374,3500,4000,4000
2015-03-27,Capsicum,164,Odisha,21,Sundargarh,374,3500,4000,4000
2015-03-26,Capsicum,164,Odisha,21,Sundargarh,374,3500,4000,4000
2015-03-25,Capsicum,164,Odisha,21,Sundargarh,374,3500,4000,4000
2015-03-24,Capsicum,164,Odisha,21,Sundargarh,374,3500,4000,3500
2015-03-23,Capsicum,164,Odisha,21,Sundargarh,374,3500,4000,4000
2015-03-21,Capsicum,164,Odisha,21,Sundargarh,374,3500,4000,4000
2015-03-20,Capsicum,164,Odisha,21,Sundargarh,374,3500,4000,4000
2015-03-17,Capsicum,164,Odisha,21,Sundargarh,374,3500,4000,4000
2015-03-15,Capsicum,164,Odisha,21,Sundargarh,374,3500,4000,3800
2015-03-14,Capsicum,164,Odisha,21,Sundargarh,374,3500,4000,4000
2015-03-13,Capsicum,164,Odisha,21,Sundargarh,374,3500,4000,4000
2015-03-12,Capsicum,164,Odisha,21,Sundargarh,374,3500,4000,4000
2015-03-11,Capsicum,164,Odisha,21,Sundargarh,374,3500,4000,4000
2015-03-10,Capsicum,164,Odisha,21,Sundargarh,374,3500,4000,4000
2015-03-09,Capsicum,164,Odisha,21,Sundargarh,374,3500,4000,4000
2015-03-05,Capsicum,164,Odisha,21,Sundargarh,374,2500,3000,3000
2015-03-04,Capsicum,164,Odisha,21,Sundargarh,374,3000,3500,3000
2015-03-02,Capsicum,164,Odisha,21,Sundargarh,374,3000,3500,3000
2015-02-27,Capsicum,164,Odisha,21,Sundargarh,374,3000,3500,3500
2015-02-25,Capsicum,164,Odisha,21,Sundargarh,374,3000,3500,3000
2015-02-20,Capsicum,164,Odisha,21,Sundargarh,374,3000,4000,3500
2015-02-19,Capsicum,164,Odisha,21,Sundargarh,374,3000,3500,3000
2015-02-18,Capsicum,164,Odisha,21,Sundargarh,374,3500,4000,3500
2015-02-17,Capsicum,164,Odisha,21,Sundargarh,374,3000,3500,3500
2015-02-16,Capsicum,164,Odisha,21,Sundargarh,374,1000,1500,1000
2015-02-15,Capsicum,164,Odisha,21,Sundargarh,374,2000,3000,2500
2015-02-14,Capsicum,164,Odisha,21,Sundargarh,374,3000,4000,3500
2015-02-13,Capsicum,164,Odisha,21,Sundargarh,374,3500,3500,3500
2015-02-12,Capsicum,164,Odisha,21,Sundargarh,374,2750,3300,2950
2015-02-11,Capsicum,164,Odisha,21,Sundargarh,374,3000,3500,3000
2015-02-10,Capsicum,164,Odisha,21,Sundargarh,374,3000,4000,3500
2015-02-09,Capsicum,164,Odisha,21,Sundargarh,374,3000,3500,3000
2015-02-08,Capsicum,164,Odisha,21,Sundargarh,374,3500,4000,3500
2015-02-07,Capsicum,164,Odisha,21,Sundargarh,374,3500,4000,3500
2015-02-06,Capsicum,164,Odisha,21,Sundargarh,374,2350,2900,2550
2015-02-05,Capsicum,164,Odisha,21,Sundargarh,374,3500,4000,4000
2015-02-04,Capsicum,164,Odisha,21,Sundargarh,374,3000,3500,3500
2015-02-03,Capsicum,164,Odisha,21,Sundargarh,374,3000,4000,3500
2015-02-02,Capsicum,164,Odisha,21,Sundargarh,374,3000,3500,3000
2015-01-31,Capsicum,164,Odisha,21,Sundargarh,374,3000,3500,3500
2015-01-30,Capsicum,164,Odisha,21,Sundargarh,374,3000,3500,3500
2015-01-29,Capsicum,164,Odisha,21,Sundargarh,374,1000,1500,1500
2015-01-28,Capsicum,164,Odisha,21,Sundargarh,374,3000,3500,3500
2015-01-27,Capsicum,164,Odisha,21,Sundargarh,374,3000,4000,3500
2015-01-24,Capsicum,164,Odisha,21,Sundargarh,374,3000,4000,3500
2015-01-22,Capsicum,164,Odisha,21,Sundargarh,374,3500,4000,3500
2015-01-21,Capsicum,164,Odisha,21,Sundargarh,374,3000,3500,3500
2015-01-20,Capsicum,164,Odisha,21,Sundargarh,374,3500,4000,4000
2015-01-19,Capsicum,164,Odisha,21,Sundargarh,374,3000,4000,3500
2015-01-18,Capsicum,164,Odisha,21,Sundargarh,374,3000,3750,3250
2015-01-17,Capsicum,164,Odisha,21,Sundargarh,374,3000,4000,3500
2015-01-16,Capsicum,164,Odisha,21,Sundargarh,374,3500,4000,3500
2015-01-15,Capsicum,164,Odisha,21,Sundargarh,374,3500,4000,4000
2015-01-14,Capsicum,164,Odisha,21,Sundargarh,374,1500,2000,2000
2015-01-13,Capsicum,164,Odisha,21,Sundargarh,374,3000,4000,3500
2015-01-12,Capsicum,164,Odisha,21,Sundargarh,374,1500,2000,2000
2015-01-11,Capsicum,164,Odisha,21,Sundargarh,374,3500,4000,4000
2015-01-10,Capsicum,164,Odisha,21,Sundargarh,374,3500,4000,4000
2015-01-09,Capsicum,164,Odisha,21,Sundargarh,374,3500,4000,4000
2015-01-08,Capsicum,164,Odisha,21,Sundargarh,374,3500,4000,3500
2015-01-07,Capsicum,164,Odisha,21,Sundargarh,374,3500,4000,3900
2015-01-06,Capsicum,164,Odisha,21,Sundargarh,374,3500,4000,4000
2015-01-05,Capsicum,164,Odisha,21,Sundargarh,374,3500,4000,4000
2015-01-04,Capsicum,164,Odisha,21,Sundargarh,374,3750,4000,3900
2015-01-03,Capsicum,164,Odisha,21,Sundargarh,374,3500,4000,3500
2015-01-01,Capsicum,164,Odisha,21,Sundargarh,374,4000,4000,4000
