date,commodity,commodity_id,state,state_id,district,district_id,price_min,price_max,price_modal
2025-10-30,Green Gram (Moong)(Whole),9,Gujarat,24,Amreli,480,4950,5000,4975
2025-10-29,Green Gram (Moong)(Whole),9,Gujarat,24,Amreli,480,4600,6815,6251
2025-10-28,Green Gram (Moong)(Whole),9,Gujarat,24,Amreli,480,7125,7125,7125
2025-10-16,Green Gram (Moong)(Whole),9,Gujarat,24,Amreli,480,6505,7005,6755
2025-10-14,Green Gram (Moong)(Whole),9,Gujarat,24,Amreli,480,5600,10000,7100
2025-10-13,Green Gram (Moong)(Whole),9,Gujarat,24,Amreli,480,6250,6250,6250
2025-10-11,Green Gram (Moong)(Whole),9,Gujarat,24,Amreli,480,5505,5505,5505
2025-10-09,Green Gram (Moong)(Whole),9,Gujarat,24,Amreli,480,7070,7070,7070
2025-10-08,Green Gram (Moong)(Whole),9,Gujarat,24,Amreli,480,4937.5,8362.5,6762.5
2025-10-04,Green Gram (Moong)(Whole),9,Gujarat,24,Amreli,480,6500,7747.5,7025
2025-10-03,Green Gram (Moong)(Whole),9,Gujarat,24,Amreli,480,7250,8780,7325
2025-10-01,Green Gram (Moong)(Whole),9,Gujarat,24,Amreli,480,5516.666666666667,6661.666666666667,5968.333333333333
2025-09-30,Green Gram (Moong)(Whole),9,Gujarat,24,Amreli,480,6077.5,6867.5,6471
2025-09-29,Green Gram (Moong)(Whole),9,Gujarat,24,Amreli,480,6000,7400,7150
2025-09-27,Green Gram (Moong)(Whole),9,Gujarat,24,Amreli,480,5350,8750,7450
2025-09-26,Green Gram (Moong)(Whole),9,Gujarat,24,Amreli,480,7002.5,8577.5,7640
2025-09-25,Green Gram (Moong)(Whole),9,Gujarat,24,Amreli,480,6812.5,7387.5,7012.5
2025-09-24,Green Gram (Moong)(Whole),9,Gujarat,24,Amreli,480,7000,7010,7005
2025-09-23,Green Gram (Moong)(Whole),9,Gujarat,24,Amreli,480,5000,7400,6200
2025-09-20,Green Gram (Moong)(Whole),9,Gujarat,24,Amreli,480,4000,8550,7930
2025-09-19,Green Gram (Moong)(Whole),9,Gujarat,24,Amreli,480,5362.5,6812.5,6467.5
2025-09-18,Green Gram (Moong)(Whole),9,Gujarat,24,Amreli,480,6250,7590,6987.5
2025-09-17,Green Gram (Moong)(Whole),9,Gujarat,24,Amreli,480,5652.5,6757.5,6197.5
2025-09-16,Green Gram (Moong)(Whole),9,Gujarat,24,Amreli,480,5950,7252.5,6970
2025-09-15,Green Gram (Moong)(Whole),9,Gujarat,24,Amreli,480,6310,6310,6310
2025-09-13,Green Gram (Moong)(Whole),9,Gujarat,24,Amreli,480,6062.5,8190,6982.5
2025-09-12,Green Gram (Moong)(Whole),9,Gujarat,24,Amreli,480,6337.5,7700,6837.5
2025-09-11,Green Gram (Moong)(Whole),9,Gujarat,24,Amreli,480,4150,7025,5587.5
2025-09-10,Green Gram (Moong)(Whole),9,Gujarat,24,Amreli,480,5075,6537.5,5887.5
2025-09-09,Green Gram (Moong)(Whole),9,Gujarat,24,Amreli,480,5100,7215,6157.5
2025-09-08,Green Gram (Moong)(Whole),9,Gujarat,24,Amreli,480,6200,6750,6475
2025-09-06,Green Gram (Moong)(Whole),9,Gujarat,24,Amreli,480,6662.5,9850,8631.5
2025-09-04,Green Gram (Moong)(Whole),9,Gujarat,24,Amreli,480,5470,6615,6276.25
2025-09-03,Green Gram (Moong)(Whole),9,Gujarat,24,Amreli,480,6375,7012.5,6686
2025-09-02,Green Gram (Moong)(Whole),9,Gujarat,24,Amreli,480,5305,8150,7560
2025-09-01,Green Gram (Moong)(Whole),9,Gujarat,24,Amreli,480,4566.666666666667,7498.333333333333,6744.333333333333
2025-08-30,Green Gram (Moong)(Whole),9,Gujarat,24,Amreli,480,5475,7112.5,7031
2025-08-29,Green Gram (Moong)(Whole),9,Gujarat,24,Amreli,480,7400,7490,7490
2025-08-28,Green Gram (Moong)(Whole),9,Gujarat,24,Amreli,480,5825,6200,6075
2025-08-27,Green Gram (Moong)(Whole),9,Gujarat,24,Amreli,480,6350,7485,7250
2025-08-26,Green Gram (Moong)(Whole),9,Gujarat,24,Amreli,480,7455,7455,7455
2025-08-25,Green Gram (Moong)(Whole),9,Gujarat,24,Amreli,480,7022.5,7712.5,7222.5
2025-08-23,Green Gram (Moong)(Whole),9,Gujarat,24,Amreli,480,7100,7100,7100
2025-08-22,Green Gram (Moong)(Whole),9,Gujarat,24,Amreli,480,5125,6762.5,5787.5
2025-08-21,Green Gram (Moong)(Whole),9,Gujarat,24,Amreli,480,6077.5,6302.5,6190
2025-08-20,Green Gram (Moong)(Whole),9,Gujarat,24,Amreli,480,7000,7550,7300
2025-08-19,Green Gram (Moong)(Whole),9,Gujarat,24,Amreli,480,5975,6902.5,6439
2025-08-12,Green Gram (Moong)(Whole),9,Gujarat,24,Amreli,480,6445,7343.333333333333,7043.333333333333
2025-08-11,Green Gram (Moong)(Whole),9,Gujarat,24,Amreli,480,5562.5,7745,7067.5
2025-08-08,Green Gram (Moong)(Whole),9,Gujarat,24,Amreli,480,6385,6968.333333333333,6783.333333333333
2025-08-07,Green Gram (Moong)(Whole),9,Gujarat,24,Amreli,480,5200,6890,6593.5
2025-08-06,Green Gram (Moong)(Whole),9,Gujarat,24,Amreli,480,5500,7627.5,7120
2025-08-05,Green Gram (Moong)(Whole),9,Gujarat,24,Amreli,480,6388.75,7282.5,7030.5
2025-08-04,Green Gram (Moong)(Whole),9,Gujarat,24,Amreli,480,5756.25,7171.25,6785.5
2025-08-02,Green Gram (Moong)(Whole),9,Gujarat,24,Amreli,480,5430,6395,6007.333333333333
2025-08-01,Green Gram (Moong)(Whole),9,Gujarat,24,Amreli,480,6952.5,7140,7045
2025-07-30,Green Gram (Moong)(Whole),9,Gujarat,24,Amreli,480,5938.75,7327.5,6826.25
2025-07-29,Green Gram (Moong)(Whole),9,Gujarat,24,Amreli,480,5750,6503.333333333333,6208.333333333333
2025-07-28,Green Gram (Moong)(Whole),9,Gujarat,24,Amreli,480,6920,7332.5,7152.5
2025-07-26,Green Gram (Moong)(Whole),9,Gujarat,24,Amreli,480,6500,7425,7265
2025-07-25,Green Gram (Moong)(Whole),9,Gujarat,24,Amreli,480,5980,7412.5,6881.75
2025-07-24,Green Gram (Moong)(Whole),9,Gujarat,24,Amreli,480,5050,7965,7200
2025-07-23,Green Gram (Moong)(Whole),9,Gujarat,24,Amreli,480,6233.333333333333,7711.666666666667,7251.666666666667
2025-07-22,Green Gram (Moong)(Whole),9,Gujarat,24,Amreli,480,6681.25,7366.25,6909.25
2025-07-21,Green Gram (Moong)(Whole),9,Gujarat,24,Amreli,480,6291.25,7835,6997.5
2025-07-19,Green Gram (Moong)(Whole),9,Gujarat,24,Amreli,480,6738.333333333333,7963.333333333333,7487.666666666667
2025-07-18,Green Gram (Moong)(Whole),9,Gujarat,24,Amreli,480,6254,7579,7085.4
2025-07-17,Green Gram (Moong)(Whole),9,Gujarat,24,Amreli,480,5557.5,6866.25,6354.5
2025-07-16,Green Gram (Moong)(Whole),9,Gujarat,24,Amreli,480,5862.5,7045,6728.75
2025-07-15,Green Gram (Moong)(Whole),9,Gujarat,24,Amreli,480,5981,6990,6598
2025-07-14,Green Gram (Moong)(Whole),9,Gujarat,24,Amreli,480,5950,7323.333333333333,6896
2025-07-12,Green Gram (Moong)(Whole),9,Gujarat,24,Amreli,480,6137.5,7290,6807
2025-07-11,Green Gram (Moong)(Whole),9,Gujarat,24,Amreli,480,6416.666666666667,6850,6716.666666666667
2025-07-10,Green Gram (Moong)(Whole),9,Gujarat,24,Amreli,480,5725,6755,6428.4
2025-07-09,Green Gram (Moong)(Whole),9,Gujarat,24,Amreli,480,5702.5,6635,6383.25
2025-07-08,Green Gram (Moong)(Whole),9,Gujarat,24,Amreli,480,6120,6891.666666666667,6547.333333333333
2025-07-07,Green Gram (Moong)(Whole),9,Gujarat,24,Amreli,480,5400,6807.5,6162
2025-07-05,Green Gram (Moong)(Whole),9,Gujarat,24,Amreli,480,5731,6540,6338
2025-07-04,Green Gram (Moong)(Whole),9,Gujarat,24,Amreli,480,5958.75,7066.25,6595.75
2025-07-03,Green Gram (Moong)(Whole),9,Gujarat,24,Amreli,480,5825,6730,6461.6
2025-07-02,Green Gram (Moong)(Whole),9,Gujarat,24,Amreli,480,6231.25,6913.75,6598.75
2025-07-01,Green Gram (Moong)(Whole),9,Gujarat,24,Amreli,480,5337.5,6878.75,6290.75
2025-06-30,Green Gram (Moong)(Whole),9,Gujarat,24,Amreli,480,4900,6991,6084
2025-06-28,Green Gram (Moong)(Whole),9,Gujarat,24,Amreli,480,5912.5,7098.75,6687.5
2025-06-27,Green Gram (Moong)(Whole),9,Gujarat,24,Amreli,480,5255,7000,6605
2025-06-26,Green Gram (Moong)(Whole),9,Gujarat,24,Amreli,480,5500,6936,6435.6
2025-06-25,Green Gram (Moong)(Whole),9,Gujarat,24,Amreli,480,5387.5,7090,6348.75
2025-06-24,Green Gram (Moong)(Whole),9,Gujarat,24,Amreli,480,5985,7016,6509
2025-06-23,Green Gram (Moong)(Whole),9,Gujarat,24,Amreli,480,5810,6765,6427.4
2025-06-21,Green Gram (Moong)(Whole),9,Gujarat,24,Amreli,480,5396,7048,6408.6
2025-06-20,Green Gram (Moong)(Whole),9,Gujarat,24,Amreli,480,5662.5,6880,6628
2025-06-19,Green Gram (Moong)(Whole),9,Gujarat,24,Amreli,480,5856,6950,6594.6
2025-06-18,Green Gram (Moong)(Whole),9,Gujarat,24,Amreli,480,5290,6882,6294
2025-06-17,Green Gram (Moong)(Whole),9,Gujarat,24,Amreli,480,4660,6876.666666666667,6331
2025-06-16,Green Gram (Moong)(Whole),9,Gujarat,24,Amreli,480,5793.75,6400,6285
2025-06-14,Green Gram (Moong)(Whole),9,Gujarat,24,Amreli,480,4795,7028.75,6147.5
2025-06-13,Green Gram (Moong)(Whole),9,Gujarat,24,Amreli,480,5615,7021,6520.4
2025-06-12,Green Gram (Moong)(Whole),9,Gujarat,24,Amreli,480,4980,6953,6325
2025-06-11,Green Gram (Moong)(Whole),9,Gujarat,24,Amreli,480,5659,7306,6538
2025-06-10,Green Gram (Moong)(Whole),9,Gujarat,24,Amreli,480,5140,7250,6448
2025-06-09,Green Gram (Moong)(Whole),9,Gujarat,24,Amreli,480,5226,7221,6482
2025-06-07,Green Gram (Moong)(Whole),9,Gujarat,24,Amreli,480,6905,7000,6953
2025-06-06,Green Gram (Moong)(Whole),9,Gujarat,24,Amreli,480,7380,7755,7568
2025-06-05,Green Gram (Moong)(Whole),9,Gujarat,24,Amreli,480,5518,7157,6617
2025-06-04,Green Gram (Moong)(Whole),9,Gujarat,24,Amreli,480,5400,7207.5,6570
2025-06-03,Green Gram (Moong)(Whole),9,Gujarat,24,Amreli,480,5911,7630,6947
2025-06-02,Green Gram (Moong)(Whole),9,Gujarat,24,Amreli,480,5225,7417.5,6752.5
2025-05-31,Green Gram (Moong)(Whole),9,Gujarat,24,Amreli,480,5433.333333333333,7746.666666666667,7160
2025-05-30,Green Gram (Moong)(Whole),9,Gujarat,24,Amreli,480,6050,7782.5,7541.5
2025-05-29,Green Gram (Moong)(Whole),9,Gujarat,24,Amreli,480,5775,7400,6650
2025-05-28,Green Gram (Moong)(Whole),9,Gujarat,24,Amreli,480,6235,7679,7263
2025-05-27,Green Gram (Moong)(Whole),9,Gujarat,24,Amreli,480,6455,8500,7478
2025-05-26,Green Gram (Moong)(Whole),9,Gujarat,24,Amreli,480,5666.666666666667,8345,7079.333333333333
2025-05-24,Green Gram (Moong)(Whole),9,Gujarat,24,Amreli,480,7102.5,8055,7563
2025-05-23,Green Gram (Moong)(Whole),9,Gujarat,24,Amreli,480,6625,8225,7500
2025-05-22,Green Gram (Moong)(Whole),9,Gujarat,24,Amreli,480,6736.666666666667,7676.666666666667,7269.333333333333
2025-05-21,Green Gram (Moong)(Whole),9,Gujarat,24,Amreli,480,7237.5,8302.5,7829
2025-05-20,Green Gram (Moong)(Whole),9,Gujarat,24,Amreli,480,7008.333333333333,7750,7329.333333333333
2025-05-19,Green Gram (Moong)(Whole),9,Gujarat,24,Amreli,480,6141.666666666667,7751.666666666667,7000
2025-05-17,Green Gram (Moong)(Whole),9,Gujarat,24,Amreli,480,5217.5,7105,6950
2025-05-16,Green Gram (Moong)(Whole),9,Gujarat,24,Amreli,480,5825,5825,5825
2025-05-15,Green Gram (Moong)(Whole),9,Gujarat,24,Amreli,480,8035,8250,8142.5
2025-05-14,Green Gram (Moong)(Whole),9,Gujarat,24,Amreli,480,6000,8755,7250
2025-05-12,Green Gram (Moong)(Whole),9,Gujarat,24,Amreli,480,8475,8475,8475
2025-05-10,Green Gram (Moong)(Whole),9,Gujarat,24,Amreli,480,6825,8250,7557.5
2025-05-09,Green Gram (Moong)(Whole),9,Gujarat,24,Amreli,480,8000,8800,8520
2025-05-08,Green Gram (Moong)(Whole),9,Gujarat,24,Amreli,480,7000,7450,7225
2025-05-06,Green Gram (Moong)(Whole),9,Gujarat,24,Amreli,480,6925,7475,7200
2025-05-03,Green Gram (Moong)(Whole),9,Gujarat,24,Amreli,480,7860,7860,7860
2025-05-01,Green Gram (Moong)(Whole),9,Gujarat,24,Amreli,480,7175,7175,7175
2025-04-29,Green Gram (Moong)(Whole),9,Gujarat,24,Amreli,480,2500,8000,8000
2025-04-18,Green Gram (Moong)(Whole),9,Gujarat,24,Amreli,480,6250,6250,6250
2025-04-16,Green Gram (Moong)(Whole),9,Gujarat,24,Amreli,480,5250,7840,6545
2025-04-15,Green Gram (Moong)(Whole),9,Gujarat,24,Amreli,480,5875,6627.5,6251
2025-04-11,Green Gram (Moong)(Whole),9,Gujarat,24,Amreli,480,7500,7500,7500
2025-04-07,Green Gram (Moong)(Whole),9,Gujarat,24,Amreli,480,7500,7500,7500
2025-04-04,Green Gram (Moong)(Whole),9,Gujarat,24,Amreli,480,6250,6250,6250
2025-04-02,Green Gram (Moong)(Whole),9,Gujarat,24,Amreli,480,7805,7805,7805
2025-03-26,Green Gram (Moong)(Whole),9,Gujarat,24,Amreli,480,9005,9005,9005
2025-03-25,Green Gram (Moong)(Whole),9,Gujarat,24,Amreli,480,7150,7150,7150
2025-03-20,Green Gram (Moong)(Whole),9,Gujarat,24,Amreli,480,6005,6005,6005
2025-03-19,Green Gram (Moong)(Whole),9,Gujarat,24,Amreli,480,7000,8505,7753
2025-03-18,Green Gram (Moong)(Whole),9,Gujarat,24,Amreli,480,5000,5000,5000
2025-03-12,Green Gram (Moong)(Whole),9,Gujarat,24,Amreli,480,7500,7750,7625
2025-03-11,Green Gram (Moong)(Whole),9,Gujarat,24,Amreli,480,7000,7000,7000
2025-03-06,Green Gram (Moong)(Whole),9,Gujarat,24,Amreli,480,7555,7555,7555
2025-03-04,Green Gram (Moong)(Whole),9,Gujarat,24,Amreli,480,7288.75,7601.25,7526.25
2025-03-03,Green Gram (Moong)(Whole),9,Gujarat,24,Amreli,480,7510,7750,7630
2025-02-28,Green Gram (Moong)(Whole),9,Gujarat,24,Amreli,480,9000,9000,9000
2025-02-24,Green Gram (Moong)(Whole),9,Gujarat,24,Amreli,480,5750,6625,6625
2025-02-22,Green Gram (Moong)(Whole),9,Gujarat,24,Amreli,480,7005,8300,7653
2025-02-20,Green Gram (Moong)(Whole),9,Gujarat,24,Amreli,480,9665,9665,9665
2025-02-18,Green Gram (Moong)(Whole),9,Gujarat,24,Amreli,480,7200,7200,7200
2025-02-17,Green Gram (Moong)(Whole),9,Gujarat,24,Amreli,480,9425,9700,9563
2025-02-14,Green Gram (Moong)(Whole),9,Gujarat,24,Amreli,480,5950,5950,5950
2025-02-12,Green Gram (Moong)(Whole),9,Gujarat,24,Amreli,480,5975,7972.5,7450
2025-02-07,Green Gram (Moong)(Whole),9,Gujarat,24,Amreli,480,6752.5,8727.5,7802.5
2025-02-05,Green Gram (Moong)(Whole),9,Gujarat,24,Amreli,480,5250,7625,7625
2025-02-04,Green Gram (Moong)(Whole),9,Gujarat,24,Amreli,480,8265,8265,8265
2025-01-30,Green Gram (Moong)(Whole),9,Gujarat,24,Amreli,480,6500,10625,8563
2025-01-29,Green Gram (Moong)(Whole),9,Gujarat,24,Amreli,480,9000,10755,9878
2025-01-28,Green Gram (Moong)(Whole),9,Gujarat,24,Amreli,480,5125,10855,7990
2025-01-27,Green Gram (Moong)(Whole),9,Gujarat,24,Amreli,480,5877.5,8815,7815
2025-01-24,Green Gram (Moong)(Whole),9,Gujarat,24,Amreli,480,7750,11760,9755
2025-01-21,Green Gram (Moong)(Whole),9,Gujarat,24,Amreli,480,6702.5,8077.5,7390
2025-01-20,Green Gram (Moong)(Whole),9,Gujarat,24,Amreli,480,5000,5712.5,5405
2025-01-18,Green Gram (Moong)(Whole),9,Gujarat,24,Amreli,480,6525,9390,7881.5
2025-01-17,Green Gram (Moong)(Whole),9,Gujarat,24,Amreli,480,8505,8505,8505
2025-01-16,Green Gram (Moong)(Whole),9,Gujarat,24,Amreli,480,10000,17125,12125
2025-01-15,Green Gram (Moong)(Whole),9,Gujarat,24,Amreli,480,6000,8550,8550
2025-01-11,Green Gram (Moong)(Whole),9,Gujarat,24,Amreli,480,5125,11365,8245
2025-01-10,Green Gram (Moong)(Whole),9,Gujarat,24,Amreli,480,11005,11885,11445
2025-01-09,Green Gram (Moong)(Whole),9,Gujarat,24,Amreli,480,8375,9490,8932
2025-01-08,Green Gram (Moong)(Whole),9,Gujarat,24,Amreli,480,5500,12005,8753
2025-01-07,Green Gram (Moong)(Whole),9,Gujarat,24,Amreli,480,6402.5,10065,9014
2025-01-06,Green Gram (Moong)(Whole),9,Gujarat,24,Amreli,480,7850,10552.5,10377.5
2025-01-04,Green Gram (Moong)(Whole),9,Gujarat,24,Amreli,480,7815,10012.5,9044
2025-01-03,Green Gram (Moong)(Whole),9,Gujarat,24,Amreli,480,8005,9250,8628
2025-01-02,Green Gram (Moong)(Whole),9,Gujarat,24,Amreli,480,7515,9787.5,8651
2024-12-31,Green Gram (Moong)(Whole),9,Gujarat,24,Amreli,480,8287.5,11087.5,9625
2024-12-30,Green Gram (Moong)(Whole),9,Gujarat,24,Amreli,480,6625,7550,7087.5
2024-12-28,Green Gram (Moong)(Whole),9,Gujarat,24,Amreli,480,10005,11630,10818
2024-12-27,Green Gram (Moong)(Whole),9,Gujarat,24,Amreli,480,7450,8202.5,8045
2024-12-26,Green Gram (Moong)(Whole),9,Gujarat,24,Amreli,480,4877.5,8802.5,7802.5
2024-12-25,Green Gram (Moong)(Whole),9,Gujarat,24,Amreli,480,3800,8905,6850
2024-12-24,Green Gram (Moong)(Whole),9,Gujarat,24,Amreli,480,6505,10000,8253
2024-12-13,Green Gram (Moong)(Whole),9,Gujarat,24,Amreli,480,6002.5,8562.5,7282.5
2024-12-12,Green Gram (Moong)(Whole),9,Gujarat,24,Amreli,480,5333.333333333333,8851.666666666666,7867.666666666667
2024-12-11,Green Gram (Moong)(Whole),9,Gujarat,24,Amreli,480,4752.5,8800,7601.5
2024-12-10,Green Gram (Moong)(Whole),9,Gujarat,24,Amreli,480,6837.5,10437.5,9306.5
2024-12-09,Green Gram (Moong)(Whole),9,Gujarat,24,Amreli,480,6175,12200,9188
2024-12-07,Green Gram (Moong)(Whole),9,Gujarat,24,Amreli,480,8005,10750,9378
2024-12-06,Green Gram (Moong)(Whole),9,Gujarat,24,Amreli,480,7411.666666666667,8861.666666666666,8216
2024-12-05,Green Gram (Moong)(Whole),9,Gujarat,24,Amreli,480,6662.5,8527.5,7595
2024-12-04,Green Gram (Moong)(Whole),9,Gujarat,24,Amreli,480,6875,10605,8740
2024-12-03,Green Gram (Moong)(Whole),9,Gujarat,24,Amreli,480,10100,12125,11113
2024-12-02,Green Gram (Moong)(Whole),9,Gujarat,24,Amreli,480,5515,11875,8695
2024-11-30,Green Gram (Moong)(Whole),9,Gujarat,24,Amreli,480,7312.5,10825,10006.5
2024-11-29,Green Gram (Moong)(Whole),9,Gujarat,24,Amreli,480,6650,10930,10241.5
2024-11-28,Green Gram (Moong)(Whole),9,Gujarat,24,Amreli,480,8000,9882.5,8941.5
2024-11-27,Green Gram (Moong)(Whole),9,Gujarat,24,Amreli,480,7470,9368.333333333334,8694.333333333334
2024-11-26,Green Gram (Moong)(Whole),9,Gujarat,24,Amreli,480,6925,8668.333333333334,7871.666666666667
2024-11-25,Green Gram (Moong)(Whole),9,Gujarat,24,Amreli,480,11277.5,11577.5,11427.5
2024-11-23,Green Gram (Moong)(Whole),9,Gujarat,24,Amreli,480,6000,13625,9818
2024-11-22,Green Gram (Moong)(Whole),9,Gujarat,24,Amreli,480,14000,14405,14203
2024-11-21,Green Gram (Moong)(Whole),9,Gujarat,24,Amreli,480,14500,17000,15750
2024-11-20,Green Gram (Moong)(Whole),9,Gujarat,24,Amreli,480,9002.5,11625,10592.5
2024-11-19,Green Gram (Moong)(Whole),9,Gujarat,24,Amreli,480,6381.25,9710,8940.75
2024-11-18,Green Gram (Moong)(Whole),9,Gujarat,24,Amreli,480,9500,11750,10625
2024-11-16,Green Gram (Moong)(Whole),9,Gujarat,24,Amreli,480,6000,15000,10500
2024-11-15,Green Gram (Moong)(Whole),9,Gujarat,24,Amreli,480,6000,6020,6010
2024-11-14,Green Gram (Moong)(Whole),9,Gujarat,24,Amreli,480,11500,11500,11500
2024-11-12,Green Gram (Moong)(Whole),9,Gujarat,24,Amreli,480,7255,7255,7255
2024-11-11,Green Gram (Moong)(Whole),9,Gujarat,24,Amreli,480,12625,15000,13813
2024-11-09,Green Gram (Moong)(Whole),9,Gujarat,24,Amreli,480,4250,7800,5600
2024-11-08,Green Gram (Moong)(Whole),9,Gujarat,24,Amreli,480,6700,6700,6700
2024-11-06,Green Gram (Moong)(Whole),9,Gujarat,24,Amreli,480,6000,10346.666666666666,8304.333333333334
2024-10-28,Green Gram (Moong)(Whole),9,Gujarat,24,Amreli,480,4000,10050,8700
2024-10-26,Green Gram (Moong)(Whole),9,Gujarat,24,Amreli,480,7250,7250,7250
2024-10-25,Green Gram (Moong)(Whole),9,Gujarat,24,Amreli,480,4325,7525,6930
2024-10-24,Green Gram (Moong)(Whole),9,Gujarat,24,Amreli,480,3500,9050,7050
2024-10-22,Green Gram (Moong)(Whole),9,Gujarat,24,Amreli,480,5785,6035,5910
2024-10-19,Green Gram (Moong)(Whole),9,Gujarat,24,Amreli,480,6250,6500,6375
2024-10-18,Green Gram (Moong)(Whole),9,Gujarat,24,Amreli,480,5000,6912.5,6662.5
2024-10-17,Green Gram (Moong)(Whole),9,Gujarat,24,Amreli,480,5850,7227.5,6691.5
2024-10-16,Green Gram (Moong)(Whole),9,Gujarat,24,Amreli,480,5378.333333333333,7073.333333333333,6500.666666666667
2024-10-15,Green Gram (Moong)(Whole),9,Gujarat,24,Amreli,480,5925,7377.5,6564
2024-10-14,Green Gram (Moong)(Whole),9,Gujarat,24,Amreli,480,5900,7750,7100
2024-10-12,Green Gram (Moong)(Whole),9,Gujarat,24,Amreli,480,3000,7480,6480
2024-10-11,Green Gram (Moong)(Whole),9,Gujarat,24,Amreli,480,3150,7470,7000
2024-10-10,Green Gram (Moong)(Whole),9,Gujarat,24,Amreli,480,5270,8142.5,7055
2024-10-09,Green Gram (Moong)(Whole),9,Gujarat,24,Amreli,480,5150,9175,7015
2024-10-08,Green Gram (Moong)(Whole),9,Gujarat,24,Amreli,480,5000,8325,6525
2024-10-07,Green Gram (Moong)(Whole),9,Gujarat,24,Amreli,480,6752.5,7802.5,7802.5
2024-10-05,Green Gram (Moong)(Whole),9,Gujarat,24,Amreli,480,4000,6775,6287.5
2024-10-04,Green Gram (Moong)(Whole),9,Gujarat,24,Amreli,480,6045,7318.333333333333,6940
2024-10-03,Green Gram (Moong)(Whole),9,Gujarat,24,Amreli,480,5500,7810,7375
2024-10-01,Green Gram (Moong)(Whole),9,Gujarat,24,Amreli,480,6360,7443.333333333333,7299
2024-09-30,Green Gram (Moong)(Whole),9,Gujarat,24,Amreli,480,6596.666666666667,7598.333333333333,7072.666666666667
2024-09-28,Green Gram (Moong)(Whole),9,Gujarat,24,Amreli,480,5300,6125,5750
2024-09-26,Green Gram (Moong)(Whole),9,Gujarat,24,Amreli,480,6000,9500,9200
2024-09-25,Green Gram (Moong)(Whole),9,Gujarat,24,Amreli,480,5550,8325,8325
2024-09-24,Green Gram (Moong)(Whole),9,Gujarat,24,Amreli,480,6250,9000,7250
2024-09-23,Green Gram (Moong)(Whole),9,Gujarat,24,Amreli,480,3950,8555,8555
2024-09-21,Green Gram (Moong)(Whole),9,Gujarat,24,Amreli,480,5851.666666666667,6700,6608.333333333333
2024-09-20,Green Gram (Moong)(Whole),9,Gujarat,24,Amreli,480,6350,9625,7860
2024-09-19,Green Gram (Moong)(Whole),9,Gujarat,24,Amreli,480,5750,6583.333333333333,6000
2024-09-18,Green Gram (Moong)(Whole),9,Gujarat,24,Amreli,480,6800,7000,6900
2024-09-17,Green Gram (Moong)(Whole),9,Gujarat,24,Amreli,480,5668.333333333333,6251.666666666667,5960
2024-09-14,Green Gram (Moong)(Whole),9,Gujarat,24,Amreli,480,5848.333333333333,7428.333333333333,7146.666666666667
2024-09-13,Green Gram (Moong)(Whole),9,Gujarat,24,Amreli,480,6000,6500,6250
2024-09-12,Green Gram (Moong)(Whole),9,Gujarat,24,Amreli,480,7520,7760,7760
2024-09-11,Green Gram (Moong)(Whole),9,Gujarat,24,Amreli,480,7076.666666666667,7153.333333333333,7136.666666666667
2024-09-10,Green Gram (Moong)(Whole),9,Gujarat,24,Amreli,480,5616.666666666667,5983.333333333333,5875
2024-09-09,Green Gram (Moong)(Whole),9,Gujarat,24,Amreli,480,6400,7575,7275
2024-09-07,Green Gram (Moong)(Whole),9,Gujarat,24,Amreli,480,6900,7470,7331.5
2024-09-06,Green Gram (Moong)(Whole),9,Gujarat,24,Amreli,480,6560,7776.666666666667,7232.333333333333
2024-09-05,Green Gram (Moong)(Whole),9,Gujarat,24,Amreli,480,7150,8200,7675
2024-09-04,Green Gram (Moong)(Whole),9,Gujarat,24,Amreli,480,7267.5,7277.5,7277.5
2024-09-03,Green Gram (Moong)(Whole),9,Gujarat,24,Amreli,480,5858.333333333333,6400,6183.333333333333
2024-08-31,Green Gram (Moong)(Whole),9,Gujarat,24,Amreli,480,6500,6765,6678.333333333333
2024-08-30,Green Gram (Moong)(Whole),9,Gujarat,24,Amreli,480,7180,7265,7265
2024-08-29,Green Gram (Moong)(Whole),9,Gujarat,24,Amreli,480,7010,7010,7010
2024-08-22,Green Gram (Moong)(Whole),9,Gujarat,24,Amreli,480,7176.666666666667,7198.333333333333,7187.333333333333
2024-08-21,Green Gram (Moong)(Whole),9,Gujarat,24,Amreli,480,6551.666666666667,7846.666666666667,7145
2024-08-20,Green Gram (Moong)(Whole),9,Gujarat,24,Amreli,480,7035,7656.666666666667,7524.333333333333
2024-08-17,Green Gram (Moong)(Whole),9,Gujarat,24,Amreli,480,6958.333333333333,7735,7486.666666666667
2024-08-16,Green Gram (Moong)(Whole),9,Gujarat,24,Amreli,480,6980,7740,7366.666666666667
2024-08-14,Green Gram (Moong)(Whole),9,Gujarat,24,Amreli,480,5600,8160,7360
2024-08-13,Green Gram (Moong)(Whole),9,Gujarat,24,Amreli,480,7478.333333333333,7958.333333333333,7904.333333333333
2024-08-12,Green Gram (Moong)(Whole),9,Gujarat,24,Amreli,480,5500,6000,5750
2024-08-09,Green Gram (Moong)(Whole),9,Gujarat,24,Amreli,480,6875,7600,7437.5
2024-08-08,Green Gram (Moong)(Whole),9,Gujarat,24,Amreli,480,7796.666666666667,7953.333333333333,7926
2024-08-07,Green Gram (Moong)(Whole),9,Gujarat,24,Amreli,480,5005,8055,6530
2024-08-05,Green Gram (Moong)(Whole),9,Gujarat,24,Amreli,480,6695,7056.25,6990.75
2024-07-31,Green Gram (Moong)(Whole),9,Gujarat,24,Amreli,480,7508.333333333333,7883.333333333333,7819.333333333333
2024-07-30,Green Gram (Moong)(Whole),9,Gujarat,24,Amreli,480,7451.25,7932.5,7888.75
2024-07-29,Green Gram (Moong)(Whole),9,Gujarat,24,Amreli,480,7881.666666666667,8008.333333333333,7945
2024-07-27,Green Gram (Moong)(Whole),9,Gujarat,24,Amreli,480,6851.25,7983.75,7545
2024-07-26,Green Gram (Moong)(Whole),9,Gujarat,24,Amreli,480,7057.5,7737.5,7432
2024-07-25,Green Gram (Moong)(Whole),9,Gujarat,24,Amreli,480,7430,7822.5,7755
2024-07-24,Green Gram (Moong)(Whole),9,Gujarat,24,Amreli,480,7980,8225,8110
2024-07-23,Green Gram (Moong)(Whole),9,Gujarat,24,Amreli,480,7650,8155,8155
2024-07-22,Green Gram (Moong)(Whole),9,Gujarat,24,Amreli,480,7471.666666666667,7955,7715.666666666667
2024-07-20,Green Gram (Moong)(Whole),9,Gujarat,24,Amreli,480,6918.333333333333,7818.333333333333,7459.333333333333
2024-07-19,Green Gram (Moong)(Whole),9,Gujarat,24,Amreli,480,7000,7747.5,7450
2024-07-18,Green Gram (Moong)(Whole),9,Gujarat,24,Amreli,480,6988,7925,7570.4
2024-07-17,Green Gram (Moong)(Whole),9,Gujarat,24,Amreli,480,7000,7300,7150
2024-07-16,Green Gram (Moong)(Whole),9,Gujarat,24,Amreli,480,7460,7668.333333333333,7626.666666666667
2024-07-15,Green Gram (Moong)(Whole),9,Gujarat,24,Amreli,480,7335,7977.5,7632.5
2024-07-13,Green Gram (Moong)(Whole),9,Gujarat,24,Amreli,480,6870,7731.666666666667,7282.333333333333
2024-07-12,Green Gram (Moong)(Whole),9,Gujarat,24,Amreli,480,7516.666666666667,7820,7668.333333333333
2024-07-11,Green Gram (Moong)(Whole),9,Gujarat,24,Amreli,480,7187.5,7955,7539
2024-07-10,Green Gram (Moong)(Whole),9,Gujarat,24,Amreli,480,6541.666666666667,7815,7429.333333333333
2024-07-09,Green Gram (Moong)(Whole),9,Gujarat,24,Amreli,480,6863.75,7452.5,7326.25
2024-07-08,Green Gram (Moong)(Whole),9,Gujarat,24,Amreli,480,7125,7693.75,7640.5
2024-07-06,Green Gram (Moong)(Whole),9,Gujarat,24,Amreli,480,6725,7942.5,7617
2024-07-05,Green Gram (Moong)(Whole),9,Gujarat,24,Amreli,480,6930,7282.5,7220
2024-07-04,Green Gram (Moong)(Whole),9,Gujarat,24,Amreli,480,7052.5,7760,7624.5
2024-07-03,Green Gram (Moong)(Whole),9,Gujarat,24,Amreli,480,6566.666666666667,7950,7612.333333333333
2024-07-02,Green Gram (Moong)(Whole),9,Gujarat,24,Amreli,480,7727.5,7867.5,7797.5
2024-07-01,Green Gram (Moong)(Whole),9,Gujarat,24,Amreli,480,7541.666666666667,7786.666666666667,7664.333333333333
2024-06-29,Green Gram (Moong)(Whole),9,Gujarat,24,Amreli,480,6812.5,8038.75,7616.5
2024-06-28,Green Gram (Moong)(Whole),9,Gujarat,24,Amreli,480,7076,7505,7384.4
2024-06-27,Green Gram (Moong)(Whole),9,Gujarat,24,Amreli,480,6812.5,8071.25,7632
2024-06-26,Green Gram (Moong)(Whole),9,Gujarat,24,Amreli,480,6868.75,7982.5,7700.75
2024-06-25,Green Gram (Moong)(Whole),9,Gujarat,24,Amreli,480,7043.75,7761.25,7510
2024-06-24,Green Gram (Moong)(Whole),9,Gujarat,24,Amreli,480,7547.5,8168.75,7920.75
2024-06-22,Green Gram (Moong)(Whole),9,Gujarat,24,Amreli,480,7631.25,8313.75,7966.25
2024-06-21,Green Gram (Moong)(Whole),9,Gujarat,24,Amreli,480,7423,8110,7817
2024-06-20,Green Gram (Moong)(Whole),9,Gujarat,24,Amreli,480,6780,8207,7554.4
2024-06-19,Green Gram (Moong)(Whole),9,Gujarat,24,Amreli,480,7402,7993,7768.6
2024-06-18,Green Gram (Moong)(Whole),9,Gujarat,24,Amreli,480,8105,8550,8328
2024-06-15,Green Gram (Moong)(Whole),9,Gujarat,24,Amreli,480,6408.333333333333,8241.666666666666,7657.666666666667
2024-06-14,Green Gram (Moong)(Whole),9,Gujarat,24,Amreli,480,6851.25,8188.75,7847
2024-06-13,Green Gram (Moong)(Whole),9,Gujarat,24,Amreli,480,6781.25,8346.25,7752.5
2024-06-12,Green Gram (Moong)(Whole),9,Gujarat,24,Amreli,480,6706.25,8250,7730
2024-06-11,Green Gram (Moong)(Whole),9,Gujarat,24,Amreli,480,6265,7960,7521.666666666667
2024-06-10,Green Gram (Moong)(Whole),9,Gujarat,24,Amreli,480,7365,8238.75,7812.5
2024-06-08,Green Gram (Moong)(Whole),9,Gujarat,24,Amreli,480,6612.5,7915,7602
2024-06-07,Green Gram (Moong)(Whole),9,Gujarat,24,Amreli,480,6675,7917,7418.6
2024-06-06,Green Gram (Moong)(Whole),9,Gujarat,24,Amreli,480,6901.25,7866.25,7695.75
2024-06-05,Green Gram (Moong)(Whole),9,Gujarat,24,Amreli,480,6812,8053,7526.2
2024-06-04,Green Gram (Moong)(Whole),9,Gujarat,24,Amreli,480,7229,7982,7720
2024-06-03,Green Gram (Moong)(Whole),9,Gujarat,24,Amreli,480,6772,8136,7677
2024-06-01,Green Gram (Moong)(Whole),9,Gujarat,24,Amreli,480,6913.75,8292.5,7886.25
2024-05-31,Green Gram (Moong)(Whole),9,Gujarat,24,Amreli,480,7520,8096.25,7924
2024-05-30,Green Gram (Moong)(Whole),9,Gujarat,24,Amreli,480,5756.25,8147.5,7378.25
2024-05-29,Green Gram (Moong)(Whole),9,Gujarat,24,Amreli,480,6757.5,8118.75,7625
2024-05-28,Green Gram (Moong)(Whole),9,Gujarat,24,Amreli,480,7183.333333333333,8360,8016.666666666667
2024-05-27,Green Gram (Moong)(Whole),9,Gujarat,24,Amreli,480,6891.666666666667,8746.666666666666,8226.666666666666
2024-05-25,Green Gram (Moong)(Whole),9,Gujarat,24,Amreli,480,7318,8619,7976.2
2024-05-24,Green Gram (Moong)(Whole),9,Gujarat,24,Amreli,480,7688.75,8740,8499
2024-05-23,Green Gram (Moong)(Whole),9,Gujarat,24,Amreli,480,7100,8831.666666666666,8432.666666666666
2024-05-22,Green Gram (Moong)(Whole),9,Gujarat,24,Amreli,480,6946.25,8587.5,8170.75
2024-05-21,Green Gram (Moong)(Whole),9,Gujarat,24,Amreli,480,8125,9280,8757.5
2024-05-20,Green Gram (Moong)(Whole),9,Gujarat,24,Amreli,480,7815,9152.5,8564.5
2024-05-18,Green Gram (Moong)(Whole),9,Gujarat,24,Amreli,480,8575,9187.5,8881.5
2024-05-17,Green Gram (Moong)(Whole),9,Gujarat,24,Amreli,480,8702.5,9476.25,9060
2024-05-16,Green Gram (Moong)(Whole),9,Gujarat,24,Amreli,480,8101.666666666667,9138.333333333334,8737.666666666666
2024-05-15,Green Gram (Moong)(Whole),9,Gujarat,24,Amreli,480,8382.5,9325,8857
2024-05-14,Green Gram (Moong)(Whole),9,Gujarat,24,Amreli,480,8853.333333333334,9191.666666666666,9033.333333333334
2024-05-13,Green Gram (Moong)(Whole),9,Gujarat,24,Amreli,480,7182.5,8945,8195
2024-05-11,Green Gram (Moong)(Whole),9,Gujarat,24,Amreli,480,8565,8940,8752.5
2024-05-10,Green Gram (Moong)(Whole),9,Gujarat,24,Amreli,480,8355,9025,8660
2024-05-09,Green Gram (Moong)(Whole),9,Gujarat,24,Amreli,480,8416.666666666666,8788.333333333334,8631
2024-05-08,Green Gram (Moong)(Whole),9,Gujarat,24,Amreli,480,6195,8916.666666666666,8236.666666666666
2024-05-06,Green Gram (Moong)(Whole),9,Gujarat,24,Amreli,480,7583.333333333333,8993.333333333334,8701
2024-05-04,Green Gram (Moong)(Whole),9,Gujarat,24,Amreli,480,8962.5,9087.5,9087.5
2024-05-03,Green Gram (Moong)(Whole),9,Gujarat,24,Amreli,480,6750,8775,7763
2024-05-02,Green Gram (Moong)(Whole),9,Gujarat,24,Amreli,480,8575,9500,9500
2024-05-01,Green Gram (Moong)(Whole),9,Gujarat,24,Amreli,480,8000,9005,8503
2024-04-30,Green Gram (Moong)(Whole),9,Gujarat,24,Amreli,480,8000,9000,8500
2024-04-29,Green Gram (Moong)(Whole),9,Gujarat,24,Amreli,480,8005,9255,8630
2024-04-27,Green Gram (Moong)(Whole),9,Gujarat,24,Amreli,480,9127.5,10880,10004
2024-04-22,Green Gram (Moong)(Whole),9,Gujarat,24,Amreli,480,9495,9495,9495
2024-04-18,Green Gram (Moong)(Whole),9,Gujarat,24,Amreli,480,8675,9330,9005
2024-04-12,Green Gram (Moong)(Whole),9,Gujarat,24,Amreli,480,6750,6750,6750
2024-04-08,Green Gram (Moong)(Whole),9,Gujarat,24,Amreli,480,8650,8650,8650
2024-04-03,Green Gram (Moong)(Whole),9,Gujarat,24,Amreli,480,10382.5,10382.5,10382.5
2024-03-13,Green Gram (Moong)(Whole),9,Gujarat,24,Amreli,480,4900,8275,8275
2024-03-06,Green Gram (Moong)(Whole),9,Gujarat,24,Amreli,480,12005,12005,12005
2024-03-02,Green Gram (Moong)(Whole),9,Gujarat,24,Amreli,480,7000,7000,7000
2024-02-29,Green Gram (Moong)(Whole),9,Gujarat,24,Amreli,480,11750,11750,11750
2024-02-26,Green Gram (Moong)(Whole),9,Gujarat,24,Amreli,480,8255,8255,8255
2024-02-24,Green Gram (Moong)(Whole),9,Gujarat,24,Amreli,480,10710,10710,10710
2024-02-23,Green Gram (Moong)(Whole),9,Gujarat,24,Amreli,480,8500,8500,8500
2024-02-22,Green Gram (Moong)(Whole),9,Gujarat,24,Amreli,480,7000,7000,7000
2024-02-16,Green Gram (Moong)(Whole),9,Gujarat,24,Amreli,480,8300,11610,9955
2024-02-15,Green Gram (Moong)(Whole),9,Gujarat,24,Amreli,480,7575,7575,7575
2024-02-13,Green Gram (Moong)(Whole),9,Gujarat,24,Amreli,480,9000,9000,9000
2024-02-12,Green Gram (Moong)(Whole),9,Gujarat,24,Amreli,480,9000,11500,10250
2024-02-10,Green Gram (Moong)(Whole),9,Gujarat,24,Amreli,480,9345,9345,9345
2024-02-06,Green Gram (Moong)(Whole),9,Gujarat,24,Amreli,480,11000,11000,11000
2024-02-05,Green Gram (Moong)(Whole),9,Gujarat,24,Amreli,480,10255,10255,10255
2024-02-03,Green Gram (Moong)(Whole),9,Gujarat,24,Amreli,480,10000,10000,10000
2024-02-02,Green Gram (Moong)(Whole),9,Gujarat,24,Amreli,480,14260,14260,14260
2024-01-19,Green Gram (Moong)(Whole),9,Gujarat,24,Amreli,480,6625,9000,8355
2024-01-18,Green Gram (Moong)(Whole),9,Gujarat,24,Amreli,480,7400,9285,8000
2024-01-17,Green Gram (Moong)(Whole),9,Gujarat,24,Amreli,480,5952.5,8770,7190
2024-01-13,Green Gram (Moong)(Whole),9,Gujarat,24,Amreli,480,7070,10880,8975
2024-01-12,Green Gram (Moong)(Whole),9,Gujarat,24,Amreli,480,8018.333333333333,9351.666666666666,8685
2024-01-11,Green Gram (Moong)(Whole),9,Gujarat,24,Amreli,480,9000,10200,9600
2024-01-10,Green Gram (Moong)(Whole),9,Gujarat,24,Amreli,480,9600,9600,9600
2024-01-09,Green Gram (Moong)(Whole),9,Gujarat,24,Amreli,480,8362.5,9200,8951.5
2024-01-08,Green Gram (Moong)(Whole),9,Gujarat,24,Amreli,480,6000,6500,6250
2024-01-06,Green Gram (Moong)(Whole),9,Gujarat,24,Amreli,480,9000,13000,11000
2024-01-05,Green Gram (Moong)(Whole),9,Gujarat,24,Amreli,480,6805,13130,9968
2024-01-04,Green Gram (Moong)(Whole),9,Gujarat,24,Amreli,480,8627.5,10462.5,9570
2024-01-03,Green Gram (Moong)(Whole),9,Gujarat,24,Amreli,480,10000,12400,11200
2024-01-02,Green Gram (Moong)(Whole),9,Gujarat,24,Amreli,480,8305,13825,11065
2024-01-01,Green Gram (Moong)(Whole),9,Gujarat,24,Amreli,480,8080,13000,10540
2023-12-29,Green Gram (Moong)(Whole),9,Gujarat,24,Amreli,480,7810,10652.5,9905
2023-12-28,Green Gram (Moong)(Whole),9,Gujarat,24,Amreli,480,9630,9840,9765
2023-12-27,Green Gram (Moong)(Whole),9,Gujarat,24,Amreli,480,6000,10265,8839
2023-12-26,Green Gram (Moong)(Whole),9,Gujarat,24,Amreli,480,6750,9392.5,8525
2023-12-22,Green Gram (Moong)(Whole),9,Gujarat,24,Amreli,480,8880,10410,9657.666666666666
2023-12-21,Green Gram (Moong)(Whole),9,Gujarat,24,Amreli,480,6815,9110,8450
2023-12-20,Green Gram (Moong)(Whole),9,Gujarat,24,Amreli,480,7480,10217.5,9154
2023-12-19,Green Gram (Moong)(Whole),9,Gujarat,24,Amreli,480,6307.5,9550,8616.5
2023-12-18,Green Gram (Moong)(Whole),9,Gujarat,24,Amreli,480,7470,9265,8586
2023-12-16,Green Gram (Moong)(Whole),9,Gujarat,24,Amreli,480,8202.5,9450,8826.5
2023-12-15,Green Gram (Moong)(Whole),9,Gujarat,24,Amreli,480,10405,11000,10702
2023-12-14,Green Gram (Moong)(Whole),9,Gujarat,24,Amreli,480,6110,7780,7625
2023-12-13,Green Gram (Moong)(Whole),9,Gujarat,24,Amreli,480,6750,9010,8265
2023-12-12,Green Gram (Moong)(Whole),9,Gujarat,24,Amreli,480,6427.5,9812.5,8789
2023-12-11,Green Gram (Moong)(Whole),9,Gujarat,24,Amreli,480,8325,10367.5,9852.5
2023-12-09,Green Gram (Moong)(Whole),9,Gujarat,24,Amreli,480,7750,10665,9642.5
2023-12-08,Green Gram (Moong)(Whole),9,Gujarat,24,Amreli,480,6226.666666666667,9801.666666666666,7871.666666666667
2023-12-07,Green Gram (Moong)(Whole),9,Gujarat,24,Amreli,480,6637.5,9782.5,8239
2023-12-06,Green Gram (Moong)(Whole),9,Gujarat,24,Amreli,480,7435,10083.333333333334,8805
2023-12-05,Green Gram (Moong)(Whole),9,Gujarat,24,Amreli,480,9320,10975,10001
2023-12-02,Green Gram (Moong)(Whole),9,Gujarat,24,Amreli,480,7130,10877.5,9441.5
2023-12-01,Green Gram (Moong)(Whole),9,Gujarat,24,Amreli,480,9310,10750,10030
2023-11-30,Green Gram (Moong)(Whole),9,Gujarat,24,Amreli,480,7001.666666666667,10535,9681.666666666666
2023-11-29,Green Gram (Moong)(Whole),9,Gujarat,24,Amreli,480,6562.5,10487.5,9375
2023-11-28,Green Gram (Moong)(Whole),9,Gujarat,24,Amreli,480,9155,11500,10328
2023-11-27,Green Gram (Moong)(Whole),9,Gujarat,24,Amreli,480,7575,7575,7575
2023-11-25,Green Gram (Moong)(Whole),9,Gujarat,24,Amreli,480,9090,11500,10295
2023-11-24,Green Gram (Moong)(Whole),9,Gujarat,24,Amreli,480,9140,10292.5,9967.5
2023-11-23,Green Gram (Moong)(Whole),9,Gujarat,24,Amreli,480,8927.5,10777.5,9964
2023-11-22,Green Gram (Moong)(Whole),9,Gujarat,24,Amreli,480,7220,12655,9938
2023-11-21,Green Gram (Moong)(Whole),9,Gujarat,24,Amreli,480,10832.5,11572.5,11202.5
2023-11-20,Green Gram (Moong)(Whole),9,Gujarat,24,Amreli,480,7165,10417.5,8791.5
2023-11-18,Green Gram (Moong)(Whole),9,Gujarat,24,Amreli,480,8380,12092.5,10236.5
2023-11-09,Green Gram (Moong)(Whole),9,Gujarat,24,Amreli,480,11500,13830,12665
2023-11-08,Green Gram (Moong)(Whole),9,Gujarat,24,Amreli,480,9002.5,12267.5,11045
2023-11-07,Green Gram (Moong)(Whole),9,Gujarat,24,Amreli,480,6250,12890,9875
2023-11-06,Green Gram (Moong)(Whole),9,Gujarat,24,Amreli,480,15500,15500,15500
2023-11-04,Green Gram (Moong)(Whole),9,Gujarat,24,Amreli,480,3500,8525,8375
2023-11-02,Green Gram (Moong)(Whole),9,Gujarat,24,Amreli,480,5627.5,8005,7306.5
2023-11-01,Green Gram (Moong)(Whole),9,Gujarat,24,Amreli,480,4000,9775,8025
2023-10-27,Green Gram (Moong)(Whole),9,Gujarat,24,Amreli,480,7285,7285,7285
2023-10-26,Green Gram (Moong)(Whole),9,Gujarat,24,Amreli,480,5000,6500,5500
2023-10-25,Green Gram (Moong)(Whole),9,Gujarat,24,Amreli,480,7700,10000,9400
2023-10-18,Green Gram (Moong)(Whole),9,Gujarat,24,Amreli,480,7460,9010,9010
2023-10-17,Green Gram (Moong)(Whole),9,Gujarat,24,Amreli,480,7825,10215,7850
2023-10-16,Green Gram (Moong)(Whole),9,Gujarat,24,Amreli,480,8000,10600,9500
2023-10-13,Green Gram (Moong)(Whole),9,Gujarat,24,Amreli,480,7905,10130,9155
2023-10-12,Green Gram (Moong)(Whole),9,Gujarat,24,Amreli,480,7505,7505,7505
2023-10-11,Green Gram (Moong)(Whole),9,Gujarat,24,Amreli,480,7855,8505,8180
2023-10-10,Green Gram (Moong)(Whole),9,Gujarat,24,Amreli,480,7822.5,9110,8480
2023-10-09,Green Gram (Moong)(Whole),9,Gujarat,24,Amreli,480,7110,7975,7585
2023-10-06,Green Gram (Moong)(Whole),9,Gujarat,24,Amreli,480,6805,10000,9100
2023-10-05,Green Gram (Moong)(Whole),9,Gujarat,24,Amreli,480,5640,7750,6990
2023-10-04,Green Gram (Moong)(Whole),9,Gujarat,24,Amreli,480,5000,10775,9875
2023-09-28,Green Gram (Moong)(Whole),9,Gujarat,24,Amreli,480,4500,11000,10250
2023-09-27,Green Gram (Moong)(Whole),9,Gujarat,24,Amreli,480,7750,9005,8525
2023-09-26,Green Gram (Moong)(Whole),9,Gujarat,24,Amreli,480,5700,11500,10425
2023-09-25,Green Gram (Moong)(Whole),9,Gujarat,24,Amreli,480,3500,11135,9910
2023-09-23,Green Gram (Moong)(Whole),9,Gujarat,24,Amreli,480,4250,11525,8255
2023-09-22,Green Gram (Moong)(Whole),9,Gujarat,24,Amreli,480,6525,11250,10125
2023-09-21,Green Gram (Moong)(Whole),9,Gujarat,24,Amreli,480,6250,9762.5,8800
2023-09-20,Green Gram (Moong)(Whole),9,Gujarat,24,Amreli,480,6600,9050,9050
2023-09-19,Green Gram (Moong)(Whole),9,Gujarat,24,Amreli,480,8187.5,8375,8375
2023-09-18,Green Gram (Moong)(Whole),9,Gujarat,24,Amreli,480,6075,10217.5,9275
2023-09-16,Green Gram (Moong)(Whole),9,Gujarat,24,Amreli,480,6495,9875,8665
2023-09-15,Green Gram (Moong)(Whole),9,Gujarat,24,Amreli,480,7400,9675,7750
2023-09-13,Green Gram (Moong)(Whole),9,Gujarat,24,Amreli,480,8725,8725,8725
2023-09-12,Green Gram (Moong)(Whole),9,Gujarat,24,Amreli,480,9625,9625,9625
2023-09-11,Green Gram (Moong)(Whole),9,Gujarat,24,Amreli,480,6000,9027.5,7914
2023-09-02,Green Gram (Moong)(Whole),9,Gujarat,24,Amreli,480,7591.666666666667,8466.666666666666,8291.666666666666
2023-09-01,Green Gram (Moong)(Whole),9,Gujarat,24,Amreli,480,6575,6575,6575
2023-08-31,Green Gram (Moong)(Whole),9,Gujarat,24,Amreli,480,5850,7525,7525
2023-08-29,Green Gram (Moong)(Whole),9,Gujarat,24,Amreli,480,6750,6750,6750
2023-08-28,Green Gram (Moong)(Whole),9,Gujarat,24,Amreli,480,5000,6317.5,5626.5
2023-08-26,Green Gram (Moong)(Whole),9,Gujarat,24,Amreli,480,7050,7050,7050
2023-08-25,Green Gram (Moong)(Whole),9,Gujarat,24,Amreli,480,4505,8460,7960
2023-08-24,Green Gram (Moong)(Whole),9,Gujarat,24,Amreli,480,7192.5,8555,7905
2023-08-23,Green Gram (Moong)(Whole),9,Gujarat,24,Amreli,480,8050,8100,8100
2023-08-17,Green Gram (Moong)(Whole),9,Gujarat,24,Amreli,480,7525,8460,8460
2023-08-16,Green Gram (Moong)(Whole),9,Gujarat,24,Amreli,480,7000,8505,7753
2023-08-14,Green Gram (Moong)(Whole),9,Gujarat,24,Amreli,480,7000,8505,7753
2023-08-09,Green Gram (Moong)(Whole),9,Gujarat,24,Amreli,480,6755,6755,6755
2023-08-08,Green Gram (Moong)(Whole),9,Gujarat,24,Amreli,480,7655,7655,7655
2023-08-07,Green Gram (Moong)(Whole),9,Gujarat,24,Amreli,480,5850,5850,5850
2023-08-03,Green Gram (Moong)(Whole),9,Gujarat,24,Amreli,480,8030,8030,8030
2023-08-01,Green Gram (Moong)(Whole),9,Gujarat,24,Amreli,480,4877.5,7287.5,5810
2023-07-31,Green Gram (Moong)(Whole),9,Gujarat,24,Amreli,480,6000,8230,8230
2023-07-28,Green Gram (Moong)(Whole),9,Gujarat,24,Amreli,480,7100,7500,7500
2023-07-27,Green Gram (Moong)(Whole),9,Gujarat,24,Amreli,480,7687.5,8587.5,8587.5
2023-07-26,Green Gram (Moong)(Whole),9,Gujarat,24,Amreli,480,7500,8255,8155
2023-07-25,Green Gram (Moong)(Whole),9,Gujarat,24,Amreli,480,7250,8270,8270
2023-07-22,Green Gram (Moong)(Whole),9,Gujarat,24,Amreli,480,3250,8255,8035
2023-07-21,Green Gram (Moong)(Whole),9,Gujarat,24,Amreli,480,7875,8550,8212.5
2023-07-20,Green Gram (Moong)(Whole),9,Gujarat,24,Amreli,480,7557.5,8265,7875
2023-07-19,Green Gram (Moong)(Whole),9,Gujarat,24,Amreli,480,10000,10000,10000
2023-07-18,Green Gram (Moong)(Whole),9,Gujarat,24,Amreli,480,6505,6505,6505
2023-07-17,Green Gram (Moong)(Whole),9,Gujarat,24,Amreli,480,7250,8000,8000
2023-07-15,Green Gram (Moong)(Whole),9,Gujarat,24,Amreli,480,7950,8000,8000
2023-07-14,Green Gram (Moong)(Whole),9,Gujarat,24,Amreli,480,7308.333333333333,8183.333333333333,7742.666666666667
2023-07-13,Green Gram (Moong)(Whole),9,Gujarat,24,Amreli,480,7225,7843.333333333333,7336.666666666667
2023-07-12,Green Gram (Moong)(Whole),9,Gujarat,24,Amreli,480,8450,8450,8450
2023-07-11,Green Gram (Moong)(Whole),9,Gujarat,24,Amreli,480,6050,7755,7755
2023-07-10,Green Gram (Moong)(Whole),9,Gujarat,24,Amreli,480,7152.5,7740,7446.5
2023-07-08,Green Gram (Moong)(Whole),9,Gujarat,24,Amreli,480,3550,4012.5,3780
2023-07-07,Green Gram (Moong)(Whole),9,Gujarat,24,Amreli,480,8280,8280,8280
2023-07-06,Green Gram (Moong)(Whole),9,Gujarat,24,Amreli,480,7280,7280,7280
2023-07-05,Green Gram (Moong)(Whole),9,Gujarat,24,Amreli,480,6891.666666666667,7350,7158.333333333333
2023-07-04,Green Gram (Moong)(Whole),9,Gujarat,24,Amreli,480,7067.5,8120,7094
2023-07-03,Green Gram (Moong)(Whole),9,Gujarat,24,Amreli,480,4627.5,6660,6660
2023-07-01,Green Gram (Moong)(Whole),9,Gujarat,24,Amreli,480,8360,8360,8360
2023-06-30,Green Gram (Moong)(Whole),9,Gujarat,24,Amreli,480,7631.666666666667,8400,8015
2023-06-28,Green Gram (Moong)(Whole),9,Gujarat,24,Amreli,480,7108.333333333333,8445,8120
2023-06-27,Green Gram (Moong)(Whole),9,Gujarat,24,Amreli,480,7225,7941.666666666667,7474.333333333333
2023-06-26,Green Gram (Moong)(Whole),9,Gujarat,24,Amreli,480,8275,8300,8285
2023-06-24,Green Gram (Moong)(Whole),9,Gujarat,24,Amreli,480,7377.5,8975,8036.5
2023-06-23,Green Gram (Moong)(Whole),9,Gujarat,24,Amreli,480,7670,8315,8068.25
2023-06-22,Green Gram (Moong)(Whole),9,Gujarat,24,Amreli,480,6538.75,8121.25,7342.5
2023-06-21,Green Gram (Moong)(Whole),9,Gujarat,24,Amreli,480,7041.666666666667,8050,7836.666666666667
2023-06-20,Green Gram (Moong)(Whole),9,Gujarat,24,Amreli,480,7868.75,8326.25,8146.25
2023-06-19,Green Gram (Moong)(Whole),9,Gujarat,24,Amreli,480,7555,8487.5,7950
2023-06-17,Green Gram (Moong)(Whole),9,Gujarat,24,Amreli,480,7480,7950,7950
2023-06-12,Green Gram (Moong)(Whole),9,Gujarat,24,Amreli,480,5300,7915,7660
2023-06-10,Green Gram (Moong)(Whole),9,Gujarat,24,Amreli,480,7563.75,8530,8017
2023-06-09,Green Gram (Moong)(Whole),9,Gujarat,24,Amreli,480,7647.5,8568.75,8240.75
2023-06-08,Green Gram (Moong)(Whole),9,Gujarat,24,Amreli,480,8083.333333333333,8821.666666666666,8445.333333333334
2023-06-07,Green Gram (Moong)(Whole),9,Gujarat,24,Amreli,480,7200,8590,8297.5
2023-06-06,Green Gram (Moong)(Whole),9,Gujarat,24,Amreli,480,6865,9075,8171.5
2023-06-05,Green Gram (Moong)(Whole),9,Gujarat,24,Amreli,480,6945,8811.25,8073.25
2023-06-03,Green Gram (Moong)(Whole),9,Gujarat,24,Amreli,480,7270,8333.333333333334,8112.666666666667
2023-06-02,Green Gram (Moong)(Whole),9,Gujarat,24,Amreli,480,7832.5,8855,8262.5
2023-06-01,Green Gram (Moong)(Whole),9,Gujarat,24,Amreli,480,7147.5,8468.75,8112
2023-05-31,Green Gram (Moong)(Whole),9,Gujarat,24,Amreli,480,7755,8505,8130
2023-05-30,Green Gram (Moong)(Whole),9,Gujarat,24,Amreli,480,7701.666666666667,8545,8136.666666666667
2023-05-29,Green Gram (Moong)(Whole),9,Gujarat,24,Amreli,480,6742.5,8701.25,8230.75
2023-05-27,Green Gram (Moong)(Whole),9,Gujarat,24,Amreli,480,7891.25,8478.75,8175.75
2023-05-26,Green Gram (Moong)(Whole),9,Gujarat,24,Amreli,480,7635,8453.333333333334,8012
2023-05-25,Green Gram (Moong)(Whole),9,Gujarat,24,Amreli,480,7085,8516.666666666666,8112
2023-05-24,Green Gram (Moong)(Whole),9,Gujarat,24,Amreli,480,7038.75,8545,8067.75
2023-05-23,Green Gram (Moong)(Whole),9,Gujarat,24,Amreli,480,5251.666666666667,8686.666666666666,7452.666666666667
2023-05-22,Green Gram (Moong)(Whole),9,Gujarat,24,Amreli,480,6863.75,8405,8118.75
2023-05-20,Green Gram (Moong)(Whole),9,Gujarat,24,Amreli,480,7296.666666666667,8350,7997.666666666667
2023-05-19,Green Gram (Moong)(Whole),9,Gujarat,24,Amreli,480,6813.75,8410,8011.5
2023-05-18,Green Gram (Moong)(Whole),9,Gujarat,24,Amreli,480,7316.666666666667,9095,8322.666666666666
2023-05-17,Green Gram (Moong)(Whole),9,Gujarat,24,Amreli,480,8017.5,8635,8288.75
2023-05-16,Green Gram (Moong)(Whole),9,Gujarat,24,Amreli,480,6998.333333333333,8881.666666666666,8259.333333333334
2023-05-15,Green Gram (Moong)(Whole),9,Gujarat,24,Amreli,480,6983.333333333333,8561.666666666666,7963.333333333333
2023-05-13,Green Gram (Moong)(Whole),9,Gujarat,24,Amreli,480,7877.5,8500,8189
2023-05-12,Green Gram (Moong)(Whole),9,Gujarat,24,Amreli,480,7755,9055,8405
2023-05-11,Green Gram (Moong)(Whole),9,Gujarat,24,Amreli,480,8473.333333333334,8645,8559.333333333334
2023-05-09,Green Gram (Moong)(Whole),9,Gujarat,24,Amreli,480,7500,8565,8033
2023-05-08,Green Gram (Moong)(Whole),9,Gujarat,24,Amreli,480,8500,10300,9400
2023-05-06,Green Gram (Moong)(Whole),9,Gujarat,24,Amreli,480,7500,8880,8190
2023-05-02,Green Gram (Moong)(Whole),9,Gujarat,24,Amreli,480,8250,8805,8528
2023-04-29,Green Gram (Moong)(Whole),9,Gujarat,24,Amreli,480,8750,9500,9125
2023-04-25,Green Gram (Moong)(Whole),9,Gujarat,24,Amreli,480,7500,8255,7878
2023-04-20,Green Gram (Moong)(Whole),9,Gujarat,24,Amreli,480,8065,8065,8065
2023-04-03,Green Gram (Moong)(Whole),9,Gujarat,24,Amreli,480,6570,7075,7000
2023-03-24,Green Gram (Moong)(Whole),9,Gujarat,24,Amreli,480,8000,8000,8000
2023-03-23,Green Gram (Moong)(Whole),9,Gujarat,24,Amreli,480,8005,8005,8005
2023-03-20,Green Gram (Moong)(Whole),9,Gujarat,24,Amreli,480,7505,7505,7505
2023-03-15,Green Gram (Moong)(Whole),9,Gujarat,24,Amreli,480,7380,7630,7505
2023-03-11,Green Gram (Moong)(Whole),9,Gujarat,24,Amreli,480,7600,7600,7600
2023-03-09,Green Gram (Moong)(Whole),9,Gujarat,24,Amreli,480,8375,8375,8375
2023-03-06,Green Gram (Moong)(Whole),9,Gujarat,24,Amreli,480,7750,7750,7750
2023-03-04,Green Gram (Moong)(Whole),9,Gujarat,24,Amreli,480,7500,7500,7500
2023-03-02,Green Gram (Moong)(Whole),9,Gujarat,24,Amreli,480,8500,8500,8500
2023-03-01,Green Gram (Moong)(Whole),9,Gujarat,24,Amreli,480,5000,11255,8128
2023-02-27,Green Gram (Moong)(Whole),9,Gujarat,24,Amreli,480,7750,11850,9800
2023-02-25,Green Gram (Moong)(Whole),9,Gujarat,24,Amreli,480,6000,6250,6250
2023-02-23,Green Gram (Moong)(Whole),9,Gujarat,24,Amreli,480,6125,6125,6125
2023-02-22,Green Gram (Moong)(Whole),9,Gujarat,24,Amreli,480,7500,11500,9500
2023-02-21,Green Gram (Moong)(Whole),9,Gujarat,24,Amreli,480,9500,9500,9500
2023-02-16,Green Gram (Moong)(Whole),9,Gujarat,24,Amreli,480,7550,7575,7562
2023-02-15,Green Gram (Moong)(Whole),9,Gujarat,24,Amreli,480,6600,6600,6600
2023-02-13,Green Gram (Moong)(Whole),9,Gujarat,24,Amreli,480,7027.5,10500,8201
2023-02-07,Green Gram (Moong)(Whole),9,Gujarat,24,Amreli,480,6502.5,6502.5,6502.5
2023-02-04,Green Gram (Moong)(Whole),9,Gujarat,24,Amreli,480,9400,9400,9400
2023-02-01,Green Gram (Moong)(Whole),9,Gujarat,24,Amreli,480,8160,8160,8160
2023-01-31,Green Gram (Moong)(Whole),9,Gujarat,24,Amreli,480,2505,6995,4750
2023-01-25,Green Gram (Moong)(Whole),9,Gujarat,24,Amreli,480,11175,12020,11598
2023-01-24,Green Gram (Moong)(Whole),9,Gujarat,24,Amreli,480,6962.5,10017.5,8188.5
2023-01-23,Green Gram (Moong)(Whole),9,Gujarat,24,Amreli,480,6862.5,7400,7400
2023-01-21,Green Gram (Moong)(Whole),9,Gujarat,24,Amreli,480,7150,7150,7150
2023-01-20,Green Gram (Moong)(Whole),9,Gujarat,24,Amreli,480,5837.5,5837.5,5837.5
2023-01-18,Green Gram (Moong)(Whole),9,Gujarat,24,Amreli,480,10160,10160,10160
2023-01-16,Green Gram (Moong)(Whole),9,Gujarat,24,Amreli,480,7640,7640,7640
2023-01-09,Green Gram (Moong)(Whole),9,Gujarat,24,Amreli,480,6632.5,8800,8026.5
2023-01-07,Green Gram (Moong)(Whole),9,Gujarat,24,Amreli,480,7512.5,7512.5,7512.5
2023-01-06,Green Gram (Moong)(Whole),9,Gujarat,24,Amreli,480,10500,11120,10810
2023-01-05,Green Gram (Moong)(Whole),9,Gujarat,24,Amreli,480,4537.5,7982.5,6135
2023-01-04,Green Gram (Moong)(Whole),9,Gujarat,24,Amreli,480,6668.333333333333,8568.333333333334,7618.333333333333
2023-01-03,Green Gram (Moong)(Whole),9,Gujarat,24,Amreli,480,7125,8000,7562.5
2023-01-02,Green Gram (Moong)(Whole),9,Gujarat,24,Amreli,480,10037.5,10037.5,10037.5
2022-12-30,Green Gram (Moong)(Whole),9,Gujarat,24,Amreli,480,6505,8780,7642.5
2022-12-29,Green Gram (Moong)(Whole),9,Gujarat,24,Amreli,480,6937.5,9547.5,8524
2022-12-28,Green Gram (Moong)(Whole),9,Gujarat,24,Amreli,480,6377.5,8880,7629
2022-12-26,Green Gram (Moong)(Whole),9,Gujarat,24,Amreli,480,7502.5,9077.5,8352.5
2022-12-24,Green Gram (Moong)(Whole),9,Gujarat,24,Amreli,480,11510,11510,11510
2022-12-23,Green Gram (Moong)(Whole),9,Gujarat,24,Amreli,480,8110,8750,8465
2022-12-22,Green Gram (Moong)(Whole),9,Gujarat,24,Amreli,480,5000,11255,8128
2022-12-21,Green Gram (Moong)(Whole),9,Gujarat,24,Amreli,480,8900,9130,9130
2022-12-20,Green Gram (Moong)(Whole),9,Gujarat,24,Amreli,480,2500,8750,5625
2022-12-19,Green Gram (Moong)(Whole),9,Gujarat,24,Amreli,480,10602.5,12280,11441.5
2022-12-17,Green Gram (Moong)(Whole),9,Gujarat,24,Amreli,480,7125,12270,9698
2022-12-16,Green Gram (Moong)(Whole),9,Gujarat,24,Amreli,480,5630,8290,6921.5
2022-12-15,Green Gram (Moong)(Whole),9,Gujarat,24,Amreli,480,7043.333333333333,9371.666666666666,8520
2022-12-14,Green Gram (Moong)(Whole),9,Gujarat,24,Amreli,480,7327.5,8555,7941.5
2022-12-13,Green Gram (Moong)(Whole),9,Gujarat,24,Amreli,480,10500,11255,10878
2022-12-12,Green Gram (Moong)(Whole),9,Gujarat,24,Amreli,480,11060,12000,11530
2022-12-10,Green Gram (Moong)(Whole),9,Gujarat,24,Amreli,480,8640,9237.5,8938.5
2022-12-09,Green Gram (Moong)(Whole),9,Gujarat,24,Amreli,480,7000,9333.333333333334,8750
2022-12-08,Green Gram (Moong)(Whole),9,Gujarat,24,Amreli,480,8382.5,10975,9679
2022-12-07,Green Gram (Moong)(Whole),9,Gujarat,24,Amreli,480,8325,9250,8777.5
2022-12-06,Green Gram (Moong)(Whole),9,Gujarat,24,Amreli,480,8805,10125,9527.5
2022-12-05,Green Gram (Moong)(Whole),9,Gujarat,24,Amreli,480,6935,10271.666666666666,8920.333333333334
2022-12-03,Green Gram (Moong)(Whole),9,Gujarat,24,Amreli,480,6261.666666666667,8366.666666666666,7314.333333333333
2022-12-02,Green Gram (Moong)(Whole),9,Gujarat,24,Amreli,480,5805,13250,9528
2022-11-29,Green Gram (Moong)(Whole),9,Gujarat,24,Amreli,480,7035,8815,8273.333333333334
2022-11-28,Green Gram (Moong)(Whole),9,Gujarat,24,Amreli,480,10115,12000,11058
2022-11-25,Green Gram (Moong)(Whole),9,Gujarat,24,Amreli,480,7000,10387.5,9087.5
2022-11-24,Green Gram (Moong)(Whole),9,Gujarat,24,Amreli,480,6468.75,10076.25,8272.5
2022-11-23,Green Gram (Moong)(Whole),9,Gujarat,24,Amreli,480,5580,10315,7947.5
2022-11-22,Green Gram (Moong)(Whole),9,Gujarat,24,Amreli,480,5918.333333333333,12360,9126.666666666666
2022-11-21,Green Gram (Moong)(Whole),9,Gujarat,24,Amreli,480,6050,6750,6750
2022-11-19,Green Gram (Moong)(Whole),9,Gujarat,24,Amreli,480,5527.5,6312.5,5997.5
2022-11-18,Green Gram (Moong)(Whole),9,Gujarat,24,Amreli,480,5521.25,8707.5,7263.25
2022-11-17,Green Gram (Moong)(Whole),9,Gujarat,24,Amreli,480,7312.5,8776.25,7825.5
2022-11-16,Green Gram (Moong)(Whole),9,Gujarat,24,Amreli,480,6552.5,11100,8851
2022-11-15,Green Gram (Moong)(Whole),9,Gujarat,24,Amreli,480,4812.5,12255,9884
2022-11-14,Green Gram (Moong)(Whole),9,Gujarat,24,Amreli,480,6265,6652.5,6465
2022-11-12,Green Gram (Moong)(Whole),9,Gujarat,24,Amreli,480,5500,6997.5,6287.5
2022-11-11,Green Gram (Moong)(Whole),9,Gujarat,24,Amreli,480,4212.5,5762.5,5431
2022-11-10,Green Gram (Moong)(Whole),9,Gujarat,24,Amreli,480,3000,6675,6050
2022-11-09,Green Gram (Moong)(Whole),9,Gujarat,24,Amreli,480,6000,6000,6000
2022-11-08,Green Gram (Moong)(Whole),9,Gujarat,24,Amreli,480,4625,11575,7825
2022-11-07,Green Gram (Moong)(Whole),9,Gujarat,24,Amreli,480,6000,8625,7062.5
2022-11-05,Green Gram (Moong)(Whole),9,Gujarat,24,Amreli,480,7805,7805,7805
2022-11-02,Green Gram (Moong)(Whole),9,Gujarat,24,Amreli,480,5468.333333333333,7485,6593.333333333333
2022-10-29,Green Gram (Moong)(Whole),9,Gujarat,24,Amreli,480,6937.5,6937.5,6937.5
2022-10-20,Green Gram (Moong)(Whole),9,Gujarat,24,Amreli,480,4925,6100,5000
2022-10-19,Green Gram (Moong)(Whole),9,Gujarat,24,Amreli,480,5000,5651.666666666667,5392.666666666667
2022-10-18,Green Gram (Moong)(Whole),9,Gujarat,24,Amreli,480,4225,7200,6377.5
2022-10-17,Green Gram (Moong)(Whole),9,Gujarat,24,Amreli,480,3750,6500,6480
2022-10-15,Green Gram (Moong)(Whole),9,Gujarat,24,Amreli,480,4941.666666666667,5585,5219
2022-10-14,Green Gram (Moong)(Whole),9,Gujarat,24,Amreli,480,4000,7197.5,6136
2022-10-13,Green Gram (Moong)(Whole),9,Gujarat,24,Amreli,480,5450,7625,6002.5
2022-10-12,Green Gram (Moong)(Whole),9,Gujarat,24,Amreli,480,4975,7275,6016.666666666667
2022-10-11,Green Gram (Moong)(Whole),9,Gujarat,24,Amreli,480,5762.5,7875,6675
2022-10-10,Green Gram (Moong)(Whole),9,Gujarat,24,Amreli,480,4555,6715,5915
2022-10-08,Green Gram (Moong)(Whole),9,Gujarat,24,Amreli,480,4500,5205,4852
2022-10-07,Green Gram (Moong)(Whole),9,Gujarat,24,Amreli,480,6005,6380,6193
2022-10-06,Green Gram (Moong)(Whole),9,Gujarat,24,Amreli,480,4470,5707.5,5089
2022-10-04,Green Gram (Moong)(Whole),9,Gujarat,24,Amreli,480,5375,6002.5,5688.5
2022-10-03,Green Gram (Moong)(Whole),9,Gujarat,24,Amreli,480,5212.5,5625,5418.5
2022-10-01,Green Gram (Moong)(Whole),9,Gujarat,24,Amreli,480,5412.5,6615,5901
2022-09-30,Green Gram (Moong)(Whole),9,Gujarat,24,Amreli,480,4250,7987.5,5807.5
2022-09-29,Green Gram (Moong)(Whole),9,Gujarat,24,Amreli,480,4750,7700,7700
2022-09-28,Green Gram (Moong)(Whole),9,Gujarat,24,Amreli,480,4977.5,6277.5,5627.5
2022-09-27,Green Gram (Moong)(Whole),9,Gujarat,24,Amreli,480,5368.333333333333,6736.666666666667,6052.666666666667
2022-09-26,Green Gram (Moong)(Whole),9,Gujarat,24,Amreli,480,6250,6250,6250
2022-09-24,Green Gram (Moong)(Whole),9,Gujarat,24,Amreli,480,5437.5,6250,5843.5
2022-09-23,Green Gram (Moong)(Whole),9,Gujarat,24,Amreli,480,4620,6842.5,5719
2022-09-22,Green Gram (Moong)(Whole),9,Gujarat,24,Amreli,480,5000,6390,6175
2022-09-21,Green Gram (Moong)(Whole),9,Gujarat,24,Amreli,480,4527.5,5202.5,5202.5
2022-09-20,Green Gram (Moong)(Whole),9,Gujarat,24,Amreli,480,4991.666666666667,6118.333333333333,5531.666666666667
2022-09-19,Green Gram (Moong)(Whole),9,Gujarat,24,Amreli,480,5866.25,6543.75,6220
2022-09-17,Green Gram (Moong)(Whole),9,Gujarat,24,Amreli,480,5790,7202.5,7202.5
2022-09-16,Green Gram (Moong)(Whole),9,Gujarat,24,Amreli,480,5532.5,6672.5,6215
2022-09-15,Green Gram (Moong)(Whole),9,Gujarat,24,Amreli,480,4480,5902.5,5391
2022-09-14,Green Gram (Moong)(Whole),9,Gujarat,24,Amreli,480,5750,6060,5905
2022-09-13,Green Gram (Moong)(Whole),9,Gujarat,24,Amreli,480,4750,5125,4937.5
2022-09-12,Green Gram (Moong)(Whole),9,Gujarat,24,Amreli,480,4811.666666666667,5830,5320.666666666667
2022-09-10,Green Gram (Moong)(Whole),9,Gujarat,24,Amreli,480,5750,6062.5,5906.5
2022-09-09,Green Gram (Moong)(Whole),9,Gujarat,24,Amreli,480,4940,6178.333333333333,5434.333333333333
2022-09-08,Green Gram (Moong)(Whole),9,Gujarat,24,Amreli,480,5055,6407.5,6015
2022-09-07,Green Gram (Moong)(Whole),9,Gujarat,24,Amreli,480,4400,5865,5371.5
2022-09-06,Green Gram (Moong)(Whole),9,Gujarat,24,Amreli,480,3790,5392.5,4642.5
2022-09-05,Green Gram (Moong)(Whole),9,Gujarat,24,Amreli,480,4743.75,6088.75,5434.5
2022-09-03,Green Gram (Moong)(Whole),9,Gujarat,24,Amreli,480,4000,4000,4000
2022-09-02,Green Gram (Moong)(Whole),9,Gujarat,24,Amreli,480,4935,5538.333333333333,5236.666666666667
2022-09-01,Green Gram (Moong)(Whole),9,Gujarat,24,Amreli,480,5062.5,6175,5619
2022-08-31,Green Gram (Moong)(Whole),9,Gujarat,24,Amreli,480,4325,5925,5715
2022-08-30,Green Gram (Moong)(Whole),9,Gujarat,24,Amreli,480,4502.5,6155,5602.5
2022-08-29,Green Gram (Moong)(Whole),9,Gujarat,24,Amreli,480,5670,6490,6296.666666666667
2022-08-27,Green Gram (Moong)(Whole),9,Gujarat,24,Amreli,480,6380,6380,6380
2022-08-26,Green Gram (Moong)(Whole),9,Gujarat,24,Amreli,480,4625,5562.5,5094
2022-08-25,Green Gram (Moong)(Whole),9,Gujarat,24,Amreli,480,5125,6457.5,6167.5
2022-08-24,Green Gram (Moong)(Whole),9,Gujarat,24,Amreli,480,4508.333333333333,5711.666666666667,5367.666666666667
2022-08-22,Green Gram (Moong)(Whole),9,Gujarat,24,Amreli,480,5257.5,6257.5,6062.5
2022-08-13,Green Gram (Moong)(Whole),9,Gujarat,24,Amreli,480,5443.75,6205,5736.25
2022-08-12,Green Gram (Moong)(Whole),9,Gujarat,24,Amreli,480,5966.666666666667,6475,6310
2022-08-10,Green Gram (Moong)(Whole),9,Gujarat,24,Amreli,480,4937.5,6402.5,5957.5
2022-08-08,Green Gram (Moong)(Whole),9,Gujarat,24,Amreli,480,5516,6251,5827
2022-08-06,Green Gram (Moong)(Whole),9,Gujarat,24,Amreli,480,4863.75,5958.75,5601.25
2022-08-05,Green Gram (Moong)(Whole),9,Gujarat,24,Amreli,480,5132.5,6066.25,5694.5
2022-08-04,Green Gram (Moong)(Whole),9,Gujarat,24,Amreli,480,4625,6552.5,5847.5
2022-08-03,Green Gram (Moong)(Whole),9,Gujarat,24,Amreli,480,5525,6234,6001
2022-08-02,Green Gram (Moong)(Whole),9,Gujarat,24,Amreli,480,5750,6073.75,5913.25
2022-08-01,Green Gram (Moong)(Whole),9,Gujarat,24,Amreli,480,4500,6651.666666666667,5836
2022-07-30,Green Gram (Moong)(Whole),9,Gujarat,24,Amreli,480,4800,5436.666666666667,5193.333333333333
2022-07-29,Green Gram (Moong)(Whole),9,Gujarat,24,Amreli,480,5362.5,6048.75,5710
2022-07-28,Green Gram (Moong)(Whole),9,Gujarat,24,Amreli,480,5985,6866.666666666667,6593.333333333333
2022-07-27,Green Gram (Moong)(Whole),9,Gujarat,24,Amreli,480,6088.75,6653.75,6303
2022-07-26,Green Gram (Moong)(Whole),9,Gujarat,24,Amreli,480,5262.5,6225,6018.75
2022-07-25,Green Gram (Moong)(Whole),9,Gujarat,24,Amreli,480,4896,5582,5473.6
2022-07-23,Green Gram (Moong)(Whole),9,Gujarat,24,Amreli,480,5500,6385,6325
2022-07-22,Green Gram (Moong)(Whole),9,Gujarat,24,Amreli,480,4793.333333333333,6283.333333333333,5961
2022-07-21,Green Gram (Moong)(Whole),9,Gujarat,24,Amreli,480,4891.666666666667,6233.333333333333,5965
2022-07-20,Green Gram (Moong)(Whole),9,Gujarat,24,Amreli,480,5698.333333333333,6186.666666666667,5945
2022-07-19,Green Gram (Moong)(Whole),9,Gujarat,24,Amreli,480,5581.25,6022.5,5767
2022-07-18,Green Gram (Moong)(Whole),9,Gujarat,24,Amreli,480,4726.666666666667,6176.666666666667,5537.333333333333
2022-07-16,Green Gram (Moong)(Whole),9,Gujarat,24,Amreli,480,4801.666666666667,5968.333333333333,5663.333333333333
2022-07-15,Green Gram (Moong)(Whole),9,Gujarat,24,Amreli,480,4637.5,5757.5,5475
2022-07-14,Green Gram (Moong)(Whole),9,Gujarat,24,Amreli,480,5657.5,6156.25,5976.25
2022-07-13,Green Gram (Moong)(Whole),9,Gujarat,24,Amreli,480,5980,6280,6110
2022-07-12,Green Gram (Moong)(Whole),9,Gujarat,24,Amreli,480,5230,6135,5816.25
2022-07-11,Green Gram (Moong)(Whole),9,Gujarat,24,Amreli,480,4893.75,6141.25,5670
2022-07-09,Green Gram (Moong)(Whole),9,Gujarat,24,Amreli,480,5258,6202,5896
2022-07-08,Green Gram (Moong)(Whole),9,Gujarat,24,Amreli,480,4285,6136.666666666667,5437
2022-07-07,Green Gram (Moong)(Whole),9,Gujarat,24,Amreli,480,5060,6060,5757
2022-07-06,Green Gram (Moong)(Whole),9,Gujarat,24,Amreli,480,5431.25,7127.5,6254.5
2022-07-05,Green Gram (Moong)(Whole),9,Gujarat,24,Amreli,480,4716.666666666667,6013.333333333333,5669
2022-07-04,Green Gram (Moong)(Whole),9,Gujarat,24,Amreli,480,4637.5,6103.75,5638.25
2022-07-02,Green Gram (Moong)(Whole),9,Gujarat,24,Amreli,480,5250,5500,5375
2022-07-01,Green Gram (Moong)(Whole),9,Gujarat,24,Amreli,480,6000,6000,6000
2022-06-30,Green Gram (Moong)(Whole),9,Gujarat,24,Amreli,480,4881.25,5945,5532.5
2022-06-29,Green Gram (Moong)(Whole),9,Gujarat,24,Amreli,480,4863.75,5933.75,5524.5
2022-06-28,Green Gram (Moong)(Whole),9,Gujarat,24,Amreli,480,4498.75,5828.75,5490
2022-06-27,Green Gram (Moong)(Whole),9,Gujarat,24,Amreli,480,4467,5708,5161
2022-06-25,Green Gram (Moong)(Whole),9,Gujarat,24,Amreli,480,5350,6028.75,5773
2022-06-24,Green Gram (Moong)(Whole),9,Gujarat,24,Amreli,480,5264,5931,5684
2022-06-23,Green Gram (Moong)(Whole),9,Gujarat,24,Amreli,480,4951.25,6098.75,5738.75
2022-06-22,Green Gram (Moong)(Whole),9,Gujarat,24,Amreli,480,5333.333333333333,5950,5657.666666666667
2022-06-21,Green Gram (Moong)(Whole),9,Gujarat,24,Amreli,480,4426,6099,5320.6
2022-06-20,Green Gram (Moong)(Whole),9,Gujarat,24,Amreli,480,4801,6064,5498
2022-06-18,Green Gram (Moong)(Whole),9,Gujarat,24,Amreli,480,5737.5,6375,6056
2022-06-17,Green Gram (Moong)(Whole),9,Gujarat,24,Amreli,480,4381.25,6238.75,5535.75
2022-06-16,Green Gram (Moong)(Whole),9,Gujarat,24,Amreli,480,4810,5989,5446
2022-06-15,Green Gram (Moong)(Whole),9,Gujarat,24,Amreli,480,4705,6500,5757.4
2022-06-14,Green Gram (Moong)(Whole),9,Gujarat,24,Amreli,480,5296,6388,5955.6
2022-06-13,Green Gram (Moong)(Whole),9,Gujarat,24,Amreli,480,4400,6185,5545.6
2022-06-11,Green Gram (Moong)(Whole),9,Gujarat,24,Amreli,480,5333.333333333333,6365,5849.333333333333
2022-06-10,Green Gram (Moong)(Whole),9,Gujarat,24,Amreli,480,3500,6430,5750
2022-06-09,Green Gram (Moong)(Whole),9,Gujarat,24,Amreli,480,5238,6559,5986.4
2022-06-08,Green Gram (Moong)(Whole),9,Gujarat,24,Amreli,480,5067,6202,5723
2022-06-07,Green Gram (Moong)(Whole),9,Gujarat,24,Amreli,480,4471,6399,5714.6
2022-06-06,Green Gram (Moong)(Whole),9,Gujarat,24,Amreli,480,4250,6197.5,5490.75
2022-06-04,Green Gram (Moong)(Whole),9,Gujarat,24,Amreli,480,5100,5880,5551
2022-06-03,Green Gram (Moong)(Whole),9,Gujarat,24,Amreli,480,4741,6223,5496.8
2022-06-02,Green Gram (Moong)(Whole),9,Gujarat,24,Amreli,480,4827,6042,5618
2022-06-01,Green Gram (Moong)(Whole),9,Gujarat,24,Amreli,480,4998.333333333333,6291.666666666667,5826.666666666667
2022-05-31,Green Gram (Moong)(Whole),9,Gujarat,24,Amreli,480,4221.25,6087.5,5392
2022-05-30,Green Gram (Moong)(Whole),9,Gujarat,24,Amreli,480,4938.333333333333,6228.333333333333,5758.666666666667
2022-05-28,Green Gram (Moong)(Whole),9,Gujarat,24,Amreli,480,4741.25,6115,5470.75
2022-05-27,Green Gram (Moong)(Whole),9,Gujarat,24,Amreli,480,4858.333333333333,6118.333333333333,5529.333333333333
2022-05-26,Green Gram (Moong)(Whole),9,Gujarat,24,Amreli,480,4500,6223.333333333333,5611
2022-05-25,Green Gram (Moong)(Whole),9,Gujarat,24,Amreli,480,4776.666666666667,6388.333333333333,5761.666666666667
2022-05-24,Green Gram (Moong)(Whole),9,Gujarat,24,Amreli,480,5150,6501.666666666667,5919.333333333333
2022-05-23,Green Gram (Moong)(Whole),9,Gujarat,24,Amreli,480,4650,6480,5679.333333333333
2022-05-21,Green Gram (Moong)(Whole),9,Gujarat,24,Amreli,480,5361.666666666667,6236.666666666667,5839.333333333333
2022-05-20,Green Gram (Moong)(Whole),9,Gujarat,24,Amreli,480,4885,6368.333333333333,5637.666666666667
2022-05-19,Green Gram (Moong)(Whole),9,Gujarat,24,Amreli,480,4662.5,6200,5431.5
2022-05-18,Green Gram (Moong)(Whole),9,Gujarat,24,Amreli,480,4458.333333333333,6346.666666666667,5868.333333333333
2022-05-17,Green Gram (Moong)(Whole),9,Gujarat,24,Amreli,480,4512.5,6492.5,6041.5
2022-05-16,Green Gram (Moong)(Whole),9,Gujarat,24,Amreli,480,4625,6577.5,6097.5
2022-05-14,Green Gram (Moong)(Whole),9,Gujarat,24,Amreli,480,5760,6780,5785
2022-05-13,Green Gram (Moong)(Whole),9,Gujarat,24,Amreli,480,6185,6185,6185
2022-05-12,Green Gram (Moong)(Whole),9,Gujarat,24,Amreli,480,5005,5710,5475
2022-05-11,Green Gram (Moong)(Whole),9,Gujarat,24,Amreli,480,6380,6380,6380
2022-05-10,Green Gram (Moong)(Whole),9,Gujarat,24,Amreli,480,5755,6750,6750
2022-05-09,Green Gram (Moong)(Whole),9,Gujarat,24,Amreli,480,4500,6255,5500
2022-05-07,Green Gram (Moong)(Whole),9,Gujarat,24,Amreli,480,4705,6862.5,6540
2022-05-05,Green Gram (Moong)(Whole),9,Gujarat,24,Amreli,480,4000,4000,4000
2022-04-29,Green Gram (Moong)(Whole),9,Gujarat,24,Amreli,480,4800,8025,8025
2022-04-28,Green Gram (Moong)(Whole),9,Gujarat,24,Amreli,480,5175,8000,8000
2022-04-27,Green Gram (Moong)(Whole),9,Gujarat,24,Amreli,480,5180,6780,6780
2022-04-26,Green Gram (Moong)(Whole),9,Gujarat,24,Amreli,480,6550,8000,8000
2022-04-25,Green Gram (Moong)(Whole),9,Gujarat,24,Amreli,480,5005,5005,5005
2022-04-23,Green Gram (Moong)(Whole),9,Gujarat,24,Amreli,480,5000,5005,5003
2022-04-22,Green Gram (Moong)(Whole),9,Gujarat,24,Amreli,480,6025,6500,6500
2022-04-18,Green Gram (Moong)(Whole),9,Gujarat,24,Amreli,480,10625,10625,10625
2022-04-15,Green Gram (Moong)(Whole),9,Gujarat,24,Amreli,480,5625,6207.5,5782.5
2022-04-12,Green Gram (Moong)(Whole),9,Gujarat,24,Amreli,480,7505,7505,7505
2022-04-11,Green Gram (Moong)(Whole),9,Gujarat,24,Amreli,480,5500,5500,5500
2022-04-08,Green Gram (Moong)(Whole),9,Gujarat,24,Amreli,480,6500,6910,6705
2022-04-04,Green Gram (Moong)(Whole),9,Gujarat,24,Amreli,480,7500,12125,9813
2022-03-23,Green Gram (Moong)(Whole),9,Gujarat,24,Amreli,480,7830,7925,7900
2022-03-17,Green Gram (Moong)(Whole),9,Gujarat,24,Amreli,480,6630,6630,6630
2022-03-15,Green Gram (Moong)(Whole),9,Gujarat,24,Amreli,480,10000,10000,10000
2022-03-14,Green Gram (Moong)(Whole),9,Gujarat,24,Amreli,480,7500,7500,7500
2022-03-12,Green Gram (Moong)(Whole),9,Gujarat,24,Amreli,480,2825,11625,7225
2022-03-11,Green Gram (Moong)(Whole),9,Gujarat,24,Amreli,480,11125,11125,11125
2022-03-10,Green Gram (Moong)(Whole),9,Gujarat,24,Amreli,480,6750,11505,9128
2022-03-09,Green Gram (Moong)(Whole),9,Gujarat,24,Amreli,480,8487.5,9737.5,9112.5
2022-03-05,Green Gram (Moong)(Whole),9,Gujarat,24,Amreli,480,5750,6940,6345
2022-03-04,Green Gram (Moong)(Whole),9,Gujarat,24,Amreli,480,12375,12375,12375
2022-03-02,Green Gram (Moong)(Whole),9,Gujarat,24,Amreli,480,4250,5400,5400
2022-02-28,Green Gram (Moong)(Whole),9,Gujarat,24,Amreli,480,3000,8000,5500
2022-02-26,Green Gram (Moong)(Whole),9,Gujarat,24,Amreli,480,5150,5150,5150
2022-02-22,Green Gram (Moong)(Whole),9,Gujarat,24,Amreli,480,6665,11260,8963
2022-02-21,Green Gram (Moong)(Whole),9,Gujarat,24,Amreli,480,4000,11775,7888
2022-02-19,Green Gram (Moong)(Whole),9,Gujarat,24,Amreli,480,4000,5737.5,4125
2022-02-15,Green Gram (Moong)(Whole),9,Gujarat,24,Amreli,480,7505,10000,8753
2022-02-14,Green Gram (Moong)(Whole),9,Gujarat,24,Amreli,480,7505,10000,8753
2022-02-12,Green Gram (Moong)(Whole),9,Gujarat,24,Amreli,480,4500,4500,4500
2022-02-11,Green Gram (Moong)(Whole),9,Gujarat,24,Amreli,480,7000,8125,7787.5
2022-02-10,Green Gram (Moong)(Whole),9,Gujarat,24,Amreli,480,5275,7500,6388
2022-02-09,Green Gram (Moong)(Whole),9,Gujarat,24,Amreli,480,5917.5,7640,6779
2022-02-07,Green Gram (Moong)(Whole),9,Gujarat,24,Amreli,480,4875,5800,5800
2022-02-03,Green Gram (Moong)(Whole),9,Gujarat,24,Amreli,480,4075,6075,5000
2022-02-02,Green Gram (Moong)(Whole),9,Gujarat,24,Amreli,480,8515,8515,8515
2022-02-01,Green Gram (Moong)(Whole),9,Gujarat,24,Amreli,480,9500,10680,10090
2022-01-31,Green Gram (Moong)(Whole),9,Gujarat,24,Amreli,480,8505,8505,8505
2022-01-29,Green Gram (Moong)(Whole),9,Gujarat,24,Amreli,480,11500,11500,11500
2022-01-28,Green Gram (Moong)(Whole),9,Gujarat,24,Amreli,480,11000,11110,11055
2022-01-27,Green Gram (Moong)(Whole),9,Gujarat,24,Amreli,480,6015,6015,6015
2022-01-24,Green Gram (Moong)(Whole),9,Gujarat,24,Amreli,480,10900,11125,11013
2022-01-22,Green Gram (Moong)(Whole),9,Gujarat,24,Amreli,480,4660,4660,4660
2022-01-21,Green Gram (Moong)(Whole),9,Gujarat,24,Amreli,480,4200,5995,5995
2022-01-20,Green Gram (Moong)(Whole),9,Gujarat,24,Amreli,480,3005,6255,4630
2022-01-18,Green Gram (Moong)(Whole),9,Gujarat,24,Amreli,480,9505,9810,9658
2022-01-17,Green Gram (Moong)(Whole),9,Gujarat,24,Amreli,480,4480,6200,5765
2022-01-15,Green Gram (Moong)(Whole),9,Gujarat,24,Amreli,480,11000,11000,11000
2022-01-13,Green Gram (Moong)(Whole),9,Gujarat,24,Amreli,480,11000,11000,11000
2022-01-12,Green Gram (Moong)(Whole),9,Gujarat,24,Amreli,480,3875,11155,7515
2022-01-11,Green Gram (Moong)(Whole),9,Gujarat,24,Amreli,480,7527.5,8192.5,7555
2022-01-10,Green Gram (Moong)(Whole),9,Gujarat,24,Amreli,480,6280,11630,8955
2022-01-08,Green Gram (Moong)(Whole),9,Gujarat,24,Amreli,480,4475,10212.5,6359
2022-01-07,Green Gram (Moong)(Whole),9,Gujarat,24,Amreli,480,4500,9755,7128
2022-01-06,Green Gram (Moong)(Whole),9,Gujarat,24,Amreli,480,8000,10630,9315
2022-01-05,Green Gram (Moong)(Whole),9,Gujarat,24,Amreli,480,6083.333333333333,7833.333333333333,7175.333333333333
2022-01-04,Green Gram (Moong)(Whole),9,Gujarat,24,Amreli,480,3875,9125,7375
2022-01-03,Green Gram (Moong)(Whole),9,Gujarat,24,Amreli,480,3868.3333333333335,7171.666666666667,5542
2022-01-01,Green Gram (Moong)(Whole),9,Gujarat,24,Amreli,480,6925,8580,7615
2021-12-31,Green Gram (Moong)(Whole),9,Gujarat,24,Amreli,480,5750,11000,8375
2021-12-30,Green Gram (Moong)(Whole),9,Gujarat,24,Amreli,480,6188.333333333333,7400,6594.333333333333
2021-12-29,Green Gram (Moong)(Whole),9,Gujarat,24,Amreli,480,9200,11255,10228
2021-12-28,Green Gram (Moong)(Whole),9,Gujarat,24,Amreli,480,9510,11005,10258
2021-12-27,Green Gram (Moong)(Whole),9,Gujarat,24,Amreli,480,6905,9640,9329
2021-12-25,Green Gram (Moong)(Whole),9,Gujarat,24,Amreli,480,3000,4850,4150
2021-12-24,Green Gram (Moong)(Whole),9,Gujarat,24,Amreli,480,6002.5,7942.5,7130
2021-12-23,Green Gram (Moong)(Whole),9,Gujarat,24,Amreli,480,3500,5525,4250
2021-12-22,Green Gram (Moong)(Whole),9,Gujarat,24,Amreli,480,4000,10500,7250
2021-12-21,Green Gram (Moong)(Whole),9,Gujarat,24,Amreli,480,5755,11150,8453
2021-12-20,Green Gram (Moong)(Whole),9,Gujarat,24,Amreli,480,9300,9300,9300
2021-12-18,Green Gram (Moong)(Whole),9,Gujarat,24,Amreli,480,6750,11150,8950
2021-12-17,Green Gram (Moong)(Whole),9,Gujarat,24,Amreli,480,6927.5,9420,7655
2021-12-16,Green Gram (Moong)(Whole),9,Gujarat,24,Amreli,480,4025,5500,4375
2021-12-15,Green Gram (Moong)(Whole),9,Gujarat,24,Amreli,480,5000,8466.666666666666,6976
2021-12-14,Green Gram (Moong)(Whole),9,Gujarat,24,Amreli,480,6816.666666666667,8976.666666666666,8201.666666666666
2021-12-13,Green Gram (Moong)(Whole),9,Gujarat,24,Amreli,480,3000,4150,4000
2021-12-11,Green Gram (Moong)(Whole),9,Gujarat,24,Amreli,480,5850,7507.5,6930
2021-12-10,Green Gram (Moong)(Whole),9,Gujarat,24,Amreli,480,3612.5,6415,4789
2021-12-09,Green Gram (Moong)(Whole),9,Gujarat,24,Amreli,480,6075,8012.5,7417.5
2021-12-08,Green Gram (Moong)(Whole),9,Gujarat,24,Amreli,480,6862.5,9622.5,8161.5
2021-12-07,Green Gram (Moong)(Whole),9,Gujarat,24,Amreli,480,6775,7927.5,7351.5
2021-12-06,Green Gram (Moong)(Whole),9,Gujarat,24,Amreli,480,6502.5,8125,7526.5
2021-12-04,Green Gram (Moong)(Whole),9,Gujarat,24,Amreli,480,5200,7750,7750
2021-11-30,Green Gram (Moong)(Whole),9,Gujarat,24,Amreli,480,8125,9530,8827.5
2021-11-29,Green Gram (Moong)(Whole),9,Gujarat,24,Amreli,480,6250,9467.5,7859
2021-11-27,Green Gram (Moong)(Whole),9,Gujarat,24,Amreli,480,5750,8417.5,6864
2021-11-26,Green Gram (Moong)(Whole),9,Gujarat,24,Amreli,480,6000,8065,6970
2021-11-25,Green Gram (Moong)(Whole),9,Gujarat,24,Amreli,480,6642.5,8967.5,7387.5
2021-11-24,Green Gram (Moong)(Whole),9,Gujarat,24,Amreli,480,7200,8250,7577.5
2021-11-23,Green Gram (Moong)(Whole),9,Gujarat,24,Amreli,480,6752.5,7812.5,7364
2021-11-22,Green Gram (Moong)(Whole),9,Gujarat,24,Amreli,480,7700,7767.5,7740
2021-11-20,Green Gram (Moong)(Whole),9,Gujarat,24,Amreli,480,7327.5,8590,7590
2021-11-19,Green Gram (Moong)(Whole),9,Gujarat,24,Amreli,480,5783.333333333333,9960,7784.333333333333
2021-11-18,Green Gram (Moong)(Whole),9,Gujarat,24,Amreli,480,6502.5,8867.5,8116.5
2021-11-17,Green Gram (Moong)(Whole),9,Gujarat,24,Amreli,480,5600,9412.5,7650
2021-11-16,Green Gram (Moong)(Whole),9,Gujarat,24,Amreli,480,4785,5700,5125
2021-11-15,Green Gram (Moong)(Whole),9,Gujarat,24,Amreli,480,6375,6375,6375
2021-11-12,Green Gram (Moong)(Whole),9,Gujarat,24,Amreli,480,7400,10140,8176.5
2021-11-11,Green Gram (Moong)(Whole),9,Gujarat,24,Amreli,480,4400,5375,5375
2021-11-10,Green Gram (Moong)(Whole),9,Gujarat,24,Amreli,480,5105,5925,5525
2021-11-09,Green Gram (Moong)(Whole),9,Gujarat,24,Amreli,480,5295,8455,6414
2021-10-30,Green Gram (Moong)(Whole),9,Gujarat,24,Amreli,480,4510,6625,5575
2021-10-29,Green Gram (Moong)(Whole),9,Gujarat,24,Amreli,480,5730,6175,6175
2021-10-28,Green Gram (Moong)(Whole),9,Gujarat,24,Amreli,480,3000,6660,5750
2021-10-27,Green Gram (Moong)(Whole),9,Gujarat,24,Amreli,480,5250,7000,5850
2021-10-26,Green Gram (Moong)(Whole),9,Gujarat,24,Amreli,480,5055,5530,5197.5
2021-10-25,Green Gram (Moong)(Whole),9,Gujarat,24,Amreli,480,4187.5,4950,4550
2021-10-23,Green Gram (Moong)(Whole),9,Gujarat,24,Amreli,480,7625,7625,7625
2021-10-22,Green Gram (Moong)(Whole),9,Gujarat,24,Amreli,480,3750,6965,5515
2021-10-21,Green Gram (Moong)(Whole),9,Gujarat,24,Amreli,480,5077.5,6877.5,6615
2021-10-20,Green Gram (Moong)(Whole),9,Gujarat,24,Amreli,480,4527.5,5352.5,4976
2021-10-18,Green Gram (Moong)(Whole),9,Gujarat,24,Amreli,480,4650,6550,5075
2021-10-16,Green Gram (Moong)(Whole),9,Gujarat,24,Amreli,480,4725,5825,4950
2021-10-14,Green Gram (Moong)(Whole),9,Gujarat,24,Amreli,480,3500,4500,4000
2021-10-13,Green Gram (Moong)(Whole),9,Gujarat,24,Amreli,480,4833.333333333333,6583.333333333333,5666.666666666667
2021-10-12,Green Gram (Moong)(Whole),9,Gujarat,24,Amreli,480,4500,6065,5375
2021-10-11,Green Gram (Moong)(Whole),9,Gujarat,24,Amreli,480,4505,6350,5752.5
2021-10-09,Green Gram (Moong)(Whole),9,Gujarat,24,Amreli,480,4750,5937.5,5250
2021-10-08,Green Gram (Moong)(Whole),9,Gujarat,24,Amreli,480,4650,6855,5625
2021-10-07,Green Gram (Moong)(Whole),9,Gujarat,24,Amreli,480,5320,7695,5832.5
2021-10-06,Green Gram (Moong)(Whole),9,Gujarat,24,Amreli,480,5090,6427.5,5452.5
2021-10-05,Green Gram (Moong)(Whole),9,Gujarat,24,Amreli,480,4461.666666666667,6743.333333333333,5686.666666666667
2021-10-04,Green Gram (Moong)(Whole),9,Gujarat,24,Amreli,480,4491.666666666667,6175,5276
2021-10-01,Green Gram (Moong)(Whole),9,Gujarat,24,Amreli,480,5000,6030,5515
2021-09-29,Green Gram (Moong)(Whole),9,Gujarat,24,Amreli,480,3500,6150,4350
2021-09-27,Green Gram (Moong)(Whole),9,Gujarat,24,Amreli,480,4750,6237.5,5500
2021-09-25,Green Gram (Moong)(Whole),9,Gujarat,24,Amreli,480,4662.5,6280,5462.5
2021-09-24,Green Gram (Moong)(Whole),9,Gujarat,24,Amreli,480,5025,6650,5515
2021-09-23,Green Gram (Moong)(Whole),9,Gujarat,24,Amreli,480,5000,7700,5850
2021-09-22,Green Gram (Moong)(Whole),9,Gujarat,24,Amreli,480,4750,6250,5612.5
2021-09-21,Green Gram (Moong)(Whole),9,Gujarat,24,Amreli,480,5111.666666666667,7421.666666666667,5635
2021-09-20,Green Gram (Moong)(Whole),9,Gujarat,24,Amreli,480,4518.333333333333,6298.333333333333,5517.666666666667
2021-09-18,Green Gram (Moong)(Whole),9,Gujarat,24,Amreli,480,4837.5,6330,5496.5
2021-09-17,Green Gram (Moong)(Whole),9,Gujarat,24,Amreli,480,4916.666666666667,6600,6150
2021-09-16,Green Gram (Moong)(Whole),9,Gujarat,24,Amreli,480,4890,4890,4890
2021-09-15,Green Gram (Moong)(Whole),9,Gujarat,24,Amreli,480,4817.5,6080,5449
2021-09-14,Green Gram (Moong)(Whole),9,Gujarat,24,Amreli,480,4250,7290,5482.5
2021-09-13,Green Gram (Moong)(Whole),9,Gujarat,24,Amreli,480,4310,6446.666666666667,5245
2021-09-11,Green Gram (Moong)(Whole),9,Gujarat,24,Amreli,480,5250,5855,5553
2021-09-09,Green Gram (Moong)(Whole),9,Gujarat,24,Amreli,480,5000,6155,5578
2021-09-08,Green Gram (Moong)(Whole),9,Gujarat,24,Amreli,480,4850,5900,5900
2021-09-07,Green Gram (Moong)(Whole),9,Gujarat,24,Amreli,480,4816.666666666667,6386.666666666667,5710
2021-09-06,Green Gram (Moong)(Whole),9,Gujarat,24,Amreli,480,4875,6072.5,5474
2021-09-04,Green Gram (Moong)(Whole),9,Gujarat,24,Amreli,480,4895,7412.5,5419
2021-09-03,Green Gram (Moong)(Whole),9,Gujarat,24,Amreli,480,4426.666666666667,5885,4943.333333333333
2021-09-02,Green Gram (Moong)(Whole),9,Gujarat,24,Amreli,480,4850,6193.333333333333,5376
2021-09-01,Green Gram (Moong)(Whole),9,Gujarat,24,Amreli,480,4500,5350,4925
2021-08-27,Green Gram (Moong)(Whole),9,Gujarat,24,Amreli,480,4262.5,6420,5284
2021-08-26,Green Gram (Moong)(Whole),9,Gujarat,24,Amreli,480,4000,6362.5,5519
2021-08-25,Green Gram (Moong)(Whole),9,Gujarat,24,Amreli,480,4503.333333333333,5848.333333333333,5287
2021-08-24,Green Gram (Moong)(Whole),9,Gujarat,24,Amreli,480,4250,6035,5050.666666666667
2021-08-23,Green Gram (Moong)(Whole),9,Gujarat,24,Amreli,480,4608.333333333333,5901.666666666667,5192.666666666667
2021-08-21,Green Gram (Moong)(Whole),9,Gujarat,24,Amreli,480,4800,5787.5,5266.5
2021-08-19,Green Gram (Moong)(Whole),9,Gujarat,24,Amreli,480,4262.5,5722.5,5271.5
2021-08-18,Green Gram (Moong)(Whole),9,Gujarat,24,Amreli,480,4918.333333333333,6135,5620
2021-08-17,Green Gram (Moong)(Whole),9,Gujarat,24,Amreli,480,4406.666666666667,6788.333333333333,5582
2021-08-16,Green Gram (Moong)(Whole),9,Gujarat,24,Amreli,480,4566.666666666667,6103.333333333333,5422
2021-08-14,Green Gram (Moong)(Whole),9,Gujarat,24,Amreli,480,5050,6037.5,5512.5
2021-08-13,Green Gram (Moong)(Whole),9,Gujarat,24,Amreli,480,4335,5750,5215
2021-08-12,Green Gram (Moong)(Whole),9,Gujarat,24,Amreli,480,4466.666666666667,6546.666666666667,5345.333333333333
2021-08-11,Green Gram (Moong)(Whole),9,Gujarat,24,Amreli,480,4411.666666666667,5815,5074.333333333333
2021-08-10,Green Gram (Moong)(Whole),9,Gujarat,24,Amreli,480,4035,6310,5081
2021-08-09,Green Gram (Moong)(Whole),9,Gujarat,24,Amreli,480,4200,6095,5374
2021-08-07,Green Gram (Moong)(Whole),9,Gujarat,24,Amreli,480,4241.666666666667,5800,5185.333333333333
2021-08-06,Green Gram (Moong)(Whole),9,Gujarat,24,Amreli,480,4000,5391.666666666667,4851
2021-08-05,Green Gram (Moong)(Whole),9,Gujarat,24,Amreli,480,4250,6075,5260
2021-08-04,Green Gram (Moong)(Whole),9,Gujarat,24,Amreli,480,4783.333333333333,5810,5250.333333333333
2021-08-03,Green Gram (Moong)(Whole),9,Gujarat,24,Amreli,480,4502.5,6627.5,5565
2021-08-02,Green Gram (Moong)(Whole),9,Gujarat,24,Amreli,480,4562.5,5847.5,5274
2021-07-31,Green Gram (Moong)(Whole),9,Gujarat,24,Amreli,480,5063.333333333333,5710,5396
2021-07-30,Green Gram (Moong)(Whole),9,Gujarat,24,Amreli,480,4216.666666666667,6335,5574.333333333333
2021-07-29,Green Gram (Moong)(Whole),9,Gujarat,24,Amreli,480,4605,6125,5494.333333333333
2021-07-28,Green Gram (Moong)(Whole),9,Gujarat,24,Amreli,480,4251.666666666667,6318.333333333333,5467.666666666667
2021-07-27,Green Gram (Moong)(Whole),9,Gujarat,24,Amreli,480,4593.333333333333,6101.666666666667,5177.666666666667
2021-07-26,Green Gram (Moong)(Whole),9,Gujarat,24,Amreli,480,4163.333333333333,5388.333333333333,4949.333333333333
2021-07-24,Green Gram (Moong)(Whole),9,Gujarat,24,Amreli,480,4320,7255,5035
2021-07-23,Green Gram (Moong)(Whole),9,Gujarat,24,Amreli,480,4268.333333333333,5831.666666666667,5126.666666666667
2021-07-22,Green Gram (Moong)(Whole),9,Gujarat,24,Amreli,480,4155,5996.666666666667,5237.666666666667
2021-07-20,Green Gram (Moong)(Whole),9,Gujarat,24,Amreli,480,3835,5790,5056
2021-07-19,Green Gram (Moong)(Whole),9,Gujarat,24,Amreli,480,4368.333333333333,5846.666666666667,5103.333333333333
2021-07-17,Green Gram (Moong)(Whole),9,Gujarat,24,Amreli,480,4100,6011.666666666667,4991.666666666667
2021-07-16,Green Gram (Moong)(Whole),9,Gujarat,24,Amreli,480,4235,5733.333333333333,5039.333333333333
2021-07-15,Green Gram (Moong)(Whole),9,Gujarat,24,Amreli,480,4243.333333333333,5945,5131.666666666667
2021-07-14,Green Gram (Moong)(Whole),9,Gujarat,24,Amreli,480,4367.5,5632.5,4987.5
2021-07-13,Green Gram (Moong)(Whole),9,Gujarat,24,Amreli,480,3800,5787.5,5075
2021-07-12,Green Gram (Moong)(Whole),9,Gujarat,24,Amreli,480,3500,5790,4916.5
2021-07-10,Green Gram (Moong)(Whole),9,Gujarat,24,Amreli,480,4187.5,5415,4574
2021-07-09,Green Gram (Moong)(Whole),9,Gujarat,24,Amreli,480,3666.6666666666665,6020,4826.666666666667
2021-07-08,Green Gram (Moong)(Whole),9,Gujarat,24,Amreli,480,3937.5,5930,5110
2021-07-07,Green Gram (Moong)(Whole),9,Gujarat,24,Amreli,480,3775,6087.5,5000
2021-07-06,Green Gram (Moong)(Whole),9,Gujarat,24,Amreli,480,4125,6316.666666666667,5212
2021-07-05,Green Gram (Moong)(Whole),9,Gujarat,24,Amreli,480,3902.5,5845,4994
2021-07-03,Green Gram (Moong)(Whole),9,Gujarat,24,Amreli,480,3925,5807.5,5049
2021-07-02,Green Gram (Moong)(Whole),9,Gujarat,24,Amreli,480,4500,5987.5,5106.5
2021-07-01,Green Gram (Moong)(Whole),9,Gujarat,24,Amreli,480,4050,6405,5390
2021-06-30,Green Gram (Moong)(Whole),9,Gujarat,24,Amreli,480,3650,5260,5150
2021-06-29,Green Gram (Moong)(Whole),9,Gujarat,24,Amreli,480,3850,6755,5190
2021-06-28,Green Gram (Moong)(Whole),9,Gujarat,24,Amreli,480,3550,6250,5210
2021-06-26,Green Gram (Moong)(Whole),9,Gujarat,24,Amreli,480,3705,6510,5155
2021-06-25,Green Gram (Moong)(Whole),9,Gujarat,24,Amreli,480,4125,6350,5200
2021-06-24,Green Gram (Moong)(Whole),9,Gujarat,24,Amreli,480,3852.5,6250,5352.5
2021-06-23,Green Gram (Moong)(Whole),9,Gujarat,24,Amreli,480,3577.5,6837.5,5107.5
2021-06-22,Green Gram (Moong)(Whole),9,Gujarat,24,Amreli,480,4000,5425,5210
2021-06-21,Green Gram (Moong)(Whole),9,Gujarat,24,Amreli,480,4400,5310,4855
2021-06-19,Green Gram (Moong)(Whole),9,Gujarat,24,Amreli,480,4375,6620,5145
2021-06-18,Green Gram (Moong)(Whole),9,Gujarat,24,Amreli,480,3050,5750,5160
2021-06-17,Green Gram (Moong)(Whole),9,Gujarat,24,Amreli,480,3000,6045,4995
2021-06-16,Green Gram (Moong)(Whole),9,Gujarat,24,Amreli,480,3450,6010,4625
2021-06-15,Green Gram (Moong)(Whole),9,Gujarat,24,Amreli,480,3050,6500,4560
2021-06-14,Green Gram (Moong)(Whole),9,Gujarat,24,Amreli,480,3175,7125,4625
2021-06-12,Green Gram (Moong)(Whole),9,Gujarat,24,Amreli,480,3750,6500,4800
2021-06-11,Green Gram (Moong)(Whole),9,Gujarat,24,Amreli,480,3585,6675,5250
2021-06-10,Green Gram (Moong)(Whole),9,Gujarat,24,Amreli,480,3750,6885,4500
2021-06-09,Green Gram (Moong)(Whole),9,Gujarat,24,Amreli,480,3000,6755,4250
2021-06-08,Green Gram (Moong)(Whole),9,Gujarat,24,Amreli,480,3125,7350,4620
2021-06-07,Green Gram (Moong)(Whole),9,Gujarat,24,Amreli,480,3000,5235,4345
2021-06-05,Green Gram (Moong)(Whole),9,Gujarat,24,Amreli,480,3325,6290,4700
2021-06-04,Green Gram (Moong)(Whole),9,Gujarat,24,Amreli,480,3500,7000,4305
2021-06-03,Green Gram (Moong)(Whole),9,Gujarat,24,Amreli,480,3400,6750,6300
2021-06-02,Green Gram (Moong)(Whole),9,Gujarat,24,Amreli,480,2816.6666666666665,4813.333333333333,3751.6666666666665
2021-06-01,Green Gram (Moong)(Whole),9,Gujarat,24,Amreli,480,3000,7502.5,5285
2021-05-31,Green Gram (Moong)(Whole),9,Gujarat,24,Amreli,480,3637.5,6802.5,5150
2021-05-29,Green Gram (Moong)(Whole),9,Gujarat,24,Amreli,480,3825,7155,5750
2021-05-28,Green Gram (Moong)(Whole),9,Gujarat,24,Amreli,480,3627.5,7440,5750
2021-05-27,Green Gram (Moong)(Whole),9,Gujarat,24,Amreli,480,4600,6560,6150
2021-05-26,Green Gram (Moong)(Whole),9,Gujarat,24,Amreli,480,4875,6877.5,6206.5
2021-05-25,Green Gram (Moong)(Whole),9,Gujarat,24,Amreli,480,4650,6400,5875
2021-04-20,Green Gram (Moong)(Whole),9,Gujarat,24,Amreli,480,7000,7000,7000
2021-04-19,Green Gram (Moong)(Whole),9,Gujarat,24,Amreli,480,8215,8215,8215
2021-04-12,Green Gram (Moong)(Whole),9,Gujarat,24,Amreli,480,8000,8000,8000
2021-04-10,Green Gram (Moong)(Whole),9,Gujarat,24,Amreli,480,4000,7625,7625
2021-04-09,Green Gram (Moong)(Whole),9,Gujarat,24,Amreli,480,6005,6005,6005
2021-04-07,Green Gram (Moong)(Whole),9,Gujarat,24,Amreli,480,6400,7650,7025
2021-04-06,Green Gram (Moong)(Whole),9,Gujarat,24,Amreli,480,6350,7630,6990
2021-04-03,Green Gram (Moong)(Whole),9,Gujarat,24,Amreli,480,8000,8000,8000
2021-04-02,Green Gram (Moong)(Whole),9,Gujarat,24,Amreli,480,6625,6625,6625
2021-03-24,Green Gram (Moong)(Whole),9,Gujarat,24,Amreli,480,5950,6050,6050
2021-03-20,Green Gram (Moong)(Whole),9,Gujarat,24,Amreli,480,7250,7250,7250
2021-03-19,Green Gram (Moong)(Whole),9,Gujarat,24,Amreli,480,5025,6125,6125
2021-03-16,Green Gram (Moong)(Whole),9,Gujarat,24,Amreli,480,6750,6750,6750
2021-03-15,Green Gram (Moong)(Whole),9,Gujarat,24,Amreli,480,6270,10000,8135
2021-03-13,Green Gram (Moong)(Whole),9,Gujarat,24,Amreli,480,5560,5560,5560
2021-03-12,Green Gram (Moong)(Whole),9,Gujarat,24,Amreli,480,5001.666666666667,6951.666666666667,6302
2021-03-10,Green Gram (Moong)(Whole),9,Gujarat,24,Amreli,480,8502.5,9000,8751
2021-03-09,Green Gram (Moong)(Whole),9,Gujarat,24,Amreli,480,10755,10755,10755
2021-03-08,Green Gram (Moong)(Whole),9,Gujarat,24,Amreli,480,7000,8002.5,7501.5
2021-03-06,Green Gram (Moong)(Whole),9,Gujarat,24,Amreli,480,5075,6150,5613
2021-03-05,Green Gram (Moong)(Whole),9,Gujarat,24,Amreli,480,6050,6050,6050
2021-03-03,Green Gram (Moong)(Whole),9,Gujarat,24,Amreli,480,3325,3325,3325
2021-03-01,Green Gram (Moong)(Whole),9,Gujarat,24,Amreli,480,5625,7875,7875
2021-02-26,Green Gram (Moong)(Whole),9,Gujarat,24,Amreli,480,4500,10755,7628
2021-02-25,Green Gram (Moong)(Whole),9,Gujarat,24,Amreli,480,7025,7025,7025
2021-02-24,Green Gram (Moong)(Whole),9,Gujarat,24,Amreli,480,6625,7625,7625
2021-02-23,Green Gram (Moong)(Whole),9,Gujarat,24,Amreli,480,5000,7450,6225
2021-02-22,Green Gram (Moong)(Whole),9,Gujarat,24,Amreli,480,7450,7450,7450
2021-02-20,Green Gram (Moong)(Whole),9,Gujarat,24,Amreli,480,8500,8500,8500
2021-02-19,Green Gram (Moong)(Whole),9,Gujarat,24,Amreli,480,6250,6250,6250
2021-02-17,Green Gram (Moong)(Whole),9,Gujarat,24,Amreli,480,5302.5,6305,5804
2021-02-16,Green Gram (Moong)(Whole),9,Gujarat,24,Amreli,480,6577.5,8690,8479
2021-02-15,Green Gram (Moong)(Whole),9,Gujarat,24,Amreli,480,7250,8000,7625
2021-02-12,Green Gram (Moong)(Whole),9,Gujarat,24,Amreli,480,6652.5,7575,7216.5
2021-02-11,Green Gram (Moong)(Whole),9,Gujarat,24,Amreli,480,7675,7912.5,7912.5
2021-02-10,Green Gram (Moong)(Whole),9,Gujarat,24,Amreli,480,3727.5,6312.5,5912.5
2021-02-09,Green Gram (Moong)(Whole),9,Gujarat,24,Amreli,480,6800,8085,7935
2021-02-08,Green Gram (Moong)(Whole),9,Gujarat,24,Amreli,480,6000,8055,8055
2021-02-06,Green Gram (Moong)(Whole),9,Gujarat,24,Amreli,480,7875,7875,7875
2021-02-05,Green Gram (Moong)(Whole),9,Gujarat,24,Amreli,480,7918.333333333333,9418.333333333334,9001.666666666666
2021-02-04,Green Gram (Moong)(Whole),9,Gujarat,24,Amreli,480,4437.5,8587.5,6231.5
2021-02-03,Green Gram (Moong)(Whole),9,Gujarat,24,Amreli,480,7205,10155,8680
2021-02-02,Green Gram (Moong)(Whole),9,Gujarat,24,Amreli,480,7005,9850,8428
2021-02-01,Green Gram (Moong)(Whole),9,Gujarat,24,Amreli,480,6080,9015,7547.5
2021-01-30,Green Gram (Moong)(Whole),9,Gujarat,24,Amreli,480,10060,10095,10077.5
2021-01-29,Green Gram (Moong)(Whole),9,Gujarat,24,Amreli,480,6870,9045,8795
2021-01-27,Green Gram (Moong)(Whole),9,Gujarat,24,Amreli,480,4875,8937.5,7536.5
2021-01-23,Green Gram (Moong)(Whole),9,Gujarat,24,Amreli,480,6422.5,8147.5,6822.5
2021-01-22,Green Gram (Moong)(Whole),9,Gujarat,24,Amreli,480,6752.5,8370,7561.5
2021-01-21,Green Gram (Moong)(Whole),9,Gujarat,24,Amreli,480,7250,9127.5,8127.5
2021-01-20,Green Gram (Moong)(Whole),9,Gujarat,24,Amreli,480,7255,9130,8193
2021-01-19,Green Gram (Moong)(Whole),9,Gujarat,24,Amreli,480,7725,9517.5,8540
2021-01-16,Green Gram (Moong)(Whole),9,Gujarat,24,Amreli,480,7750,8955,8353
2021-01-15,Green Gram (Moong)(Whole),9,Gujarat,24,Amreli,480,6953.333333333333,8486.666666666666,7811.666666666667
2021-01-13,Green Gram (Moong)(Whole),9,Gujarat,24,Amreli,480,7842.5,9145,8342.5
2021-01-12,Green Gram (Moong)(Whole),9,Gujarat,24,Amreli,480,6750,8670,7710.5
2021-01-11,Green Gram (Moong)(Whole),9,Gujarat,24,Amreli,480,6680,8885,7992
2021-01-09,Green Gram (Moong)(Whole),9,Gujarat,24,Amreli,480,7427.5,8977.5,8203
2021-01-08,Green Gram (Moong)(Whole),9,Gujarat,24,Amreli,480,6033.333333333333,8986.666666666666,8225.333333333334
2021-01-07,Green Gram (Moong)(Whole),9,Gujarat,24,Amreli,480,6658.333333333333,8453.333333333334,7792
2021-01-06,Green Gram (Moong)(Whole),9,Gujarat,24,Amreli,480,6000,9296.666666666666,7752
2021-01-05,Green Gram (Moong)(Whole),9,Gujarat,24,Amreli,480,7771.666666666667,8740,8256
2021-01-04,Green Gram (Moong)(Whole),9,Gujarat,24,Amreli,480,5875,9268.333333333334,7591.666666666667
2021-01-02,Green Gram (Moong)(Whole),9,Gujarat,24,Amreli,480,8500,9250,8875
2021-01-01,Green Gram (Moong)(Whole),9,Gujarat,24,Amreli,480,7641.666666666667,8698.333333333334,8170.333333333333
2020-12-31,Green Gram (Moong)(Whole),9,Gujarat,24,Amreli,480,8375,10177.5,9276.5
2020-12-30,Green Gram (Moong)(Whole),9,Gujarat,24,Amreli,480,8043.333333333333,8818.333333333334,8431
2020-12-29,Green Gram (Moong)(Whole),9,Gujarat,24,Amreli,480,6565,9500,8033
2020-12-28,Green Gram (Moong)(Whole),9,Gujarat,24,Amreli,480,6533.333333333333,8443.333333333334,7580
2020-12-26,Green Gram (Moong)(Whole),9,Gujarat,24,Amreli,480,5437.5,7317.5,6677.5
2020-12-24,Green Gram (Moong)(Whole),9,Gujarat,24,Amreli,480,7640,8975,8494
2020-12-23,Green Gram (Moong)(Whole),9,Gujarat,24,Amreli,480,6000,8193.333333333334,7208.333333333333
2020-12-22,Green Gram (Moong)(Whole),9,Gujarat,24,Amreli,480,5062.5,8317.5,7075
2020-12-21,Green Gram (Moong)(Whole),9,Gujarat,24,Amreli,480,5005,9255,7130
2020-12-19,Green Gram (Moong)(Whole),9,Gujarat,24,Amreli,480,3775,7650,6500
2020-12-18,Green Gram (Moong)(Whole),9,Gujarat,24,Amreli,480,5300,8255,6000
2020-12-17,Green Gram (Moong)(Whole),9,Gujarat,24,Amreli,480,6083.333333333333,8758.333333333334,7462.666666666667
2020-12-16,Green Gram (Moong)(Whole),9,Gujarat,24,Amreli,480,7500,11000,9250
2020-12-15,Green Gram (Moong)(Whole),9,Gujarat,24,Amreli,480,5065,9150,7614
2020-12-14,Green Gram (Moong)(Whole),9,Gujarat,24,Amreli,480,7400,8316.666666666666,7858.333333333333
2020-12-12,Green Gram (Moong)(Whole),9,Gujarat,24,Amreli,480,5500,5500,5500
2020-12-10,Green Gram (Moong)(Whole),9,Gujarat,24,Amreli,480,5661.666666666667,7283.333333333333,6379.333333333333
2020-12-09,Green Gram (Moong)(Whole),9,Gujarat,24,Amreli,480,6177.5,9427.5,6665
2020-12-07,Green Gram (Moong)(Whole),9,Gujarat,24,Amreli,480,7085,8668.333333333334,7771.666666666667
2020-12-05,Green Gram (Moong)(Whole),9,Gujarat,24,Amreli,480,8405,9135,8770
2020-12-04,Green Gram (Moong)(Whole),9,Gujarat,24,Amreli,480,6700,9977.5,8989
2020-12-03,Green Gram (Moong)(Whole),9,Gujarat,24,Amreli,480,7905,9405,8655
2020-12-02,Green Gram (Moong)(Whole),9,Gujarat,24,Amreli,480,7945,8952.5,8550
2020-12-01,Green Gram (Moong)(Whole),9,Gujarat,24,Amreli,480,6525,10767.5,8201.5
2020-11-30,Green Gram (Moong)(Whole),9,Gujarat,24,Amreli,480,7130,8252.5,7691.5
2020-11-28,Green Gram (Moong)(Whole),9,Gujarat,24,Amreli,480,5650,9266.666666666666,7458.333333333333
2020-11-27,Green Gram (Moong)(Whole),9,Gujarat,24,Amreli,480,8280,9077.5,8826.5
2020-11-26,Green Gram (Moong)(Whole),9,Gujarat,24,Amreli,480,6065,10065,7190
2020-11-25,Green Gram (Moong)(Whole),9,Gujarat,24,Amreli,480,5375,8943.333333333334,7355
2020-11-24,Green Gram (Moong)(Whole),9,Gujarat,24,Amreli,480,4725,9090,6836
2020-11-23,Green Gram (Moong)(Whole),9,Gujarat,24,Amreli,480,5565,8577.5,7071.5
2020-11-21,Green Gram (Moong)(Whole),9,Gujarat,24,Amreli,480,5400,7425,7425
2020-11-20,Green Gram (Moong)(Whole),9,Gujarat,24,Amreli,480,6550,10127.5,8339
2020-11-19,Green Gram (Moong)(Whole),9,Gujarat,24,Amreli,480,6327.5,10250,8289
2020-11-12,Green Gram (Moong)(Whole),9,Gujarat,24,Amreli,480,3000,7500,7375
2020-11-11,Green Gram (Moong)(Whole),9,Gujarat,24,Amreli,480,6800,8002.5,7750
2020-11-10,Green Gram (Moong)(Whole),9,Gujarat,24,Amreli,480,5801.666666666667,8933.333333333334,7392.666666666667
2020-11-09,Green Gram (Moong)(Whole),9,Gujarat,24,Amreli,480,4375,5800,5375
2020-11-07,Green Gram (Moong)(Whole),9,Gujarat,24,Amreli,480,5515,6463.333333333333,6039.333333333333
2020-11-06,Green Gram (Moong)(Whole),9,Gujarat,24,Amreli,480,3250,6160,4000
2020-11-05,Green Gram (Moong)(Whole),9,Gujarat,24,Amreli,480,5550,6738.333333333333,6075
2020-11-04,Green Gram (Moong)(Whole),9,Gujarat,24,Amreli,480,3250,6110,5750
2020-11-03,Green Gram (Moong)(Whole),9,Gujarat,24,Amreli,480,5166.666666666667,9563.333333333334,7608.666666666667
2020-11-02,Green Gram (Moong)(Whole),9,Gujarat,24,Amreli,480,4461.666666666667,8953.333333333334,7190
2020-10-29,Green Gram (Moong)(Whole),9,Gujarat,24,Amreli,480,3150,6750,5800
2020-10-28,Green Gram (Moong)(Whole),9,Gujarat,24,Amreli,480,3875,7255,6005
2020-10-27,Green Gram (Moong)(Whole),9,Gujarat,24,Amreli,480,4477.5,7272.5,6210
2020-10-26,Green Gram (Moong)(Whole),9,Gujarat,24,Amreli,480,5275,7775,6525
2020-10-24,Green Gram (Moong)(Whole),9,Gujarat,24,Amreli,480,5252.5,6930,6164
2020-10-23,Green Gram (Moong)(Whole),9,Gujarat,24,Amreli,480,5750,6750,6662.5
2020-10-22,Green Gram (Moong)(Whole),9,Gujarat,24,Amreli,480,3500,8575,6630
2020-10-21,Green Gram (Moong)(Whole),9,Gujarat,24,Amreli,480,4833.333333333333,8140,6684.333333333333
2020-10-20,Green Gram (Moong)(Whole),9,Gujarat,24,Amreli,480,5670,7553.333333333333,6470
2020-10-19,Green Gram (Moong)(Whole),9,Gujarat,24,Amreli,480,6105,7796.666666666667,7671.666666666667
2020-10-16,Green Gram (Moong)(Whole),9,Gujarat,24,Amreli,480,4450,9180,6500
2020-10-15,Green Gram (Moong)(Whole),9,Gujarat,24,Amreli,480,5000,7125,7005
2020-10-14,Green Gram (Moong)(Whole),9,Gujarat,24,Amreli,480,4150,8400,6000
2020-10-13,Green Gram (Moong)(Whole),9,Gujarat,24,Amreli,480,3000,6875,5050
2020-10-12,Green Gram (Moong)(Whole),9,Gujarat,24,Amreli,480,5166.666666666667,6141.666666666667,5846
2020-10-10,Green Gram (Moong)(Whole),9,Gujarat,24,Amreli,480,3500,7025,4525
2020-10-09,Green Gram (Moong)(Whole),9,Gujarat,24,Amreli,480,5350,6810,6241.666666666667
2020-10-08,Green Gram (Moong)(Whole),9,Gujarat,24,Amreli,480,5250,7412.5,6312.5
2020-10-07,Green Gram (Moong)(Whole),9,Gujarat,24,Amreli,480,4610,7373.333333333333,5541.666666666667
2020-10-06,Green Gram (Moong)(Whole),9,Gujarat,24,Amreli,480,5750,7750,6750
2020-10-05,Green Gram (Moong)(Whole),9,Gujarat,24,Amreli,480,4435,7952.5,6205
2020-10-03,Green Gram (Moong)(Whole),9,Gujarat,24,Amreli,480,4375,7940,6531.5
2020-10-01,Green Gram (Moong)(Whole),9,Gujarat,24,Amreli,480,5250,8025,7142.666666666667
2020-09-30,Green Gram (Moong)(Whole),9,Gujarat,24,Amreli,480,3750,7875,6060
2020-09-29,Green Gram (Moong)(Whole),9,Gujarat,24,Amreli,480,5000,7000,6000
2020-09-28,Green Gram (Moong)(Whole),9,Gujarat,24,Amreli,480,5266.666666666667,7150,6200
2020-09-26,Green Gram (Moong)(Whole),9,Gujarat,24,Amreli,480,4637.5,6517.5,5190
2020-09-25,Green Gram (Moong)(Whole),9,Gujarat,24,Amreli,480,5360,7210,6293.333333333333
2020-09-24,Green Gram (Moong)(Whole),9,Gujarat,24,Amreli,480,4405,5375,4979.333333333333
2020-09-23,Green Gram (Moong)(Whole),9,Gujarat,24,Amreli,480,2625,6525,6460
2020-09-22,Green Gram (Moong)(Whole),9,Gujarat,24,Amreli,480,4500,5882.5,5660
2020-09-21,Green Gram (Moong)(Whole),9,Gujarat,24,Amreli,480,4551.666666666667,6328.333333333333,5911
2020-09-18,Green Gram (Moong)(Whole),9,Gujarat,24,Amreli,480,4627.5,6712.5,5157.5
2020-09-16,Green Gram (Moong)(Whole),9,Gujarat,24,Amreli,480,3562.5,6927.5,5851.5
2020-09-15,Green Gram (Moong)(Whole),9,Gujarat,24,Amreli,480,4587.5,6402.5,5975
2020-09-14,Green Gram (Moong)(Whole),9,Gujarat,24,Amreli,480,3583.3333333333335,6203.333333333333,4966.666666666667
2020-09-12,Green Gram (Moong)(Whole),9,Gujarat,24,Amreli,480,5465,5905,5905
2020-09-11,Green Gram (Moong)(Whole),9,Gujarat,24,Amreli,480,6060,8415,8150
2020-09-10,Green Gram (Moong)(Whole),9,Gujarat,24,Amreli,480,6255,8750,7460
2020-09-09,Green Gram (Moong)(Whole),9,Gujarat,24,Amreli,480,4220,7323.333333333333,5961.666666666667
2020-09-08,Green Gram (Moong)(Whole),9,Gujarat,24,Amreli,480,4875,7505,6880
2020-09-07,Green Gram (Moong)(Whole),9,Gujarat,24,Amreli,480,5540,6465,6002.5
2020-09-05,Green Gram (Moong)(Whole),9,Gujarat,24,Amreli,480,4625,6300,4750
2020-09-04,Green Gram (Moong)(Whole),9,Gujarat,24,Amreli,480,4533.333333333333,5900,5396
2020-09-03,Green Gram (Moong)(Whole),9,Gujarat,24,Amreli,480,5467.5,5467.5,5467.5
2020-09-02,Green Gram (Moong)(Whole),9,Gujarat,24,Amreli,480,4712.5,6100,5412.5
2020-09-01,Green Gram (Moong)(Whole),9,Gujarat,24,Amreli,480,4166.666666666667,6385,5155.333333333333
2020-08-31,Green Gram (Moong)(Whole),9,Gujarat,24,Amreli,480,4750,6250,5500
2020-08-29,Green Gram (Moong)(Whole),9,Gujarat,24,Amreli,480,6105,6105,6105
2020-08-28,Green Gram (Moong)(Whole),9,Gujarat,24,Amreli,480,6322.5,6322.5,6322.5
2020-08-27,Green Gram (Moong)(Whole),9,Gujarat,24,Amreli,480,4650,5500,5500
2020-08-26,Green Gram (Moong)(Whole),9,Gujarat,24,Amreli,480,4825,5687.5,5256.5
2020-08-25,Green Gram (Moong)(Whole),9,Gujarat,24,Amreli,480,4500,5755,5128
2020-08-24,Green Gram (Moong)(Whole),9,Gujarat,24,Amreli,480,4777.5,5297.5,5037.5
2020-08-22,Green Gram (Moong)(Whole),9,Gujarat,24,Amreli,480,5475,7800,7800
2020-08-21,Green Gram (Moong)(Whole),9,Gujarat,24,Amreli,480,5250,6125,5688
2020-08-20,Green Gram (Moong)(Whole),9,Gujarat,24,Amreli,480,5226.666666666667,6128.333333333333,5750
2020-08-19,Green Gram (Moong)(Whole),9,Gujarat,24,Amreli,480,5250,6250,5750
2020-08-18,Green Gram (Moong)(Whole),9,Gujarat,24,Amreli,480,5616.666666666667,6543.333333333333,6080
2020-08-17,Green Gram (Moong)(Whole),9,Gujarat,24,Amreli,480,5250,6700,5975
2020-08-08,Green Gram (Moong)(Whole),9,Gujarat,24,Amreli,480,4250,6400,5922.5
2020-08-07,Green Gram (Moong)(Whole),9,Gujarat,24,Amreli,480,4625,6775,5725
2020-08-06,Green Gram (Moong)(Whole),9,Gujarat,24,Amreli,480,4976.666666666667,6036.666666666667,5210
2020-08-05,Green Gram (Moong)(Whole),9,Gujarat,24,Amreli,480,5250,6250,5750
2020-08-04,Green Gram (Moong)(Whole),9,Gujarat,24,Amreli,480,5701.666666666667,6210,5813.333333333333
2020-07-31,Green Gram (Moong)(Whole),9,Gujarat,24,Amreli,480,4515,6337.5,5451.5
2020-07-30,Green Gram (Moong)(Whole),9,Gujarat,24,Amreli,480,4416.666666666667,5945,5409.333333333333
2020-07-29,Green Gram (Moong)(Whole),9,Gujarat,24,Amreli,480,4675,6315,5806.5
2020-07-28,Green Gram (Moong)(Whole),9,Gujarat,24,Amreli,480,4312.5,5562.5,4937.5
2020-07-27,Green Gram (Moong)(Whole),9,Gujarat,24,Amreli,480,4418.333333333333,6018.333333333333,5768.333333333333
2020-07-25,Green Gram (Moong)(Whole),9,Gujarat,24,Amreli,480,5125,6491.5,5931.5
2020-07-24,Green Gram (Moong)(Whole),9,Gujarat,24,Amreli,480,5368.333333333333,6301.666666666667,5710
2020-07-23,Green Gram (Moong)(Whole),9,Gujarat,24,Amreli,480,4125,6637.5,5050
2020-07-22,Green Gram (Moong)(Whole),9,Gujarat,24,Amreli,480,4425,6428.333333333333,5702.666666666667
2020-07-21,Green Gram (Moong)(Whole),9,Gujarat,24,Amreli,480,4083.3333333333335,5383.333333333333,4608.333333333333
2020-07-20,Green Gram (Moong)(Whole),9,Gujarat,24,Amreli,480,5125,6311.666666666667,5541.666666666667
2020-07-18,Green Gram (Moong)(Whole),9,Gujarat,24,Amreli,480,5112.5,5980,5605
2020-07-17,Green Gram (Moong)(Whole),9,Gujarat,24,Amreli,480,4573.333333333333,6293.333333333333,5724.333333333333
2020-07-16,Green Gram (Moong)(Whole),9,Gujarat,24,Amreli,480,5500,6465,5982.5
2020-07-15,Green Gram (Moong)(Whole),9,Gujarat,24,Amreli,480,3912.5,6500,5750
2020-07-14,Green Gram (Moong)(Whole),9,Gujarat,24,Amreli,480,5523.333333333333,6765,6206.666666666667
2020-07-13,Green Gram (Moong)(Whole),9,Gujarat,24,Amreli,480,4125,6562.5,5592.5
2020-07-11,Green Gram (Moong)(Whole),9,Gujarat,24,Amreli,480,6016.666666666667,6516.666666666667,6266.666666666667
2020-07-10,Green Gram (Moong)(Whole),9,Gujarat,24,Amreli,480,5751.666666666667,7120,6299.333333333333
2020-07-09,Green Gram (Moong)(Whole),9,Gujarat,24,Amreli,480,3933.3333333333335,5700,5083.333333333333
2020-07-08,Green Gram (Moong)(Whole),9,Gujarat,24,Amreli,480,5003.333333333333,6196.666666666667,5770
2020-07-07,Green Gram (Moong)(Whole),9,Gujarat,24,Amreli,480,5185,6603.333333333333,6332.666666666667
2020-07-06,Green Gram (Moong)(Whole),9,Gujarat,24,Amreli,480,3925,5817.5,4894
2020-07-04,Green Gram (Moong)(Whole),9,Gujarat,24,Amreli,480,5410,6136.666666666667,5862.666666666667
2020-07-03,Green Gram (Moong)(Whole),9,Gujarat,24,Amreli,480,5285,7018.333333333333,6088.666666666667
2020-07-02,Green Gram (Moong)(Whole),9,Gujarat,24,Amreli,480,5416.666666666667,6985,6371.666666666667
2020-07-01,Green Gram (Moong)(Whole),9,Gujarat,24,Amreli,480,5791.666666666667,6800,6229.333333333333
2020-06-30,Green Gram (Moong)(Whole),9,Gujarat,24,Amreli,480,5225,6691.666666666667,6350
2020-06-29,Green Gram (Moong)(Whole),9,Gujarat,24,Amreli,480,4868.333333333333,6815,6354.333333333333
2020-06-27,Green Gram (Moong)(Whole),9,Gujarat,24,Amreli,480,3916.6666666666665,7090,5917.666666666667
2020-06-26,Green Gram (Moong)(Whole),9,Gujarat,24,Amreli,480,5040,6940,6440
2020-06-25,Green Gram (Moong)(Whole),9,Gujarat,24,Amreli,480,4392.5,7127.5,5965
2020-06-24,Green Gram (Moong)(Whole),9,Gujarat,24,Amreli,480,4425,7067.5,6411.5
2020-06-23,Green Gram (Moong)(Whole),9,Gujarat,24,Amreli,480,4487.5,6937.5,6269
2020-06-22,Green Gram (Moong)(Whole),9,Gujarat,24,Amreli,480,5658.333333333333,7001.666666666667,6347
2020-06-20,Green Gram (Moong)(Whole),9,Gujarat,24,Amreli,480,5433.333333333333,7186.666666666667,6475.333333333333
2020-06-19,Green Gram (Moong)(Whole),9,Gujarat,24,Amreli,480,5013.333333333333,7486.666666666667,6501.666666666667
2020-06-18,Green Gram (Moong)(Whole),9,Gujarat,24,Amreli,480,5325,7236.666666666667,6447
2020-06-17,Green Gram (Moong)(Whole),9,Gujarat,24,Amreli,480,5262.5,6835,6062.5
2020-06-16,Green Gram (Moong)(Whole),9,Gujarat,24,Amreli,480,5425,7250,6406.5
2020-06-15,Green Gram (Moong)(Whole),9,Gujarat,24,Amreli,480,4000,6870,6250
2020-06-13,Green Gram (Moong)(Whole),9,Gujarat,24,Amreli,480,6040,7070,6555.5
2020-06-12,Green Gram (Moong)(Whole),9,Gujarat,24,Amreli,480,5062.5,7300,6456.5
2020-06-11,Green Gram (Moong)(Whole),9,Gujarat,24,Amreli,480,5375,6798.333333333333,6288.666666666667
2020-06-10,Green Gram (Moong)(Whole),9,Gujarat,24,Amreli,480,5333.333333333333,6958.333333333333,6246.666666666667
2020-06-09,Green Gram (Moong)(Whole),9,Gujarat,24,Amreli,480,5375,7102.5,6612.5
2020-06-08,Green Gram (Moong)(Whole),9,Gujarat,24,Amreli,480,6296.666666666667,7185,6753.333333333333
2020-06-06,Green Gram (Moong)(Whole),9,Gujarat,24,Amreli,480,5891.666666666667,7115,6657.666666666667
2020-06-05,Green Gram (Moong)(Whole),9,Gujarat,24,Amreli,480,6130,7073.333333333333,6576
2020-06-04,Green Gram (Moong)(Whole),9,Gujarat,24,Amreli,480,6125,7658.333333333333,6949.333333333333
2020-06-03,Green Gram (Moong)(Whole),9,Gujarat,24,Amreli,480,6202.5,6687.5,6344
2020-06-02,Green Gram (Moong)(Whole),9,Gujarat,24,Amreli,480,6400,6400,6400
2020-06-01,Green Gram (Moong)(Whole),9,Gujarat,24,Amreli,480,5275,6618.333333333333,5921
2020-05-30,Green Gram (Moong)(Whole),9,Gujarat,24,Amreli,480,6127.5,7065,6502.5
2020-05-29,Green Gram (Moong)(Whole),9,Gujarat,24,Amreli,480,5125,6587.5,5856.5
2020-05-28,Green Gram (Moong)(Whole),9,Gujarat,24,Amreli,480,5350,6477.5,5912.5
2020-05-27,Green Gram (Moong)(Whole),9,Gujarat,24,Amreli,480,5577.5,6377.5,5905
2020-05-26,Green Gram (Moong)(Whole),9,Gujarat,24,Amreli,480,4625,6503.333333333333,5526.666666666667
2020-05-23,Green Gram (Moong)(Whole),9,Gujarat,24,Amreli,480,5710,6568.333333333333,6243.333333333333
2020-05-22,Green Gram (Moong)(Whole),9,Gujarat,24,Amreli,480,5625,6567.5,6125
2020-05-21,Green Gram (Moong)(Whole),9,Gujarat,24,Amreli,480,6126.666666666667,7085,6606
2020-05-20,Green Gram (Moong)(Whole),9,Gujarat,24,Amreli,480,6765,7827.5,7445
2020-05-19,Green Gram (Moong)(Whole),9,Gujarat,24,Amreli,480,6578.333333333333,7726.666666666667,7340.333333333333
2020-05-16,Green Gram (Moong)(Whole),9,Gujarat,24,Amreli,480,7226.666666666667,8185,7755.333333333333
2020-05-15,Green Gram (Moong)(Whole),9,Gujarat,24,Amreli,480,6750,8250,7500
2020-05-13,Green Gram (Moong)(Whole),9,Gujarat,24,Amreli,480,6500,7925,7213
2020-05-12,Green Gram (Moong)(Whole),9,Gujarat,24,Amreli,480,5250,6350,5800
2020-05-11,Green Gram (Moong)(Whole),9,Gujarat,24,Amreli,480,7468.333333333333,7960,7714.333333333333
2020-05-09,Green Gram (Moong)(Whole),9,Gujarat,24,Amreli,480,7410,7410,7410
2020-05-08,Green Gram (Moong)(Whole),9,Gujarat,24,Amreli,480,6005,7505,6755
2020-05-07,Green Gram (Moong)(Whole),9,Gujarat,24,Amreli,480,7125,7937.5,7531.5
2020-05-06,Green Gram (Moong)(Whole),9,Gujarat,24,Amreli,480,7687.5,8262.5,7975
2020-05-05,Green Gram (Moong)(Whole),9,Gujarat,24,Amreli,480,6710,7202.5,6956.5
2020-05-04,Green Gram (Moong)(Whole),9,Gujarat,24,Amreli,480,7750,9177.5,8464
2020-05-02,Green Gram (Moong)(Whole),9,Gujarat,24,Amreli,480,6110,6110,6110
2020-05-01,Green Gram (Moong)(Whole),9,Gujarat,24,Amreli,480,8915,8915,8915
2020-04-30,Green Gram (Moong)(Whole),9,Gujarat,24,Amreli,480,9005,9005,9005
2020-03-18,Green Gram (Moong)(Whole),9,Gujarat,24,Amreli,480,5010,5010,5010
2020-03-11,Green Gram (Moong)(Whole),9,Gujarat,24,Amreli,480,7500,7500,7500
2020-03-09,Green Gram (Moong)(Whole),9,Gujarat,24,Amreli,480,5250,6842.5,5827.5
2020-03-07,Green Gram (Moong)(Whole),9,Gujarat,24,Amreli,480,4500,4500,4500
2020-03-06,Green Gram (Moong)(Whole),9,Gujarat,24,Amreli,480,5005,7500,6253
2020-03-05,Green Gram (Moong)(Whole),9,Gujarat,24,Amreli,480,7755,7755,7755
2020-03-04,Green Gram (Moong)(Whole),9,Gujarat,24,Amreli,480,6630,6630,6630
2020-03-03,Green Gram (Moong)(Whole),9,Gujarat,24,Amreli,480,5750,7767.5,6759
2020-03-02,Green Gram (Moong)(Whole),9,Gujarat,24,Amreli,480,7590,7590,7590
2020-02-28,Green Gram (Moong)(Whole),9,Gujarat,24,Amreli,480,5277.5,6780,6029
2020-02-27,Green Gram (Moong)(Whole),9,Gujarat,24,Amreli,480,6287.5,6502.5,6395
2020-02-25,Green Gram (Moong)(Whole),9,Gujarat,24,Amreli,480,6880,6880,6880
2020-02-24,Green Gram (Moong)(Whole),9,Gujarat,24,Amreli,480,8225,8225,8225
2020-02-19,Green Gram (Moong)(Whole),9,Gujarat,24,Amreli,480,6231.666666666667,7613.333333333333,7134.333333333333
2020-02-18,Green Gram (Moong)(Whole),9,Gujarat,24,Amreli,480,6577.5,8152.5,7365
2020-02-15,Green Gram (Moong)(Whole),9,Gujarat,24,Amreli,480,8755,8755,8755
2020-02-14,Green Gram (Moong)(Whole),9,Gujarat,24,Amreli,480,6000,7505,6753
2020-02-12,Green Gram (Moong)(Whole),9,Gujarat,24,Amreli,480,5000,8005,6503
2020-02-11,Green Gram (Moong)(Whole),9,Gujarat,24,Amreli,480,6555,7320,6937.5
2020-02-08,Green Gram (Moong)(Whole),9,Gujarat,24,Amreli,480,7627.5,8402.5,8402.5
2020-02-07,Green Gram (Moong)(Whole),9,Gujarat,24,Amreli,480,6200,7505,6853
2020-02-05,Green Gram (Moong)(Whole),9,Gujarat,24,Amreli,480,6000,6555,6555
2020-02-03,Green Gram (Moong)(Whole),9,Gujarat,24,Amreli,480,5737.5,6575,5915
2020-02-01,Green Gram (Moong)(Whole),9,Gujarat,24,Amreli,480,9000,9000,9000
2020-01-31,Green Gram (Moong)(Whole),9,Gujarat,24,Amreli,480,5137.5,7317.5,6228
2020-01-29,Green Gram (Moong)(Whole),9,Gujarat,24,Amreli,480,6010,6010,6010
2020-01-28,Green Gram (Moong)(Whole),9,Gujarat,24,Amreli,480,5652.5,7500,7201.5
2020-01-27,Green Gram (Moong)(Whole),9,Gujarat,24,Amreli,480,6500,7607.5,7054
2020-01-24,Green Gram (Moong)(Whole),9,Gujarat,24,Amreli,480,3910,9125,6518
2020-01-23,Green Gram (Moong)(Whole),9,Gujarat,24,Amreli,480,6500,6500,6500
2020-01-22,Green Gram (Moong)(Whole),9,Gujarat,24,Amreli,480,6286.666666666667,7318.333333333333,7028.333333333333
2020-01-18,Green Gram (Moong)(Whole),9,Gujarat,24,Amreli,480,4375,5752.5,5064
2020-01-17,Green Gram (Moong)(Whole),9,Gujarat,24,Amreli,480,3075,8055,8055
2020-01-15,Green Gram (Moong)(Whole),9,Gujarat,24,Amreli,480,6905,6905,6905
2020-01-13,Green Gram (Moong)(Whole),9,Gujarat,24,Amreli,480,6500,6855,6678
2020-01-11,Green Gram (Moong)(Whole),9,Gujarat,24,Amreli,480,6502.5,7375,6939
2020-01-10,Green Gram (Moong)(Whole),9,Gujarat,24,Amreli,480,7350,9375,8362.5
2020-01-09,Green Gram (Moong)(Whole),9,Gujarat,24,Amreli,480,5286.666666666667,6591.666666666667,6116.666666666667
2020-01-08,Green Gram (Moong)(Whole),9,Gujarat,24,Amreli,480,5375,7240,6308
2020-01-07,Green Gram (Moong)(Whole),9,Gujarat,24,Amreli,480,6127.5,7765,6946.5
2020-01-06,Green Gram (Moong)(Whole),9,Gujarat,24,Amreli,480,5708.333333333333,7166.666666666667,6439.333333333333
2020-01-04,Green Gram (Moong)(Whole),9,Gujarat,24,Amreli,480,5287.5,8750,7019
2020-01-03,Green Gram (Moong)(Whole),9,Gujarat,24,Amreli,480,7405,8277.5,7841.5
2020-01-02,Green Gram (Moong)(Whole),9,Gujarat,24,Amreli,480,5000,7750,6375
2020-01-01,Green Gram (Moong)(Whole),9,Gujarat,24,Amreli,480,5413.333333333333,8521.666666666666,7247.666666666667
2019-12-31,Green Gram (Moong)(Whole),9,Gujarat,24,Amreli,480,5676.666666666667,6806.666666666667,6396.666666666667
2019-12-30,Green Gram (Moong)(Whole),9,Gujarat,24,Amreli,480,5375,8850,7113
2019-12-28,Green Gram (Moong)(Whole),9,Gujarat,24,Amreli,480,5533.333333333333,7786.666666666667,6660
2019-12-27,Green Gram (Moong)(Whole),9,Gujarat,24,Amreli,480,6005,6978.333333333333,6201.666666666667
2019-12-26,Green Gram (Moong)(Whole),9,Gujarat,24,Amreli,480,4952.5,6672.5,5812.5
2019-12-25,Green Gram (Moong)(Whole),9,Gujarat,24,Amreli,480,5805,5805,5805
2019-12-24,Green Gram (Moong)(Whole),9,Gujarat,24,Amreli,480,5113.333333333333,7135,6153.333333333333
2019-12-23,Green Gram (Moong)(Whole),9,Gujarat,24,Amreli,480,4293.333333333333,7205,5821.666666666667
2019-12-21,Green Gram (Moong)(Whole),9,Gujarat,24,Amreli,480,5466.666666666667,8035,6751
2019-12-20,Green Gram (Moong)(Whole),9,Gujarat,24,Amreli,480,4260,8386.666666666666,6323.666666666667
2019-12-19,Green Gram (Moong)(Whole),9,Gujarat,24,Amreli,480,4265,7375,5820
2019-12-18,Green Gram (Moong)(Whole),9,Gujarat,24,Amreli,480,5101.666666666667,7283.333333333333,6192.666666666667
2019-12-17,Green Gram (Moong)(Whole),9,Gujarat,24,Amreli,480,4643.333333333333,8335,6490
2019-12-16,Green Gram (Moong)(Whole),9,Gujarat,24,Amreli,480,5438.333333333333,8368.333333333334,6910.333333333333
2019-12-14,Green Gram (Moong)(Whole),9,Gujarat,24,Amreli,480,4328.333333333333,8015,6316.666666666667
2019-12-13,Green Gram (Moong)(Whole),9,Gujarat,24,Amreli,480,4632.5,8536.25,6602.5
2019-12-12,Green Gram (Moong)(Whole),9,Gujarat,24,Amreli,480,5328.75,8275,7203.25
2019-12-11,Green Gram (Moong)(Whole),9,Gujarat,24,Amreli,480,5950,11300,8625
2019-12-10,Green Gram (Moong)(Whole),9,Gujarat,24,Amreli,480,5885,10125,8005
2019-12-09,Green Gram (Moong)(Whole),9,Gujarat,24,Amreli,480,6175,9336.666666666666,8101
2019-12-07,Green Gram (Moong)(Whole),9,Gujarat,24,Amreli,480,7252.5,9312.5,8282.5
2019-12-06,Green Gram (Moong)(Whole),9,Gujarat,24,Amreli,480,6182.5,8940,7672.5
2019-12-05,Green Gram (Moong)(Whole),9,Gujarat,24,Amreli,480,7720,10702.5,9211.5
2019-12-04,Green Gram (Moong)(Whole),9,Gujarat,24,Amreli,480,4901.666666666667,7481.666666666667,6109.333333333333
2019-12-03,Green Gram (Moong)(Whole),9,Gujarat,24,Amreli,480,4880,7797.5,6339
2019-12-02,Green Gram (Moong)(Whole),9,Gujarat,24,Amreli,480,4566.666666666667,7750,6032.666666666667
2019-11-30,Green Gram (Moong)(Whole),9,Gujarat,24,Amreli,480,4583.333333333333,8416.666666666666,6141.666666666667
2019-11-29,Green Gram (Moong)(Whole),9,Gujarat,24,Amreli,480,5940,9877.5,7909
2019-11-28,Green Gram (Moong)(Whole),9,Gujarat,24,Amreli,480,5150,8953.333333333334,7438.333333333333
2019-11-27,Green Gram (Moong)(Whole),9,Gujarat,24,Amreli,480,4137.5,9580,7666.5
2019-11-26,Green Gram (Moong)(Whole),9,Gujarat,24,Amreli,480,5291.666666666667,8760,7176
2019-11-25,Green Gram (Moong)(Whole),9,Gujarat,24,Amreli,480,6292.5,9312.5,7802.5
2019-11-23,Green Gram (Moong)(Whole),9,Gujarat,24,Amreli,480,5425,10233.333333333334,8151.666666666667
2019-11-22,Green Gram (Moong)(Whole),9,Gujarat,24,Amreli,480,4116.666666666667,8425,6562.666666666667
2019-11-21,Green Gram (Moong)(Whole),9,Gujarat,24,Amreli,480,8277.5,13125,10701.5
2019-11-20,Green Gram (Moong)(Whole),9,Gujarat,24,Amreli,480,7297.5,8362.5,7830
2019-11-19,Green Gram (Moong)(Whole),9,Gujarat,24,Amreli,480,5062.5,7877.5,6470
2019-11-18,Green Gram (Moong)(Whole),9,Gujarat,24,Amreli,480,3651.6666666666665,7535,5704.333333333333
2019-11-16,Green Gram (Moong)(Whole),9,Gujarat,24,Amreli,480,7185,10618.333333333334,8961.666666666666
2019-11-15,Green Gram (Moong)(Whole),9,Gujarat,24,Amreli,480,6586.666666666667,8395,7689.333333333333
2019-11-14,Green Gram (Moong)(Whole),9,Gujarat,24,Amreli,480,4650,5933.333333333333,5150
2019-11-13,Green Gram (Moong)(Whole),9,Gujarat,24,Amreli,480,5658.333333333333,8506.666666666666,7328.333333333333
2019-11-12,Green Gram (Moong)(Whole),9,Gujarat,24,Amreli,480,3780,5825,4275
2019-11-11,Green Gram (Moong)(Whole),9,Gujarat,24,Amreli,480,5016.666666666667,7261.666666666667,6159.333333333333
2019-11-09,Green Gram (Moong)(Whole),9,Gujarat,24,Amreli,480,5920,6553.333333333333,6386.666666666667
2019-11-07,Green Gram (Moong)(Whole),9,Gujarat,24,Amreli,480,3750,6995,5250
2019-11-06,Green Gram (Moong)(Whole),9,Gujarat,24,Amreli,480,4592.5,5502.5,5066.5
2019-11-05,Green Gram (Moong)(Whole),9,Gujarat,24,Amreli,480,6770,6770,6770
2019-11-04,Green Gram (Moong)(Whole),9,Gujarat,24,Amreli,480,3210,6000,5050
2019-11-02,Green Gram (Moong)(Whole),9,Gujarat,24,Amreli,480,2765,7005,6625
2019-11-01,Green Gram (Moong)(Whole),9,Gujarat,24,Amreli,480,5205,7023.333333333333,5986.666666666667
2019-10-24,Green Gram (Moong)(Whole),9,Gujarat,24,Amreli,480,3000,3265,3133
2019-10-23,Green Gram (Moong)(Whole),9,Gujarat,24,Amreli,480,4600,5250,4925
2019-10-22,Green Gram (Moong)(Whole),9,Gujarat,24,Amreli,480,3275,6875,5055
2019-10-21,Green Gram (Moong)(Whole),9,Gujarat,24,Amreli,480,3750,5505,4728
2019-10-19,Green Gram (Moong)(Whole),9,Gujarat,24,Amreli,480,3075,7400,5505
2019-10-18,Green Gram (Moong)(Whole),9,Gujarat,24,Amreli,480,4333.333333333333,5928.333333333333,5245
2019-10-17,Green Gram (Moong)(Whole),9,Gujarat,24,Amreli,480,4225,6325,5495
2019-10-16,Green Gram (Moong)(Whole),9,Gujarat,24,Amreli,480,4968.333333333333,6576.666666666667,5659.333333333333
2019-10-15,Green Gram (Moong)(Whole),9,Gujarat,24,Amreli,480,3175,7260,4955
2019-10-14,Green Gram (Moong)(Whole),9,Gujarat,24,Amreli,480,3937.5,6290,5127.5
2019-10-12,Green Gram (Moong)(Whole),9,Gujarat,24,Amreli,480,3912.5,6085,5002.5
2019-10-11,Green Gram (Moong)(Whole),9,Gujarat,24,Amreli,480,4375,7025,5900
2019-10-10,Green Gram (Moong)(Whole),9,Gujarat,24,Amreli,480,3000,7200,5375
2019-10-09,Green Gram (Moong)(Whole),9,Gujarat,24,Amreli,480,3591.6666666666665,6180,5114.333333333333
2019-10-07,Green Gram (Moong)(Whole),9,Gujarat,24,Amreli,480,3410,5551.666666666667,4584.333333333333
2019-10-05,Green Gram (Moong)(Whole),9,Gujarat,24,Amreli,480,3416.6666666666665,5708.333333333333,4841.666666666667
2019-10-04,Green Gram (Moong)(Whole),9,Gujarat,24,Amreli,480,4287.5,6317.5,5894
2019-10-03,Green Gram (Moong)(Whole),9,Gujarat,24,Amreli,480,3665,6302.5,5000
2019-10-02,Green Gram (Moong)(Whole),9,Gujarat,24,Amreli,480,5255,5505,5380
2019-10-01,Green Gram (Moong)(Whole),9,Gujarat,24,Amreli,480,3822.5,6812.5,5031.5
2019-09-30,Green Gram (Moong)(Whole),9,Gujarat,24,Amreli,480,3918.75,6687.5,5410
2019-09-28,Green Gram (Moong)(Whole),9,Gujarat,24,Amreli,480,4692.5,6130,5695
2019-09-27,Green Gram (Moong)(Whole),9,Gujarat,24,Amreli,480,4550,5730,5112.5
2019-09-26,Green Gram (Moong)(Whole),9,Gujarat,24,Amreli,480,4616.666666666667,5985,4783.333333333333
2019-09-25,Green Gram (Moong)(Whole),9,Gujarat,24,Amreli,480,3975,5496.666666666667,4380
2019-09-24,Green Gram (Moong)(Whole),9,Gujarat,24,Amreli,480,3250,8680,5500
2019-09-23,Green Gram (Moong)(Whole),9,Gujarat,24,Amreli,480,3358.3333333333335,5853.333333333333,5008.333333333333
2019-09-21,Green Gram (Moong)(Whole),9,Gujarat,24,Amreli,480,4640,5865,5253
2019-09-20,Green Gram (Moong)(Whole),9,Gujarat,24,Amreli,480,4750,6115,5290
2019-09-19,Green Gram (Moong)(Whole),9,Gujarat,24,Amreli,480,4562.5,5812.5,5680
2019-09-18,Green Gram (Moong)(Whole),9,Gujarat,24,Amreli,480,4650,7000,6000
2019-09-17,Green Gram (Moong)(Whole),9,Gujarat,24,Amreli,480,4580,5272.5,5140
2019-09-16,Green Gram (Moong)(Whole),9,Gujarat,24,Amreli,480,4787.5,5662.5,5625
2019-09-09,Green Gram (Moong)(Whole),9,Gujarat,24,Amreli,480,5437.5,6002.5,5789
2019-09-07,Green Gram (Moong)(Whole),9,Gujarat,24,Amreli,480,5500,7250,7250
2019-09-04,Green Gram (Moong)(Whole),9,Gujarat,24,Amreli,480,5250,6125,5688
2019-08-31,Green Gram (Moong)(Whole),9,Gujarat,24,Amreli,480,5800,5800,5800
2019-08-30,Green Gram (Moong)(Whole),9,Gujarat,24,Amreli,480,6305,6305,6305
2019-08-29,Green Gram (Moong)(Whole),9,Gujarat,24,Amreli,480,5217.5,5652.5,5435
2019-08-28,Green Gram (Moong)(Whole),9,Gujarat,24,Amreli,480,4750,6250,6035
2019-08-27,Green Gram (Moong)(Whole),9,Gujarat,24,Amreli,480,5000,5900,5450
2019-08-21,Green Gram (Moong)(Whole),9,Gujarat,24,Amreli,480,5325,5905,5905
2019-08-20,Green Gram (Moong)(Whole),9,Gujarat,24,Amreli,480,5500,6875,6000
2019-08-19,Green Gram (Moong)(Whole),9,Gujarat,24,Amreli,480,6095,6275,6269
2019-08-17,Green Gram (Moong)(Whole),9,Gujarat,24,Amreli,480,5375,6000,5805
2019-08-16,Green Gram (Moong)(Whole),9,Gujarat,24,Amreli,480,5992.5,6140,6140
2019-08-09,Green Gram (Moong)(Whole),9,Gujarat,24,Amreli,480,5250,6075,5663
2019-08-08,Green Gram (Moong)(Whole),9,Gujarat,24,Amreli,480,5415,5415,5415
2019-08-06,Green Gram (Moong)(Whole),9,Gujarat,24,Amreli,480,5562.5,6125,5752.5
2019-08-05,Green Gram (Moong)(Whole),9,Gujarat,24,Amreli,480,4625,5825,5162.5
2019-08-03,Green Gram (Moong)(Whole),9,Gujarat,24,Amreli,480,6275,6275,6275
2019-08-02,Green Gram (Moong)(Whole),9,Gujarat,24,Amreli,480,5627.5,5775,5701.5
2019-07-27,Green Gram (Moong)(Whole),9,Gujarat,24,Amreli,480,5495,6130,5750
2019-07-26,Green Gram (Moong)(Whole),9,Gujarat,24,Amreli,480,5325,5980,5780
2019-07-25,Green Gram (Moong)(Whole),9,Gujarat,24,Amreli,480,4530,5955,5785
2019-07-24,Green Gram (Moong)(Whole),9,Gujarat,24,Amreli,480,5730,6167.5,5949
2019-07-23,Green Gram (Moong)(Whole),9,Gujarat,24,Amreli,480,4372.5,5840,5074
2019-07-22,Green Gram (Moong)(Whole),9,Gujarat,24,Amreli,480,6110,6110,6110
2019-07-20,Green Gram (Moong)(Whole),9,Gujarat,24,Amreli,480,4396.666666666667,5211.666666666667,4821.666666666667
2019-07-19,Green Gram (Moong)(Whole),9,Gujarat,24,Amreli,480,4770,4875,4875
2019-07-18,Green Gram (Moong)(Whole),9,Gujarat,24,Amreli,480,6100,6100,6100
2019-07-17,Green Gram (Moong)(Whole),9,Gujarat,24,Amreli,480,4875,5502.5,5189
2019-07-16,Green Gram (Moong)(Whole),9,Gujarat,24,Amreli,480,5762.5,6115,5867.5
2019-07-15,Green Gram (Moong)(Whole),9,Gujarat,24,Amreli,480,4750,6000,5375
2019-07-13,Green Gram (Moong)(Whole),9,Gujarat,24,Amreli,480,5127.5,5602.5,5602.5
2019-07-12,Green Gram (Moong)(Whole),9,Gujarat,24,Amreli,480,5250,5900,5575
2019-07-11,Green Gram (Moong)(Whole),9,Gujarat,24,Amreli,480,4050,4875,4875
2019-07-10,Green Gram (Moong)(Whole),9,Gujarat,24,Amreli,480,5018.333333333333,5878.333333333333,5447.666666666667
2019-07-09,Green Gram (Moong)(Whole),9,Gujarat,24,Amreli,480,3500,5355,5355
2019-07-08,Green Gram (Moong)(Whole),9,Gujarat,24,Amreli,480,4925,5627.5,5456.5
2019-07-06,Green Gram (Moong)(Whole),9,Gujarat,24,Amreli,480,5370,5782.5,5576.5
2019-07-05,Green Gram (Moong)(Whole),9,Gujarat,24,Amreli,480,4843.333333333333,5955,5543.333333333333
2019-07-04,Green Gram (Moong)(Whole),9,Gujarat,24,Amreli,480,5075,5657.5,5657.5
2019-07-03,Green Gram (Moong)(Whole),9,Gujarat,24,Amreli,480,4800,6002.5,5187.5
2019-07-02,Green Gram (Moong)(Whole),9,Gujarat,24,Amreli,480,4837.5,5662.5,5140
2019-07-01,Green Gram (Moong)(Whole),9,Gujarat,24,Amreli,480,4625,5542.5,5262.5
2019-06-29,Green Gram (Moong)(Whole),9,Gujarat,24,Amreli,480,4351.666666666667,5360,4935
2019-06-28,Green Gram (Moong)(Whole),9,Gujarat,24,Amreli,480,3750,5930,5127.5
2019-06-27,Green Gram (Moong)(Whole),9,Gujarat,24,Amreli,480,5016.666666666667,5846.666666666667,5476.666666666667
2019-06-26,Green Gram (Moong)(Whole),9,Gujarat,24,Amreli,480,5550,6265,5907.5
2019-06-25,Green Gram (Moong)(Whole),9,Gujarat,24,Amreli,480,4466.666666666667,5373.333333333333,5232.666666666667
2019-06-24,Green Gram (Moong)(Whole),9,Gujarat,24,Amreli,480,6373.333333333333,6961.666666666667,6670
2019-06-22,Green Gram (Moong)(Whole),9,Gujarat,24,Amreli,480,4862.5,5462.5,5177.5
2019-06-21,Green Gram (Moong)(Whole),9,Gujarat,24,Amreli,480,5085,5470,5345
2019-06-20,Green Gram (Moong)(Whole),9,Gujarat,24,Amreli,480,5000,5780,5437.5
2019-06-19,Green Gram (Moong)(Whole),9,Gujarat,24,Amreli,480,4375,5927.5,5312.5
2019-06-18,Green Gram (Moong)(Whole),9,Gujarat,24,Amreli,480,5255,5990,5575
2019-06-17,Green Gram (Moong)(Whole),9,Gujarat,24,Amreli,480,5218.333333333333,5895,5579.333333333333
2019-06-15,Green Gram (Moong)(Whole),9,Gujarat,24,Amreli,480,4750,5750,5250
2019-06-12,Green Gram (Moong)(Whole),9,Gujarat,24,Amreli,480,5368.333333333333,6116.666666666667,5725
2019-06-11,Green Gram (Moong)(Whole),9,Gujarat,24,Amreli,480,5551.666666666667,5935,5793.333333333333
2019-06-10,Green Gram (Moong)(Whole),9,Gujarat,24,Amreli,480,5400,6366.666666666667,5883.333333333333
2019-06-08,Green Gram (Moong)(Whole),9,Gujarat,24,Amreli,480,5450,6420,5926.5
2019-06-07,Green Gram (Moong)(Whole),9,Gujarat,24,Amreli,480,4045,6580,6064
2019-06-06,Green Gram (Moong)(Whole),9,Gujarat,24,Amreli,480,5483.333333333333,6490,6022.666666666667
2019-06-04,Green Gram (Moong)(Whole),9,Gujarat,24,Amreli,480,6240,6585,6412.666666666667
2019-06-03,Green Gram (Moong)(Whole),9,Gujarat,24,Amreli,480,6401.666666666667,6841.666666666667,6634.333333333333
2019-06-01,Green Gram (Moong)(Whole),9,Gujarat,24,Amreli,480,6285,6748.333333333333,6510
2019-05-31,Green Gram (Moong)(Whole),9,Gujarat,24,Amreli,480,5790,6655,6120
2019-05-30,Green Gram (Moong)(Whole),9,Gujarat,24,Amreli,480,6375,6960,6760
2019-05-29,Green Gram (Moong)(Whole),9,Gujarat,24,Amreli,480,5566.666666666667,6590,6175
2019-05-28,Green Gram (Moong)(Whole),9,Gujarat,24,Amreli,480,5537.5,7375,6412.5
2019-05-27,Green Gram (Moong)(Whole),9,Gujarat,24,Amreli,480,6168.333333333333,6810,6519.333333333333
2019-05-25,Green Gram (Moong)(Whole),9,Gujarat,24,Amreli,480,6305,7121.666666666667,6646
2019-05-23,Green Gram (Moong)(Whole),9,Gujarat,24,Amreli,480,6340,6340,6340
2019-05-22,Green Gram (Moong)(Whole),9,Gujarat,24,Amreli,480,5640,6187.5,6122.5
2019-05-21,Green Gram (Moong)(Whole),9,Gujarat,24,Amreli,480,6423.333333333333,6715,6569.333333333333
2019-05-20,Green Gram (Moong)(Whole),9,Gujarat,24,Amreli,480,4627.5,6900,6450
2019-05-17,Green Gram (Moong)(Whole),9,Gujarat,24,Amreli,480,6416.666666666667,6726.666666666667,6609.333333333333
2019-05-16,Green Gram (Moong)(Whole),9,Gujarat,24,Amreli,480,6337.5,6710,6524
2019-05-14,Green Gram (Moong)(Whole),9,Gujarat,24,Amreli,480,6245,6596.666666666667,6434.333333333333
2019-05-10,Green Gram (Moong)(Whole),9,Gujarat,24,Amreli,480,6250,6602.5,6426.5
2019-05-09,Green Gram (Moong)(Whole),9,Gujarat,24,Amreli,480,6400,6615,6508
2019-05-08,Green Gram (Moong)(Whole),9,Gujarat,24,Amreli,480,6000,7360,6680
2019-05-07,Green Gram (Moong)(Whole),9,Gujarat,24,Amreli,480,6250,7255,6753
2019-05-01,Green Gram (Moong)(Whole),9,Gujarat,24,Amreli,480,5250,6250,5750
2019-04-25,Green Gram (Moong)(Whole),9,Gujarat,24,Amreli,480,10655,10655,10655
2019-04-16,Green Gram (Moong)(Whole),9,Gujarat,24,Amreli,480,7067.5,7640,7640
2019-04-12,Green Gram (Moong)(Whole),9,Gujarat,24,Amreli,480,5000,5000,5000
2019-04-10,Green Gram (Moong)(Whole),9,Gujarat,24,Amreli,480,3500,5925,5925
2019-03-26,Green Gram (Moong)(Whole),9,Gujarat,24,Amreli,480,1500,1500,1500
2019-03-23,Green Gram (Moong)(Whole),9,Gujarat,24,Amreli,480,3650,3855,3752
2019-03-22,Green Gram (Moong)(Whole),9,Gujarat,24,Amreli,480,4602.5,4795,4698.5
2019-03-20,Green Gram (Moong)(Whole),9,Gujarat,24,Amreli,480,3305,3625,3465
2019-03-18,Green Gram (Moong)(Whole),9,Gujarat,24,Amreli,480,5010,5410,5210
2019-03-12,Green Gram (Moong)(Whole),9,Gujarat,24,Amreli,480,6755,6755,6755
2019-03-11,Green Gram (Moong)(Whole),9,Gujarat,24,Amreli,480,3225,3760,3492
2019-03-07,Green Gram (Moong)(Whole),9,Gujarat,24,Amreli,480,4108.333333333333,4301.666666666667,4205
2019-03-01,Green Gram (Moong)(Whole),9,Gujarat,24,Amreli,480,6900,7250,7075
2019-02-28,Green Gram (Moong)(Whole),9,Gujarat,24,Amreli,480,3675,3790,3725
2019-02-27,Green Gram (Moong)(Whole),9,Gujarat,24,Amreli,480,5050,6002.5,5800
2019-02-26,Green Gram (Moong)(Whole),9,Gujarat,24,Amreli,480,3125,3840,3482
2019-02-25,Green Gram (Moong)(Whole),9,Gujarat,24,Amreli,480,2702.5,3652.5,3627.5
2019-02-22,Green Gram (Moong)(Whole),9,Gujarat,24,Amreli,480,3795,3955,3875
2019-02-21,Green Gram (Moong)(Whole),9,Gujarat,24,Amreli,480,3750,3950,3850
2019-02-19,Green Gram (Moong)(Whole),9,Gujarat,24,Amreli,480,5750,8750,7250
2019-02-16,Green Gram (Moong)(Whole),9,Gujarat,24,Amreli,480,3000,4030,3515
2019-02-14,Green Gram (Moong)(Whole),9,Gujarat,24,Amreli,480,7275,7275,7275
2019-02-13,Green Gram (Moong)(Whole),9,Gujarat,24,Amreli,480,3500,3950,3725
2019-02-12,Green Gram (Moong)(Whole),9,Gujarat,24,Amreli,480,3750,4000,3875
2019-02-07,Green Gram (Moong)(Whole),9,Gujarat,24,Amreli,480,6750,8375,7562.5
2019-02-06,Green Gram (Moong)(Whole),9,Gujarat,24,Amreli,480,6750,6750,6750
2019-02-05,Green Gram (Moong)(Whole),9,Gujarat,24,Amreli,480,4775,5250,5013
2019-01-28,Green Gram (Moong)(Whole),9,Gujarat,24,Amreli,480,6700,7195,6948
2019-01-23,Green Gram (Moong)(Whole),9,Gujarat,24,Amreli,480,7000,7000,7000
2019-01-22,Green Gram (Moong)(Whole),9,Gujarat,24,Amreli,480,4880,5395,5137.5
2019-01-21,Green Gram (Moong)(Whole),9,Gujarat,24,Amreli,480,2985,3850,3417
2019-01-19,Green Gram (Moong)(Whole),9,Gujarat,24,Amreli,480,5660,5810,5735
2019-01-18,Green Gram (Moong)(Whole),9,Gujarat,24,Amreli,480,3500,3890,3695
2019-01-17,Green Gram (Moong)(Whole),9,Gujarat,24,Amreli,480,5500,5957.5,5728.5
2019-01-16,Green Gram (Moong)(Whole),9,Gujarat,24,Amreli,480,3875,7470,5672.5
2019-01-12,Green Gram (Moong)(Whole),9,Gujarat,24,Amreli,480,6902.5,6902.5,6902.5
2019-01-11,Green Gram (Moong)(Whole),9,Gujarat,24,Amreli,480,4500,6176.666666666667,5475
2019-01-10,Green Gram (Moong)(Whole),9,Gujarat,24,Amreli,480,6125,11750,8938
2019-01-09,Green Gram (Moong)(Whole),9,Gujarat,24,Amreli,480,6375,8000,7562.5
2019-01-08,Green Gram (Moong)(Whole),9,Gujarat,24,Amreli,480,7000,8255,7628
2019-01-07,Green Gram (Moong)(Whole),9,Gujarat,24,Amreli,480,12150,12150,12150
2019-01-05,Green Gram (Moong)(Whole),9,Gujarat,24,Amreli,480,5905,5905,5905
2019-01-04,Green Gram (Moong)(Whole),9,Gujarat,24,Amreli,480,8780,9280,9030
2019-01-03,Green Gram (Moong)(Whole),9,Gujarat,24,Amreli,480,4355,6990,5812.666666666667
2019-01-02,Green Gram (Moong)(Whole),9,Gujarat,24,Amreli,480,3725,4225,3975
2019-01-01,Green Gram (Moong)(Whole),9,Gujarat,24,Amreli,480,4812.5,6377.5,5839
2018-12-31,Green Gram (Moong)(Whole),9,Gujarat,24,Amreli,480,7252.5,8027.5,7752.5
2018-12-29,Green Gram (Moong)(Whole),9,Gujarat,24,Amreli,480,5110,5110,5110
2018-12-28,Green Gram (Moong)(Whole),9,Gujarat,24,Amreli,480,4815,5317.5,5317.5
2018-12-27,Green Gram (Moong)(Whole),9,Gujarat,24,Amreli,480,8585,8585,8585
2018-12-26,Green Gram (Moong)(Whole),9,Gujarat,24,Amreli,480,5750,10880,8315
2018-12-25,Green Gram (Moong)(Whole),9,Gujarat,24,Amreli,480,3400,5560,5350
2018-12-24,Green Gram (Moong)(Whole),9,Gujarat,24,Amreli,480,5135,5875,5501.5
2018-12-22,Green Gram (Moong)(Whole),9,Gujarat,24,Amreli,480,6265,7520,6847.5
2018-12-21,Green Gram (Moong)(Whole),9,Gujarat,24,Amreli,480,3627.5,5520,4573.5
2018-12-20,Green Gram (Moong)(Whole),9,Gujarat,24,Amreli,480,5555,7500,6528
2018-12-19,Green Gram (Moong)(Whole),9,Gujarat,24,Amreli,480,5650,8265,6958
2018-12-18,Green Gram (Moong)(Whole),9,Gujarat,24,Amreli,480,8300,8300,8300
2018-12-17,Green Gram (Moong)(Whole),9,Gujarat,24,Amreli,480,5555,7325,6440
2018-12-14,Green Gram (Moong)(Whole),9,Gujarat,24,Amreli,480,3795,5077.5,4693.5
2018-12-13,Green Gram (Moong)(Whole),9,Gujarat,24,Amreli,480,5425,7692.5,6558.5
2018-12-12,Green Gram (Moong)(Whole),9,Gujarat,24,Amreli,480,8217.5,11377.5,9797.5
2018-12-08,Green Gram (Moong)(Whole),9,Gujarat,24,Amreli,480,4255,6400,5925
2018-12-07,Green Gram (Moong)(Whole),9,Gujarat,24,Amreli,480,5005,10500,7753
2018-12-06,Green Gram (Moong)(Whole),9,Gujarat,24,Amreli,480,4976.666666666667,8283.333333333334,6927.666666666667
2018-12-05,Green Gram (Moong)(Whole),9,Gujarat,24,Amreli,480,5333.333333333333,8533.333333333334,7185
2018-12-04,Green Gram (Moong)(Whole),9,Gujarat,24,Amreli,480,5300,9375,7666.666666666667
2018-12-03,Green Gram (Moong)(Whole),9,Gujarat,24,Amreli,480,4747.5,8762.5,6500
2018-12-01,Green Gram (Moong)(Whole),9,Gujarat,24,Amreli,480,5800,8565,7308.333333333333
2018-11-30,Green Gram (Moong)(Whole),9,Gujarat,24,Amreli,480,4307.5,8112.5,6170
2018-11-29,Green Gram (Moong)(Whole),9,Gujarat,24,Amreli,480,7100,9037.5,8295
2018-11-28,Green Gram (Moong)(Whole),9,Gujarat,24,Amreli,480,7275,9458.333333333334,8358.333333333334
2018-11-27,Green Gram (Moong)(Whole),9,Gujarat,24,Amreli,480,6640,11225,8932.5
2018-11-26,Green Gram (Moong)(Whole),9,Gujarat,24,Amreli,480,6625,10443.333333333334,8266.666666666666
2018-11-24,Green Gram (Moong)(Whole),9,Gujarat,24,Amreli,480,5000,9032.5,6951.5
2018-11-23,Green Gram (Moong)(Whole),9,Gujarat,24,Amreli,480,8500,12750,10625
2018-11-22,Green Gram (Moong)(Whole),9,Gujarat,24,Amreli,480,4601.666666666667,8991.666666666666,7041.666666666667
2018-11-20,Green Gram (Moong)(Whole),9,Gujarat,24,Amreli,480,8500,9500,9000
2018-11-19,Green Gram (Moong)(Whole),9,Gujarat,24,Amreli,480,4020,4695,4513.5
2018-11-17,Green Gram (Moong)(Whole),9,Gujarat,24,Amreli,480,6800,8977.5,8324
2018-11-15,Green Gram (Moong)(Whole),9,Gujarat,24,Amreli,480,5435,6838.333333333333,6254.333333333333
2018-11-14,Green Gram (Moong)(Whole),9,Gujarat,24,Amreli,480,7000,7000,7000
2018-11-13,Green Gram (Moong)(Whole),9,Gujarat,24,Amreli,480,11110,11110,11110
2018-11-12,Green Gram (Moong)(Whole),9,Gujarat,24,Amreli,480,5598.333333333333,8396.666666666666,7057.666666666667
2018-11-03,Green Gram (Moong)(Whole),9,Gujarat,24,Amreli,480,4250,6940,5432.5
2018-11-02,Green Gram (Moong)(Whole),9,Gujarat,24,Amreli,480,4727.5,7602.5,6165
2018-10-30,Green Gram (Moong)(Whole),9,Gujarat,24,Amreli,480,3752.5,6630,5139
2018-10-29,Green Gram (Moong)(Whole),9,Gujarat,24,Amreli,480,4715,6125,5225
2018-10-27,Green Gram (Moong)(Whole),9,Gujarat,24,Amreli,480,3913.3333333333335,6795,5211.666666666667
2018-10-26,Green Gram (Moong)(Whole),9,Gujarat,24,Amreli,480,4755,6662.5,5650
2018-10-25,Green Gram (Moong)(Whole),9,Gujarat,24,Amreli,480,4750,6657.5,5711.5
2018-10-24,Green Gram (Moong)(Whole),9,Gujarat,24,Amreli,480,4335,6438.333333333333,5584.333333333333
2018-10-22,Green Gram (Moong)(Whole),9,Gujarat,24,Amreli,480,4125,5987.5,5337.5
2018-10-20,Green Gram (Moong)(Whole),9,Gujarat,24,Amreli,480,4376.666666666667,6421.666666666667,5492.666666666667
2018-10-19,Green Gram (Moong)(Whole),9,Gujarat,24,Amreli,480,4350,6010,5008.333333333333
2018-10-17,Green Gram (Moong)(Whole),9,Gujarat,24,Amreli,480,4520,6593.333333333333,5611
2018-10-16,Green Gram (Moong)(Whole),9,Gujarat,24,Amreli,480,4002.5,6575,5076.5
2018-10-15,Green Gram (Moong)(Whole),9,Gujarat,24,Amreli,480,4416.666666666667,6120,5196.666666666667
2018-10-13,Green Gram (Moong)(Whole),9,Gujarat,24,Amreli,480,5170,5170,5170
2018-10-12,Green Gram (Moong)(Whole),9,Gujarat,24,Amreli,480,4750,5525,5137.5
2018-10-11,Green Gram (Moong)(Whole),9,Gujarat,24,Amreli,480,5770,5770,5770
2018-10-10,Green Gram (Moong)(Whole),9,Gujarat,24,Amreli,480,4193.333333333333,5753.333333333333,5190
2018-10-09,Green Gram (Moong)(Whole),9,Gujarat,24,Amreli,480,4355,6737.5,5307.5
2018-10-08,Green Gram (Moong)(Whole),9,Gujarat,24,Amreli,480,3961.6666666666665,5583.333333333333,5125
2018-10-06,Green Gram (Moong)(Whole),9,Gujarat,24,Amreli,480,4618.333333333333,7035,5688.333333333333
2018-10-05,Green Gram (Moong)(Whole),9,Gujarat,24,Amreli,480,16770,16770,16770
2018-10-04,Green Gram (Moong)(Whole),9,Gujarat,24,Amreli,480,4210,6011.666666666667,5292.666666666667
2018-10-03,Green Gram (Moong)(Whole),9,Gujarat,24,Amreli,480,4137.5,6477.5,5437.5
2018-10-01,Green Gram (Moong)(Whole),9,Gujarat,24,Amreli,480,4583.333333333333,6416.666666666667,5680
2018-09-29,Green Gram (Moong)(Whole),9,Gujarat,24,Amreli,480,3750,6405,5960
2018-09-28,Green Gram (Moong)(Whole),9,Gujarat,24,Amreli,480,3300,5450,5115
2018-09-27,Green Gram (Moong)(Whole),9,Gujarat,24,Amreli,480,4415,5480,5111
2018-09-26,Green Gram (Moong)(Whole),9,Gujarat,24,Amreli,480,4538.333333333333,5595,5239.333333333333
2018-09-25,Green Gram (Moong)(Whole),9,Gujarat,24,Amreli,480,4312.5,6187.5,6009
2018-09-24,Green Gram (Moong)(Whole),9,Gujarat,24,Amreli,480,4400,6030,5576.666666666667
2018-09-22,Green Gram (Moong)(Whole),9,Gujarat,24,Amreli,480,5310,6063.333333333333,5593.333333333333
2018-09-20,Green Gram (Moong)(Whole),9,Gujarat,24,Amreli,480,4285,5425,5340
2018-09-19,Green Gram (Moong)(Whole),9,Gujarat,24,Amreli,480,3500,5112.5,4395
2018-09-18,Green Gram (Moong)(Whole),9,Gujarat,24,Amreli,480,3625,5450,4460
2018-09-17,Green Gram (Moong)(Whole),9,Gujarat,24,Amreli,480,7005,7005,7005
2018-09-15,Green Gram (Moong)(Whole),9,Gujarat,24,Amreli,480,5350,5555,5453
2018-09-13,Green Gram (Moong)(Whole),9,Gujarat,24,Amreli,480,3750,5205,5205
2018-09-12,Green Gram (Moong)(Whole),9,Gujarat,24,Amreli,480,3565,5782.5,4656.5
2018-09-11,Green Gram (Moong)(Whole),9,Gujarat,24,Amreli,480,5130,5486.666666666667,5360
2018-09-08,Green Gram (Moong)(Whole),9,Gujarat,24,Amreli,480,4772.5,5190,4981.5
2018-09-07,Green Gram (Moong)(Whole),9,Gujarat,24,Amreli,480,4375,4375,4375
2018-09-05,Green Gram (Moong)(Whole),9,Gujarat,24,Amreli,480,4255,4255,4255
2018-08-28,Green Gram (Moong)(Whole),9,Gujarat,24,Amreli,480,5287.5,5437.5,5437.5
2018-08-27,Green Gram (Moong)(Whole),9,Gujarat,24,Amreli,480,5000,5615,5308
2018-08-25,Green Gram (Moong)(Whole),9,Gujarat,24,Amreli,480,4500,5250,4875
2018-08-24,Green Gram (Moong)(Whole),9,Gujarat,24,Amreli,480,5910,6125,6018
2018-08-21,Green Gram (Moong)(Whole),9,Gujarat,24,Amreli,480,8125,8125,8125
2018-08-20,Green Gram (Moong)(Whole),9,Gujarat,24,Amreli,480,4195,4750,4550
2018-08-16,Green Gram (Moong)(Whole),9,Gujarat,24,Amreli,480,4895,5315,5105
2018-08-14,Green Gram (Moong)(Whole),9,Gujarat,24,Amreli,480,4455,5305,4625
2018-08-13,Green Gram (Moong)(Whole),9,Gujarat,24,Amreli,480,4755,5717.5,5717.5
2018-08-11,Green Gram (Moong)(Whole),9,Gujarat,24,Amreli,480,4140,6005,4625
2018-08-08,Green Gram (Moong)(Whole),9,Gujarat,24,Amreli,480,5000,5130,5130
2018-08-07,Green Gram (Moong)(Whole),9,Gujarat,24,Amreli,480,5350,5605,5605
2018-08-04,Green Gram (Moong)(Whole),9,Gujarat,24,Amreli,480,5765,6015,5890
2018-08-03,Green Gram (Moong)(Whole),9,Gujarat,24,Amreli,480,4760,6175,5255
2018-08-02,Green Gram (Moong)(Whole),9,Gujarat,24,Amreli,480,5005,5750,5500
2018-08-01,Green Gram (Moong)(Whole),9,Gujarat,24,Amreli,480,4500,5025,4762.5
2018-07-30,Green Gram (Moong)(Whole),9,Gujarat,24,Amreli,480,4250,6000,5125
2018-07-27,Green Gram (Moong)(Whole),9,Gujarat,24,Amreli,480,3750,3750,3750
2018-07-26,Green Gram (Moong)(Whole),9,Gujarat,24,Amreli,480,5005,5005,5005
2018-07-25,Green Gram (Moong)(Whole),9,Gujarat,24,Amreli,480,5005,5855,5430
2018-07-24,Green Gram (Moong)(Whole),9,Gujarat,24,Amreli,480,4855,6050,5453
2018-07-21,Green Gram (Moong)(Whole),9,Gujarat,24,Amreli,480,5000,6165,5583
2018-07-20,Green Gram (Moong)(Whole),9,Gujarat,24,Amreli,480,3255,3255,3255
2018-07-19,Green Gram (Moong)(Whole),9,Gujarat,24,Amreli,480,5175,5220,5220
2018-07-18,Green Gram (Moong)(Whole),9,Gujarat,24,Amreli,480,4255,5500,5000
2018-07-13,Green Gram (Moong)(Whole),9,Gujarat,24,Amreli,480,3775,3775,3775
2018-07-12,Green Gram (Moong)(Whole),9,Gujarat,24,Amreli,480,4000,5255,5255
2018-07-11,Green Gram (Moong)(Whole),9,Gujarat,24,Amreli,480,4127.5,5462.5,5012.5
2018-07-09,Green Gram (Moong)(Whole),9,Gujarat,24,Amreli,480,3636.6666666666665,5943.333333333333,4851
2018-07-07,Green Gram (Moong)(Whole),9,Gujarat,24,Amreli,480,3400,3650,3525
2018-07-06,Green Gram (Moong)(Whole),9,Gujarat,24,Amreli,480,4965,4965,4965
2018-07-05,Green Gram (Moong)(Whole),9,Gujarat,24,Amreli,480,4440,5465,4952.5
2018-07-03,Green Gram (Moong)(Whole),9,Gujarat,24,Amreli,480,3712.5,4225,4187.5
2018-07-02,Green Gram (Moong)(Whole),9,Gujarat,24,Amreli,480,4860,5085,5085
2018-06-30,Green Gram (Moong)(Whole),9,Gujarat,24,Amreli,480,4335,5852.5,5227.5
2018-06-29,Green Gram (Moong)(Whole),9,Gujarat,24,Amreli,480,4190,5352.5,4645
2018-06-28,Green Gram (Moong)(Whole),9,Gujarat,24,Amreli,480,3930,4440,4390
2018-06-27,Green Gram (Moong)(Whole),9,Gujarat,24,Amreli,480,4250,4750,4500
2018-06-26,Green Gram (Moong)(Whole),9,Gujarat,24,Amreli,480,4250,5250,4750
2018-06-25,Green Gram (Moong)(Whole),9,Gujarat,24,Amreli,480,4425,4960,4856
2018-06-22,Green Gram (Moong)(Whole),9,Gujarat,24,Amreli,480,3673.3333333333335,4668.333333333333,4251.666666666667
2018-06-21,Green Gram (Moong)(Whole),9,Gujarat,24,Amreli,480,3460,5701.666666666667,4890
2018-06-20,Green Gram (Moong)(Whole),9,Gujarat,24,Amreli,480,4300,4825,4633.333333333333
2018-06-19,Green Gram (Moong)(Whole),9,Gujarat,24,Amreli,480,4215,5325,5022.5
2018-06-18,Green Gram (Moong)(Whole),9,Gujarat,24,Amreli,480,4143.333333333333,5061.666666666667,4558.333333333333
2018-06-15,Green Gram (Moong)(Whole),9,Gujarat,24,Amreli,480,3760,5285,4642
2018-06-14,Green Gram (Moong)(Whole),9,Gujarat,24,Amreli,480,4543.333333333333,5225,4872.666666666667
2018-06-13,Green Gram (Moong)(Whole),9,Gujarat,24,Amreli,480,5140,5557.5,5349
2018-06-12,Green Gram (Moong)(Whole),9,Gujarat,24,Amreli,480,4285,5013.333333333333,4642.666666666667
2018-06-11,Green Gram (Moong)(Whole),9,Gujarat,24,Amreli,480,4308.333333333333,5268.333333333333,4986
2018-06-09,Green Gram (Moong)(Whole),9,Gujarat,24,Amreli,480,3312.5,4950,4131.5
2018-06-08,Green Gram (Moong)(Whole),9,Gujarat,24,Amreli,480,4125,4790,4540
2018-06-07,Green Gram (Moong)(Whole),9,Gujarat,24,Amreli,480,3283.3333333333335,5023.333333333333,4279.333333333333
2018-06-06,Green Gram (Moong)(Whole),9,Gujarat,24,Amreli,480,4750,5295,5017.666666666667
2018-06-05,Green Gram (Moong)(Whole),9,Gujarat,24,Amreli,480,4000,5252.5,4529
2018-06-04,Green Gram (Moong)(Whole),9,Gujarat,24,Amreli,480,3845,4723.333333333333,4586
2018-06-02,Green Gram (Moong)(Whole),9,Gujarat,24,Amreli,480,4318.333333333333,4636.666666666667,4483.333333333333
2018-06-01,Green Gram (Moong)(Whole),9,Gujarat,24,Amreli,480,4437.5,4935,4674
2018-05-31,Green Gram (Moong)(Whole),9,Gujarat,24,Amreli,480,4175,5358.333333333333,4831
2018-05-30,Green Gram (Moong)(Whole),9,Gujarat,24,Amreli,480,3708.3333333333335,4985,4591.666666666667
2018-05-29,Green Gram (Moong)(Whole),9,Gujarat,24,Amreli,480,3633.3333333333335,4955,4336
2018-05-28,Green Gram (Moong)(Whole),9,Gujarat,24,Amreli,480,3862.5,4765,4516.5
2018-05-26,Green Gram (Moong)(Whole),9,Gujarat,24,Amreli,480,3875,5065,4700
2018-05-25,Green Gram (Moong)(Whole),9,Gujarat,24,Amreli,480,4316.666666666667,5045,4603.333333333333
2018-05-24,Green Gram (Moong)(Whole),9,Gujarat,24,Amreli,480,3583.3333333333335,5151.666666666667,4410
2018-05-23,Green Gram (Moong)(Whole),9,Gujarat,24,Amreli,480,4972.5,5707.5,5482.5
2018-05-22,Green Gram (Moong)(Whole),9,Gujarat,24,Amreli,480,4516.666666666667,5110,4847.666666666667
2018-05-21,Green Gram (Moong)(Whole),9,Gujarat,24,Amreli,480,4348.333333333333,5120,4863.333333333333
2018-05-19,Green Gram (Moong)(Whole),9,Gujarat,24,Amreli,480,4887.5,5470,5205
2018-05-18,Green Gram (Moong)(Whole),9,Gujarat,24,Amreli,480,4728.333333333333,5416.666666666667,5170
2018-05-17,Green Gram (Moong)(Whole),9,Gujarat,24,Amreli,480,4500,5120,4897
2018-05-16,Green Gram (Moong)(Whole),9,Gujarat,24,Amreli,480,4217.5,5507.5,5040
2018-05-15,Green Gram (Moong)(Whole),9,Gujarat,24,Amreli,480,4650,5433.333333333333,5066
2018-05-14,Green Gram (Moong)(Whole),9,Gujarat,24,Amreli,480,4780,5752.5,5150
2018-05-12,Green Gram (Moong)(Whole),9,Gujarat,24,Amreli,480,5260,6130,6130
2018-05-11,Green Gram (Moong)(Whole),9,Gujarat,24,Amreli,480,4075,5565,5175
2018-05-10,Green Gram (Moong)(Whole),9,Gujarat,24,Amreli,480,4396.666666666667,5275,5011.666666666667
2018-05-09,Green Gram (Moong)(Whole),9,Gujarat,24,Amreli,480,4775,5572.5,5251.5
2018-05-08,Green Gram (Moong)(Whole),9,Gujarat,24,Amreli,480,4668.333333333333,5276.666666666667,5242.666666666667
2018-05-07,Green Gram (Moong)(Whole),9,Gujarat,24,Amreli,480,5425,5755,5617.5
2018-05-05,Green Gram (Moong)(Whole),9,Gujarat,24,Amreli,480,5527.5,5715,5621.5
2018-05-04,Green Gram (Moong)(Whole),9,Gujarat,24,Amreli,480,4850,5350,5100
2018-05-03,Green Gram (Moong)(Whole),9,Gujarat,24,Amreli,480,4750,5140,4945
2018-05-02,Green Gram (Moong)(Whole),9,Gujarat,24,Amreli,480,5250,5750,5500
2018-05-01,Green Gram (Moong)(Whole),9,Gujarat,24,Amreli,480,4800,4800,4800
2018-04-28,Green Gram (Moong)(Whole),9,Gujarat,24,Amreli,480,5485,5485,5485
2018-04-27,Green Gram (Moong)(Whole),9,Gujarat,24,Amreli,480,5007.5,5455,5455
2018-04-26,Green Gram (Moong)(Whole),9,Gujarat,24,Amreli,480,4150,5122.5,4652.5
2018-04-25,Green Gram (Moong)(Whole),9,Gujarat,24,Amreli,480,5155,5155,5155
2018-04-24,Green Gram (Moong)(Whole),9,Gujarat,24,Amreli,480,5000,6125,5563
2018-04-20,Green Gram (Moong)(Whole),9,Gujarat,24,Amreli,480,6125,6125,6125
2018-04-16,Green Gram (Moong)(Whole),9,Gujarat,24,Amreli,480,6625,6625,6625
2018-04-12,Green Gram (Moong)(Whole),9,Gujarat,24,Amreli,480,5000,5325,5181.5
2018-04-11,Green Gram (Moong)(Whole),9,Gujarat,24,Amreli,480,3630,4190,3692.5
2018-04-10,Green Gram (Moong)(Whole),9,Gujarat,24,Amreli,480,3330,5005,4065
2018-04-09,Green Gram (Moong)(Whole),9,Gujarat,24,Amreli,480,7000,7000,7000
2018-04-07,Green Gram (Moong)(Whole),9,Gujarat,24,Amreli,480,3550,3550,3550
2018-04-06,Green Gram (Moong)(Whole),9,Gujarat,24,Amreli,480,4655,5305,4750
2018-04-05,Green Gram (Moong)(Whole),9,Gujarat,24,Amreli,480,6650,6650,6650
2018-04-04,Green Gram (Moong)(Whole),9,Gujarat,24,Amreli,480,2500,2500,2500
2018-04-03,Green Gram (Moong)(Whole),9,Gujarat,24,Amreli,480,6505,6505,6505
2018-04-02,Green Gram (Moong)(Whole),9,Gujarat,24,Amreli,480,5962.5,6262.5,6112.5
2018-03-24,Green Gram (Moong)(Whole),9,Gujarat,24,Amreli,480,4950,5600,5275
2018-03-22,Green Gram (Moong)(Whole),9,Gujarat,24,Amreli,480,6130,6130,6130
2018-03-21,Green Gram (Moong)(Whole),9,Gujarat,24,Amreli,480,5560,5560,5560
2018-03-19,Green Gram (Moong)(Whole),9,Gujarat,24,Amreli,480,6505,6505,6505
2018-03-17,Green Gram (Moong)(Whole),9,Gujarat,24,Amreli,480,4575,6205,5390
2018-03-16,Green Gram (Moong)(Whole),9,Gujarat,24,Amreli,480,6375,6500,6438
2018-03-13,Green Gram (Moong)(Whole),9,Gujarat,24,Amreli,480,4700,4875,4750
2018-03-10,Green Gram (Moong)(Whole),9,Gujarat,24,Amreli,480,6075,6450,6262.5
2018-03-09,Green Gram (Moong)(Whole),9,Gujarat,24,Amreli,480,6250,6750,6500
2018-03-08,Green Gram (Moong)(Whole),9,Gujarat,24,Amreli,480,5312.5,6500,5906.5
2018-03-06,Green Gram (Moong)(Whole),9,Gujarat,24,Amreli,480,3630,5805,4400
2018-03-05,Green Gram (Moong)(Whole),9,Gujarat,24,Amreli,480,5350,5850,5600
2018-03-03,Green Gram (Moong)(Whole),9,Gujarat,24,Amreli,480,4680,5237.5,5175
2018-03-01,Green Gram (Moong)(Whole),9,Gujarat,24,Amreli,480,3500,5130,4400
2018-02-28,Green Gram (Moong)(Whole),9,Gujarat,24,Amreli,480,5500,6300,5900
2018-02-27,Green Gram (Moong)(Whole),9,Gujarat,24,Amreli,480,5277.5,5902.5,5590
2018-02-24,Green Gram (Moong)(Whole),9,Gujarat,24,Amreli,480,6000,6150,6075
2018-02-23,Green Gram (Moong)(Whole),9,Gujarat,24,Amreli,480,5500,7000,6250
2018-02-21,Green Gram (Moong)(Whole),9,Gujarat,24,Amreli,480,6300,6300,6300
2018-02-20,Green Gram (Moong)(Whole),9,Gujarat,24,Amreli,480,4500,6340,5420
2018-02-16,Green Gram (Moong)(Whole),9,Gujarat,24,Amreli,480,4127.5,5932.5,5119
2018-02-15,Green Gram (Moong)(Whole),9,Gujarat,24,Amreli,480,6125,6125,6125
2018-02-14,Green Gram (Moong)(Whole),9,Gujarat,24,Amreli,480,5150,5687.5,5419
2018-02-12,Green Gram (Moong)(Whole),9,Gujarat,24,Amreli,480,4566.666666666667,5733.333333333333,5251
2018-02-10,Green Gram (Moong)(Whole),9,Gujarat,24,Amreli,480,6000,6035,6018
2018-02-09,Green Gram (Moong)(Whole),9,Gujarat,24,Amreli,480,4750,5500,5125
2018-02-08,Green Gram (Moong)(Whole),9,Gujarat,24,Amreli,480,4602.5,5502.5,5240
2018-02-05,Green Gram (Moong)(Whole),9,Gujarat,24,Amreli,480,6405,6505,6455
2018-02-03,Green Gram (Moong)(Whole),9,Gujarat,24,Amreli,480,3750,5750,4750
2018-02-02,Green Gram (Moong)(Whole),9,Gujarat,24,Amreli,480,3700,6500,5100
2018-02-01,Green Gram (Moong)(Whole),9,Gujarat,24,Amreli,480,4333.333333333333,5218.333333333333,4841.666666666667
2018-01-31,Green Gram (Moong)(Whole),9,Gujarat,24,Amreli,480,3730,5470,4712.5
2018-01-30,Green Gram (Moong)(Whole),9,Gujarat,24,Amreli,480,3350,6680,5015
2018-01-29,Green Gram (Moong)(Whole),9,Gujarat,24,Amreli,480,5275,6250,5762.5
2018-01-27,Green Gram (Moong)(Whole),9,Gujarat,24,Amreli,480,2500,5250,3875
2018-01-25,Green Gram (Moong)(Whole),9,Gujarat,24,Amreli,480,5105,5955,5526.5
2018-01-24,Green Gram (Moong)(Whole),9,Gujarat,24,Amreli,480,5950,7165,6558
2018-01-23,Green Gram (Moong)(Whole),9,Gujarat,24,Amreli,480,4752.5,6087.5,5525
2018-01-22,Green Gram (Moong)(Whole),9,Gujarat,24,Amreli,480,5001.666666666667,6333.333333333333,5601
2018-01-20,Green Gram (Moong)(Whole),9,Gujarat,24,Amreli,480,4050,7000,5525
2018-01-19,Green Gram (Moong)(Whole),9,Gujarat,24,Amreli,480,4266.666666666667,5488.333333333333,4877.666666666667
2018-01-18,Green Gram (Moong)(Whole),9,Gujarat,24,Amreli,480,4432.5,6155,5406.5
2018-01-17,Green Gram (Moong)(Whole),9,Gujarat,24,Amreli,480,6765,7700,7233
2018-01-16,Green Gram (Moong)(Whole),9,Gujarat,24,Amreli,480,4837.5,6065,5839
2018-01-15,Green Gram (Moong)(Whole),9,Gujarat,24,Amreli,480,5130,5130,5130
2018-01-13,Green Gram (Moong)(Whole),9,Gujarat,24,Amreli,480,5250,6550,5900
2018-01-12,Green Gram (Moong)(Whole),9,Gujarat,24,Amreli,480,4747.5,5775,5450
2018-01-11,Green Gram (Moong)(Whole),9,Gujarat,24,Amreli,480,5000,6750,5875
2018-01-10,Green Gram (Moong)(Whole),9,Gujarat,24,Amreli,480,6260,7100,6680
2018-01-09,Green Gram (Moong)(Whole),9,Gujarat,24,Amreli,480,5960,7210,6585
2018-01-08,Green Gram (Moong)(Whole),9,Gujarat,24,Amreli,480,5000,6400,5700
2018-01-06,Green Gram (Moong)(Whole),9,Gujarat,24,Amreli,480,5285,6770,6027.5
2018-01-05,Green Gram (Moong)(Whole),9,Gujarat,24,Amreli,480,4000,7400,5700
2018-01-04,Green Gram (Moong)(Whole),9,Gujarat,24,Amreli,480,6010,6755,6383
2018-01-03,Green Gram (Moong)(Whole),9,Gujarat,24,Amreli,480,5265,6305,5962.5
2018-01-02,Green Gram (Moong)(Whole),9,Gujarat,24,Amreli,480,4260,7500,5880
2018-01-01,Green Gram (Moong)(Whole),9,Gujarat,24,Amreli,480,4465,6935,5700.5
2017-12-30,Green Gram (Moong)(Whole),9,Gujarat,24,Amreli,480,6270,6500,6385
2017-12-29,Green Gram (Moong)(Whole),9,Gujarat,24,Amreli,480,4902.5,7025,5964
2017-12-28,Green Gram (Moong)(Whole),9,Gujarat,24,Amreli,480,5252.5,5565,5409
2017-12-27,Green Gram (Moong)(Whole),9,Gujarat,24,Amreli,480,6250,7305,6778
2017-12-26,Green Gram (Moong)(Whole),9,Gujarat,24,Amreli,480,4560,5628.333333333333,5129.333333333333
2017-12-23,Green Gram (Moong)(Whole),9,Gujarat,24,Amreli,480,6500,6925,6712.5
2017-12-22,Green Gram (Moong)(Whole),9,Gujarat,24,Amreli,480,5977.5,7325,6651.5
2017-12-21,Green Gram (Moong)(Whole),9,Gujarat,24,Amreli,480,4418.333333333333,6001.666666666667,5340.333333333333
2017-12-20,Green Gram (Moong)(Whole),9,Gujarat,24,Amreli,480,4112.5,5832.5,5282.5
2017-12-19,Green Gram (Moong)(Whole),9,Gujarat,24,Amreli,480,3875,6085,5035
2017-12-18,Green Gram (Moong)(Whole),9,Gujarat,24,Amreli,480,5100,5552.5,5504
2017-12-16,Green Gram (Moong)(Whole),9,Gujarat,24,Amreli,480,3575,5657.5,4462.5
2017-12-15,Green Gram (Moong)(Whole),9,Gujarat,24,Amreli,480,3802.5,6950,5375
2017-12-14,Green Gram (Moong)(Whole),9,Gujarat,24,Amreli,480,4537.5,6765,6189
2017-12-13,Green Gram (Moong)(Whole),9,Gujarat,24,Amreli,480,3875,6425,5512.5
2017-12-12,Green Gram (Moong)(Whole),9,Gujarat,24,Amreli,480,5052.5,6600,5826.5
2017-12-11,Green Gram (Moong)(Whole),9,Gujarat,24,Amreli,480,4152.5,5930,5091.5
2017-12-08,Green Gram (Moong)(Whole),9,Gujarat,24,Amreli,480,4668.333333333333,6668.333333333333,5686
2017-12-07,Green Gram (Moong)(Whole),9,Gujarat,24,Amreli,480,4590,6215,5427.5
2017-12-04,Green Gram (Moong)(Whole),9,Gujarat,24,Amreli,480,4281.666666666667,6561.666666666667,5575
2017-12-01,Green Gram (Moong)(Whole),9,Gujarat,24,Amreli,480,4557.5,6187.5,5622.5
2017-11-30,Green Gram (Moong)(Whole),9,Gujarat,24,Amreli,480,3330,6005,5700
2017-11-29,Green Gram (Moong)(Whole),9,Gujarat,24,Amreli,480,4625,6432.5,5737.5
2017-11-28,Green Gram (Moong)(Whole),9,Gujarat,24,Amreli,480,3177.5,6512.5,4931.5
2017-11-27,Green Gram (Moong)(Whole),9,Gujarat,24,Amreli,480,4783.333333333333,5708.333333333333,5283.333333333333
2017-11-25,Green Gram (Moong)(Whole),9,Gujarat,24,Amreli,480,6805,7250,7028
2017-11-24,Green Gram (Moong)(Whole),9,Gujarat,24,Amreli,480,4250,7250,5750
2017-11-23,Green Gram (Moong)(Whole),9,Gujarat,24,Amreli,480,5472.5,6062.5,5767.5
2017-11-22,Green Gram (Moong)(Whole),9,Gujarat,24,Amreli,480,4126.666666666667,5953.333333333333,4963.666666666667
2017-11-21,Green Gram (Moong)(Whole),9,Gujarat,24,Amreli,480,4778.333333333333,6518.333333333333,5721
2017-11-20,Green Gram (Moong)(Whole),9,Gujarat,24,Amreli,480,4386.666666666667,7060,5851
2017-11-18,Green Gram (Moong)(Whole),9,Gujarat,24,Amreli,480,3712.5,6925,5806.5
2017-11-17,Green Gram (Moong)(Whole),9,Gujarat,24,Amreli,480,4718.333333333333,6885,5944.333333333333
2017-11-16,Green Gram (Moong)(Whole),9,Gujarat,24,Amreli,480,4501.666666666667,7231.666666666667,5892.666666666667
2017-11-15,Green Gram (Moong)(Whole),9,Gujarat,24,Amreli,480,5085,7660,6539.333333333333
2017-11-14,Green Gram (Moong)(Whole),9,Gujarat,24,Amreli,480,4291.666666666667,7960,6262.666666666667
2017-11-13,Green Gram (Moong)(Whole),9,Gujarat,24,Amreli,480,2500,7505,5003
2017-11-11,Green Gram (Moong)(Whole),9,Gujarat,24,Amreli,480,4052.5,6940,6137.5
2017-11-10,Green Gram (Moong)(Whole),9,Gujarat,24,Amreli,480,3312.5,6702.5,5000
2017-11-09,Green Gram (Moong)(Whole),9,Gujarat,24,Amreli,480,4252.5,5865,5252.5
2017-11-08,Green Gram (Moong)(Whole),9,Gujarat,24,Amreli,480,6462.5,8150,7837.5
2017-11-07,Green Gram (Moong)(Whole),9,Gujarat,24,Amreli,480,4668.333333333333,7851.666666666667,6467.666666666667
2017-11-06,Green Gram (Moong)(Whole),9,Gujarat,24,Amreli,480,3425,4876.666666666667,4221.666666666667
2017-11-04,Green Gram (Moong)(Whole),9,Gujarat,24,Amreli,480,3675,5755,4750
2017-11-03,Green Gram (Moong)(Whole),9,Gujarat,24,Amreli,480,3418.3333333333335,5341.666666666667,4605
2017-11-02,Green Gram (Moong)(Whole),9,Gujarat,24,Amreli,480,3230,5873.333333333333,4462.666666666667
2017-11-01,Green Gram (Moong)(Whole),9,Gujarat,24,Amreli,480,3860,5800,5000
2017-10-30,Green Gram (Moong)(Whole),9,Gujarat,24,Amreli,480,3625,6125,5125
2017-10-28,Green Gram (Moong)(Whole),9,Gujarat,24,Amreli,480,3000,5810,5125
2017-10-26,Green Gram (Moong)(Whole),9,Gujarat,24,Amreli,480,3875,6005,5150
2017-10-25,Green Gram (Moong)(Whole),9,Gujarat,24,Amreli,480,3601.6666666666665,4893.333333333333,4424.333333333333
2017-10-16,Green Gram (Moong)(Whole),9,Gujarat,24,Amreli,480,3675,5190,4425
2017-10-14,Green Gram (Moong)(Whole),9,Gujarat,24,Amreli,480,4088.3333333333335,5510,4901
2017-10-13,Green Gram (Moong)(Whole),9,Gujarat,24,Amreli,480,3092.5,5767.5,4872.5
2017-10-12,Green Gram (Moong)(Whole),9,Gujarat,24,Amreli,480,3600,6060,5360
2017-10-11,Green Gram (Moong)(Whole),9,Gujarat,24,Amreli,480,3527.5,5307.5,4670
2017-10-10,Green Gram (Moong)(Whole),9,Gujarat,24,Amreli,480,3250,6250,5100
2017-10-09,Green Gram (Moong)(Whole),9,Gujarat,24,Amreli,480,3168.3333333333335,4586.666666666667,4059.3333333333335
2017-10-07,Green Gram (Moong)(Whole),9,Gujarat,24,Amreli,480,3150,6250,5255
2017-10-06,Green Gram (Moong)(Whole),9,Gujarat,24,Amreli,480,3550,5527.5,4852.5
2017-10-05,Green Gram (Moong)(Whole),9,Gujarat,24,Amreli,480,3455,4858.333333333333,4275
2017-10-04,Green Gram (Moong)(Whole),9,Gujarat,24,Amreli,480,3476.6666666666665,4678.333333333333,4271.666666666667
2017-10-03,Green Gram (Moong)(Whole),9,Gujarat,24,Amreli,480,2920,4880,3986
2017-09-29,Green Gram (Moong)(Whole),9,Gujarat,24,Amreli,480,3750,4750,4250
2017-09-28,Green Gram (Moong)(Whole),9,Gujarat,24,Amreli,480,3600,5255,4061.5
2017-09-27,Green Gram (Moong)(Whole),9,Gujarat,24,Amreli,480,3208.3333333333335,5206.666666666667,4484.333333333333
2017-09-26,Green Gram (Moong)(Whole),9,Gujarat,24,Amreli,480,3245,4921.666666666667,3990.3333333333335
2017-09-25,Green Gram (Moong)(Whole),9,Gujarat,24,Amreli,480,3747.5,5525,4449
2017-09-23,Green Gram (Moong)(Whole),9,Gujarat,24,Amreli,480,4350,5337.5,4875
2017-09-22,Green Gram (Moong)(Whole),9,Gujarat,24,Amreli,480,4433.333333333333,5293.333333333333,5091.666666666667
2017-09-21,Green Gram (Moong)(Whole),9,Gujarat,24,Amreli,480,4333.333333333333,6243.333333333333,5451
2017-09-20,Green Gram (Moong)(Whole),9,Gujarat,24,Amreli,480,3937.5,5250,4696.5
2017-09-19,Green Gram (Moong)(Whole),9,Gujarat,24,Amreli,480,3630,5000,4250
2017-09-18,Green Gram (Moong)(Whole),9,Gujarat,24,Amreli,480,3150,4597.5,3925
2017-09-16,Green Gram (Moong)(Whole),9,Gujarat,24,Amreli,480,3508.3333333333335,4776.666666666667,4054.3333333333335
2017-09-15,Green Gram (Moong)(Whole),9,Gujarat,24,Amreli,480,3125,4737.5,4045
2017-09-14,Green Gram (Moong)(Whole),9,Gujarat,24,Amreli,480,3432.5,5750,4810
2017-09-13,Green Gram (Moong)(Whole),9,Gujarat,24,Amreli,480,3160,3760,3535
2017-09-12,Green Gram (Moong)(Whole),9,Gujarat,24,Amreli,480,3325,4855,3775
2017-09-11,Green Gram (Moong)(Whole),9,Gujarat,24,Amreli,480,3265,3667.5,3505
2017-09-09,Green Gram (Moong)(Whole),9,Gujarat,24,Amreli,480,4005,4750,4187.5
2017-09-08,Green Gram (Moong)(Whole),9,Gujarat,24,Amreli,480,3070,5775,4375
2017-09-07,Green Gram (Moong)(Whole),9,Gujarat,24,Amreli,480,3446.6666666666665,4460,3911
2017-09-06,Green Gram (Moong)(Whole),9,Gujarat,24,Amreli,480,3643.3333333333335,4815,4281.666666666667
2017-09-05,Green Gram (Moong)(Whole),9,Gujarat,24,Amreli,480,3713.3333333333335,4753.333333333333,4461.666666666667
2017-09-04,Green Gram (Moong)(Whole),9,Gujarat,24,Amreli,480,3375,4876.666666666667,4133.333333333333
2017-09-01,Green Gram (Moong)(Whole),9,Gujarat,24,Amreli,480,4100,4776.666666666667,4513.333333333333
2017-08-31,Green Gram (Moong)(Whole),9,Gujarat,24,Amreli,480,3518.3333333333335,5291.666666666667,4688.333333333333
2017-08-30,Green Gram (Moong)(Whole),9,Gujarat,24,Amreli,480,3000,5305,4405
2017-08-29,Green Gram (Moong)(Whole),9,Gujarat,24,Amreli,480,3350,5125,4000
2017-08-28,Green Gram (Moong)(Whole),9,Gujarat,24,Amreli,480,3720,4846.666666666667,4310
2017-08-26,Green Gram (Moong)(Whole),9,Gujarat,24,Amreli,480,4145,4500,4323
2017-08-25,Green Gram (Moong)(Whole),9,Gujarat,24,Amreli,480,3650,4895,4895
2017-08-24,Green Gram (Moong)(Whole),9,Gujarat,24,Amreli,480,4418.333333333333,4941.666666666667,4615
2017-08-23,Green Gram (Moong)(Whole),9,Gujarat,24,Amreli,480,3451.6666666666665,4568.333333333333,4205
2017-08-22,Green Gram (Moong)(Whole),9,Gujarat,24,Amreli,480,3793.3333333333335,4638.333333333333,4216
2017-08-19,Green Gram (Moong)(Whole),9,Gujarat,24,Amreli,480,3000,5075,4400
2017-08-18,Green Gram (Moong)(Whole),9,Gujarat,24,Amreli,480,3168.3333333333335,4975,4166
2017-08-12,Green Gram (Moong)(Whole),9,Gujarat,24,Amreli,480,3562.5,4275,4119
2017-08-11,Green Gram (Moong)(Whole),9,Gujarat,24,Amreli,480,3543.3333333333335,4283.333333333333,4081
2017-08-10,Green Gram (Moong)(Whole),9,Gujarat,24,Amreli,480,3811.6666666666665,4426.666666666667,4141
2017-08-09,Green Gram (Moong)(Whole),9,Gujarat,24,Amreli,480,3765,4325,4187.5
2017-08-08,Green Gram (Moong)(Whole),9,Gujarat,24,Amreli,480,3575,4125,4027.5
2017-08-05,Green Gram (Moong)(Whole),9,Gujarat,24,Amreli,480,3393.3333333333335,4053.3333333333335,3661
2017-08-04,Green Gram (Moong)(Whole),9,Gujarat,24,Amreli,480,3086.6666666666665,3708.3333333333335,3459.3333333333335
2017-08-03,Green Gram (Moong)(Whole),9,Gujarat,24,Amreli,480,3527.5,4052.5,3805
2017-08-02,Green Gram (Moong)(Whole),9,Gujarat,24,Amreli,480,3276.6666666666665,4095,3642.6666666666665
2017-08-01,Green Gram (Moong)(Whole),9,Gujarat,24,Amreli,480,3061.6666666666665,4036.6666666666665,3694.3333333333335
2017-07-31,Green Gram (Moong)(Whole),9,Gujarat,24,Amreli,480,3523.3333333333335,3893.3333333333335,3729.3333333333335
2017-07-29,Green Gram (Moong)(Whole),9,Gujarat,24,Amreli,480,3330,3985,3757.5
2017-07-28,Green Gram (Moong)(Whole),9,Gujarat,24,Amreli,480,3220,3955,3557.6666666666665
2017-07-27,Green Gram (Moong)(Whole),9,Gujarat,24,Amreli,480,3500,3800,3650.5
2017-07-26,Green Gram (Moong)(Whole),9,Gujarat,24,Amreli,480,2805,4000,3692.5
2017-07-25,Green Gram (Moong)(Whole),9,Gujarat,24,Amreli,480,2898.3333333333335,3325,3118.3333333333335
2017-07-24,Green Gram (Moong)(Whole),9,Gujarat,24,Amreli,480,2753.3333333333335,3568.3333333333335,3244.3333333333335
2017-07-22,Green Gram (Moong)(Whole),9,Gujarat,24,Amreli,480,3800,3800,3800
2017-07-21,Green Gram (Moong)(Whole),9,Gujarat,24,Amreli,480,3477.5,4195,3849
2017-07-20,Green Gram (Moong)(Whole),9,Gujarat,24,Amreli,480,3500,4201.666666666667,3818.3333333333335
2017-07-19,Green Gram (Moong)(Whole),9,Gujarat,24,Amreli,480,3420,4105,3746
2017-07-18,Green Gram (Moong)(Whole),9,Gujarat,24,Amreli,480,3250,4175,3713
2017-07-17,Green Gram (Moong)(Whole),9,Gujarat,24,Amreli,480,3735,4575,3760
2017-07-04,Green Gram (Moong)(Whole),9,Gujarat,24,Amreli,480,3625,4000,3813
2017-06-30,Green Gram (Moong)(Whole),9,Gujarat,24,Amreli,480,3585,4385,3908.3333333333335
2017-06-29,Green Gram (Moong)(Whole),9,Gujarat,24,Amreli,480,2500,4040,3270
2017-06-28,Green Gram (Moong)(Whole),9,Gujarat,24,Amreli,480,3420,4178.333333333333,3972.6666666666665
2017-06-27,Green Gram (Moong)(Whole),9,Gujarat,24,Amreli,480,3675,4236.666666666667,3981
2017-06-24,Green Gram (Moong)(Whole),9,Gujarat,24,Amreli,480,3585,4225,4112
2017-06-23,Green Gram (Moong)(Whole),9,Gujarat,24,Amreli,480,3490,4486.666666666667,4125.333333333333
2017-06-22,Green Gram (Moong)(Whole),9,Gujarat,24,Amreli,480,3801.6666666666665,4598.333333333333,4191.666666666667
2017-06-21,Green Gram (Moong)(Whole),9,Gujarat,24,Amreli,480,3730,4378.333333333333,4179.333333333333
2017-06-20,Green Gram (Moong)(Whole),9,Gujarat,24,Amreli,480,3678.3333333333335,4905,4233.333333333333
2017-06-19,Green Gram (Moong)(Whole),9,Gujarat,24,Amreli,480,3610,4933.333333333333,4355
2017-06-17,Green Gram (Moong)(Whole),9,Gujarat,24,Amreli,480,3977.5,4675,4326.5
2017-06-16,Green Gram (Moong)(Whole),9,Gujarat,24,Amreli,480,3383.3333333333335,4161.666666666667,3908.3333333333335
2017-06-15,Green Gram (Moong)(Whole),9,Gujarat,24,Amreli,480,3640,4820,4079
2017-06-14,Green Gram (Moong)(Whole),9,Gujarat,24,Amreli,480,3210,4251.666666666667,3834.3333333333335
2017-06-13,Green Gram (Moong)(Whole),9,Gujarat,24,Amreli,480,3550,4435,3983.3333333333335
2017-06-12,Green Gram (Moong)(Whole),9,Gujarat,24,Amreli,480,3878.3333333333335,4480,4129.333333333333
2017-06-10,Green Gram (Moong)(Whole),9,Gujarat,24,Amreli,480,3543.3333333333335,4168.333333333333,3772.6666666666665
2017-06-09,Green Gram (Moong)(Whole),9,Gujarat,24,Amreli,480,3370,4068.3333333333335,3819.3333333333335
2017-06-08,Green Gram (Moong)(Whole),9,Gujarat,24,Amreli,480,3265,4310,3851
2017-06-07,Green Gram (Moong)(Whole),9,Gujarat,24,Amreli,480,3038.3333333333335,4173.333333333333,3685
2017-06-06,Green Gram (Moong)(Whole),9,Gujarat,24,Amreli,480,3386.6666666666665,4061.6666666666665,3731
2017-06-03,Green Gram (Moong)(Whole),9,Gujarat,24,Amreli,480,3500,4261.666666666667,3801.6666666666665
2017-06-02,Green Gram (Moong)(Whole),9,Gujarat,24,Amreli,480,3343.3333333333335,4071.6666666666665,3826.6666666666665
2017-06-01,Green Gram (Moong)(Whole),9,Gujarat,24,Amreli,480,3451.6666666666665,4136.666666666667,3844.3333333333335
2017-05-31,Green Gram (Moong)(Whole),9,Gujarat,24,Amreli,480,3175,5202.5,3926.5
2017-05-30,Green Gram (Moong)(Whole),9,Gujarat,24,Amreli,480,3168.3333333333335,4275,3826
2017-05-29,Green Gram (Moong)(Whole),9,Gujarat,24,Amreli,480,3416.6666666666665,4353.333333333333,3947.6666666666665
2017-05-27,Green Gram (Moong)(Whole),9,Gujarat,24,Amreli,480,3585,4568.333333333333,4064.3333333333335
2017-05-26,Green Gram (Moong)(Whole),9,Gujarat,24,Amreli,480,3166.6666666666665,4733.333333333333,4033.3333333333335
2017-05-25,Green Gram (Moong)(Whole),9,Gujarat,24,Amreli,480,3425,4142.5,3784
2017-05-24,Green Gram (Moong)(Whole),9,Gujarat,24,Amreli,480,3331.6666666666665,4371.666666666667,3936
2017-05-23,Green Gram (Moong)(Whole),9,Gujarat,24,Amreli,480,3500,4693.333333333333,4049.3333333333335
2017-05-22,Green Gram (Moong)(Whole),9,Gujarat,24,Amreli,480,3516.6666666666665,4338.333333333333,4027.6666666666665
2017-05-20,Green Gram (Moong)(Whole),9,Gujarat,24,Amreli,480,3750,4437.5,4225
2017-05-19,Green Gram (Moong)(Whole),9,Gujarat,24,Amreli,480,4031.6666666666665,5048.333333333333,4621
2017-05-18,Green Gram (Moong)(Whole),9,Gujarat,24,Amreli,480,3900,4688.333333333333,4416.666666666667
2017-05-17,Green Gram (Moong)(Whole),9,Gujarat,24,Amreli,480,3791.6666666666665,4848.333333333333,4319.333333333333
2017-05-16,Green Gram (Moong)(Whole),9,Gujarat,24,Amreli,480,4293.333333333333,4946.666666666667,4790
2017-05-15,Green Gram (Moong)(Whole),9,Gujarat,24,Amreli,480,3833.3333333333335,4901.666666666667,4422.666666666667
2017-05-13,Green Gram (Moong)(Whole),9,Gujarat,24,Amreli,480,4325,5315,4820
2017-05-12,Green Gram (Moong)(Whole),9,Gujarat,24,Amreli,480,4065,4625,4345
2017-05-11,Green Gram (Moong)(Whole),9,Gujarat,24,Amreli,480,5005,5380,5192.5
2017-05-10,Green Gram (Moong)(Whole),9,Gujarat,24,Amreli,480,4350,4350,4350
2017-05-09,Green Gram (Moong)(Whole),9,Gujarat,24,Amreli,480,4252.5,4797.5,4502.5
2017-05-08,Green Gram (Moong)(Whole),9,Gujarat,24,Amreli,480,4000,4632.5,4316.5
2017-05-06,Green Gram (Moong)(Whole),9,Gujarat,24,Amreli,480,4050,5140,4250
2017-05-05,Green Gram (Moong)(Whole),9,Gujarat,24,Amreli,480,3602.5,4227.5,4042.5
2017-05-04,Green Gram (Moong)(Whole),9,Gujarat,24,Amreli,480,3625,5430,4527.5
2017-05-03,Green Gram (Moong)(Whole),9,Gujarat,24,Amreli,480,3687.5,5077.5,4382.5
2017-05-02,Green Gram (Moong)(Whole),9,Gujarat,24,Amreli,480,4500,4800,4650
2017-05-01,Green Gram (Moong)(Whole),9,Gujarat,24,Amreli,480,3625,5850,4544
2017-04-28,Green Gram (Moong)(Whole),9,Gujarat,24,Amreli,480,4100,5397.5,4679
2017-04-27,Green Gram (Moong)(Whole),9,Gujarat,24,Amreli,480,4002.5,5525,4819
2017-04-26,Green Gram (Moong)(Whole),9,Gujarat,24,Amreli,480,3000,4005,3755
2017-04-25,Green Gram (Moong)(Whole),9,Gujarat,24,Amreli,480,4150,5312.5,4625
2017-04-24,Green Gram (Moong)(Whole),9,Gujarat,24,Amreli,480,3500,5505,4505
2017-04-22,Green Gram (Moong)(Whole),9,Gujarat,24,Amreli,480,3500,5255,5000
2017-04-21,Green Gram (Moong)(Whole),9,Gujarat,24,Amreli,480,3500,5375,4675
2017-04-20,Green Gram (Moong)(Whole),9,Gujarat,24,Amreli,480,3627.5,5087.5,4417.5
2017-04-19,Green Gram (Moong)(Whole),9,Gujarat,24,Amreli,480,3560,4755,4755
2017-04-18,Green Gram (Moong)(Whole),9,Gujarat,24,Amreli,480,3000,5275,5275
2017-03-25,Green Gram (Moong)(Whole),9,Gujarat,24,Amreli,480,4250,5000,4625
2017-03-24,Green Gram (Moong)(Whole),9,Gujarat,24,Amreli,480,3875,4500,4188
2017-03-22,Green Gram (Moong)(Whole),9,Gujarat,24,Amreli,480,4900,5100,5000
2017-03-21,Green Gram (Moong)(Whole),9,Gujarat,24,Amreli,480,4900,5400,5150
2017-03-20,Green Gram (Moong)(Whole),9,Gujarat,24,Amreli,480,4292.5,4595,4480
2017-03-18,Green Gram (Moong)(Whole),9,Gujarat,24,Amreli,480,3500,4625,3505
2017-03-17,Green Gram (Moong)(Whole),9,Gujarat,24,Amreli,480,4900,5500,5200
2017-03-16,Green Gram (Moong)(Whole),9,Gujarat,24,Amreli,480,3800,4750,4255
2017-03-14,Green Gram (Moong)(Whole),9,Gujarat,24,Amreli,480,3130,3130,3130
2017-03-09,Green Gram (Moong)(Whole),9,Gujarat,24,Amreli,480,3500,4905,4390
2017-03-07,Green Gram (Moong)(Whole),9,Gujarat,24,Amreli,480,3312.5,4585,3944
2017-03-06,Green Gram (Moong)(Whole),9,Gujarat,24,Amreli,480,3750,4810,4280
2017-03-04,Green Gram (Moong)(Whole),9,Gujarat,24,Amreli,480,3950,4130,4130
2017-03-03,Green Gram (Moong)(Whole),9,Gujarat,24,Amreli,480,3437.5,4102.5,3794
2017-03-02,Green Gram (Moong)(Whole),9,Gujarat,24,Amreli,480,3687.5,4130,3940
2017-03-01,Green Gram (Moong)(Whole),9,Gujarat,24,Amreli,480,3250,4550,3900
2017-02-28,Green Gram (Moong)(Whole),9,Gujarat,24,Amreli,480,3000,4225,3300
2017-02-27,Green Gram (Moong)(Whole),9,Gujarat,24,Amreli,480,3180,3375,3240
2017-02-25,Green Gram (Moong)(Whole),9,Gujarat,24,Amreli,480,4750,6325,5538
2017-02-23,Green Gram (Moong)(Whole),9,Gujarat,24,Amreli,480,3250,4075,4075
2017-02-22,Green Gram (Moong)(Whole),9,Gujarat,24,Amreli,480,3075,4005,3625
2017-02-21,Green Gram (Moong)(Whole),9,Gujarat,24,Amreli,480,3400,5225,3640
2017-02-20,Green Gram (Moong)(Whole),9,Gujarat,24,Amreli,480,3875,4902.5,4387.5
2017-02-18,Green Gram (Moong)(Whole),9,Gujarat,24,Amreli,480,2750,5425,4005
2017-02-17,Green Gram (Moong)(Whole),9,Gujarat,24,Amreli,480,2755,3000,3000
2017-02-16,Green Gram (Moong)(Whole),9,Gujarat,24,Amreli,480,3305,5200,3950
2017-02-15,Green Gram (Moong)(Whole),9,Gujarat,24,Amreli,480,3180,4250,3875
2017-02-11,Green Gram (Moong)(Whole),9,Gujarat,24,Amreli,480,3500,4680,4235
2017-02-10,Green Gram (Moong)(Whole),9,Gujarat,24,Amreli,480,3875,5630,4566.5
2017-02-09,Green Gram (Moong)(Whole),9,Gujarat,24,Amreli,480,4450,5025,4737.5
2017-02-08,Green Gram (Moong)(Whole),9,Gujarat,24,Amreli,480,3760,5500,4250
2017-02-07,Green Gram (Moong)(Whole),9,Gujarat,24,Amreli,480,4350,5750,5750
2017-02-06,Green Gram (Moong)(Whole),9,Gujarat,24,Amreli,480,4002.5,5080,4886.5
2017-02-04,Green Gram (Moong)(Whole),9,Gujarat,24,Amreli,480,3005,4400,3930
2017-02-03,Green Gram (Moong)(Whole),9,Gujarat,24,Amreli,480,3127.5,4500,4094
2017-02-02,Green Gram (Moong)(Whole),9,Gujarat,24,Amreli,480,3375,4250,4120
2017-02-01,Green Gram (Moong)(Whole),9,Gujarat,24,Amreli,480,3250,5445,4500
2017-01-31,Green Gram (Moong)(Whole),9,Gujarat,24,Amreli,480,4000,5437.5,4654
2017-01-30,Green Gram (Moong)(Whole),9,Gujarat,24,Amreli,480,2455,4625,3990
2017-01-28,Green Gram (Moong)(Whole),9,Gujarat,24,Amreli,480,3937.5,4892.5,4227.5
2017-01-27,Green Gram (Moong)(Whole),9,Gujarat,24,Amreli,480,4250,5942.5,5032.5
2017-01-25,Green Gram (Moong)(Whole),9,Gujarat,24,Amreli,480,3427.5,5197.5,4187.5
2017-01-24,Green Gram (Moong)(Whole),9,Gujarat,24,Amreli,480,2555,4130,3995
2017-01-20,Green Gram (Moong)(Whole),9,Gujarat,24,Amreli,480,5000,6000,5500
2017-01-19,Green Gram (Moong)(Whole),9,Gujarat,24,Amreli,480,3965,4875,4625
2017-01-17,Green Gram (Moong)(Whole),9,Gujarat,24,Amreli,480,3950,5382.5,4877.5
2017-01-16,Green Gram (Moong)(Whole),9,Gujarat,24,Amreli,480,2450,4650,3650
2017-01-13,Green Gram (Moong)(Whole),9,Gujarat,24,Amreli,480,2500,3890,3400
2017-01-12,Green Gram (Moong)(Whole),9,Gujarat,24,Amreli,480,3430,5565,4564
2017-01-11,Green Gram (Moong)(Whole),9,Gujarat,24,Amreli,480,3062.5,5275,4562.5
2017-01-10,Green Gram (Moong)(Whole),9,Gujarat,24,Amreli,480,3062.5,5255,3879
2017-01-09,Green Gram (Moong)(Whole),9,Gujarat,24,Amreli,480,2755,5330,4500
2017-01-07,Green Gram (Moong)(Whole),9,Gujarat,24,Amreli,480,3665,5545,4609
2017-01-06,Green Gram (Moong)(Whole),9,Gujarat,24,Amreli,480,3637.5,5875,4937.5
2017-01-05,Green Gram (Moong)(Whole),9,Gujarat,24,Amreli,480,4750,7250,6000
2017-01-04,Green Gram (Moong)(Whole),9,Gujarat,24,Amreli,480,3205,4995,4130
2017-01-03,Green Gram (Moong)(Whole),9,Gujarat,24,Amreli,480,3000,5665,4705
2017-01-02,Green Gram (Moong)(Whole),9,Gujarat,24,Amreli,480,3125,4625,3375
2016-12-31,Green Gram (Moong)(Whole),9,Gujarat,24,Amreli,480,4440,5540,5540
2016-12-30,Green Gram (Moong)(Whole),9,Gujarat,24,Amreli,480,3000,4875,4405
2016-12-29,Green Gram (Moong)(Whole),9,Gujarat,24,Amreli,480,2912.5,5300,4250
2016-12-28,Green Gram (Moong)(Whole),9,Gujarat,24,Amreli,480,4937.5,5565,5015
2016-12-27,Green Gram (Moong)(Whole),9,Gujarat,24,Amreli,480,3560,5825,4450
2016-12-26,Green Gram (Moong)(Whole),9,Gujarat,24,Amreli,480,4500,5467.5,5217.5
2016-12-24,Green Gram (Moong)(Whole),9,Gujarat,24,Amreli,480,3500,4937.5,4251.5
2016-12-23,Green Gram (Moong)(Whole),9,Gujarat,24,Amreli,480,4400,6350,5365
2016-12-22,Green Gram (Moong)(Whole),9,Gujarat,24,Amreli,480,3875,6075,5021.5
2016-12-21,Green Gram (Moong)(Whole),9,Gujarat,24,Amreli,480,4341.666666666667,6471.666666666667,5016.666666666667
2016-12-20,Green Gram (Moong)(Whole),9,Gujarat,24,Amreli,480,4500,7182.5,5451.5
2016-12-19,Green Gram (Moong)(Whole),9,Gujarat,24,Amreli,480,4327.5,8000,6335
2016-12-17,Green Gram (Moong)(Whole),9,Gujarat,24,Amreli,480,3250,5450,3775
2016-12-16,Green Gram (Moong)(Whole),9,Gujarat,24,Amreli,480,3000,6000,4125
2016-12-15,Green Gram (Moong)(Whole),9,Gujarat,24,Amreli,480,3625,6327.5,4689
2016-12-14,Green Gram (Moong)(Whole),9,Gujarat,24,Amreli,480,2995,5680,4255
2016-12-13,Green Gram (Moong)(Whole),9,Gujarat,24,Amreli,480,3425,5995,5600
2016-12-10,Green Gram (Moong)(Whole),9,Gujarat,24,Amreli,480,2500,5180,4355
2016-12-08,Green Gram (Moong)(Whole),9,Gujarat,24,Amreli,480,5335,6840,5962.666666666667
2016-12-07,Green Gram (Moong)(Whole),9,Gujarat,24,Amreli,480,5000,6537.5,6269
2016-12-06,Green Gram (Moong)(Whole),9,Gujarat,24,Amreli,480,3250,5305,4240
2016-12-05,Green Gram (Moong)(Whole),9,Gujarat,24,Amreli,480,3440,6442.5,5094
2016-12-03,Green Gram (Moong)(Whole),9,Gujarat,24,Amreli,480,4000,5265,4650
2016-12-02,Green Gram (Moong)(Whole),9,Gujarat,24,Amreli,480,3975,6320,5459
2016-12-01,Green Gram (Moong)(Whole),9,Gujarat,24,Amreli,480,3772.5,6577.5,5215
2016-11-30,Green Gram (Moong)(Whole),9,Gujarat,24,Amreli,480,3951.6666666666665,7263.333333333333,6372.666666666667
2016-11-29,Green Gram (Moong)(Whole),9,Gujarat,24,Amreli,480,4087.5,5500,5125
2016-11-28,Green Gram (Moong)(Whole),9,Gujarat,24,Amreli,480,5547.5,6045,5796.5
2016-11-25,Green Gram (Moong)(Whole),9,Gujarat,24,Amreli,480,7710,9005,8358
2016-11-24,Green Gram (Moong)(Whole),9,Gujarat,24,Amreli,480,9010,9650,9330
2016-11-22,Green Gram (Moong)(Whole),9,Gujarat,24,Amreli,480,4750,4750,4750
2016-11-21,Green Gram (Moong)(Whole),9,Gujarat,24,Amreli,480,2260,2260,2260
2016-11-09,Green Gram (Moong)(Whole),9,Gujarat,24,Amreli,480,3000,5150,5000
2016-11-08,Green Gram (Moong)(Whole),9,Gujarat,24,Amreli,480,4466.666666666667,5931.666666666667,5361.666666666667
2016-11-07,Green Gram (Moong)(Whole),9,Gujarat,24,Amreli,480,4302.5,5665,5250
2016-11-05,Green Gram (Moong)(Whole),9,Gujarat,24,Amreli,480,4471.666666666667,6161.666666666667,5341
2016-10-27,Green Gram (Moong)(Whole),9,Gujarat,24,Amreli,480,3515,6625,5479
2016-10-26,Green Gram (Moong)(Whole),9,Gujarat,24,Amreli,480,3450,6500,5725
2016-10-25,Green Gram (Moong)(Whole),9,Gujarat,24,Amreli,480,3000,5887.5,4587.5
2016-10-24,Green Gram (Moong)(Whole),9,Gujarat,24,Amreli,480,3437.5,5880,4807.5
2016-10-22,Green Gram (Moong)(Whole),9,Gujarat,24,Amreli,480,4150,5650,5020
2016-10-21,Green Gram (Moong)(Whole),9,Gujarat,24,Amreli,480,3900,5733.333333333333,4904.333333333333
2016-10-20,Green Gram (Moong)(Whole),9,Gujarat,24,Amreli,480,5291.666666666667,7066.666666666667,6401.666666666667
2016-10-19,Green Gram (Moong)(Whole),9,Gujarat,24,Amreli,480,3830,5665,5012.5
2016-10-18,Green Gram (Moong)(Whole),9,Gujarat,24,Amreli,480,4100,5812.5,4956.5
2016-10-17,Green Gram (Moong)(Whole),9,Gujarat,24,Amreli,480,4158.333333333333,5988.333333333333,5161
2016-10-16,Green Gram (Moong)(Whole),9,Gujarat,24,Amreli,480,4630,4630,4630
2016-10-15,Green Gram (Moong)(Whole),9,Gujarat,24,Amreli,480,3967.5,5527.5,4942.5
2016-10-14,Green Gram (Moong)(Whole),9,Gujarat,24,Amreli,480,3770,6026.666666666667,4943.333333333333
2016-10-13,Green Gram (Moong)(Whole),9,Gujarat,24,Amreli,480,4016.6666666666665,5936.666666666667,5221.666666666667
2016-10-10,Green Gram (Moong)(Whole),9,Gujarat,24,Amreli,480,3833.3333333333335,6016.666666666667,5011.666666666667
2016-10-08,Green Gram (Moong)(Whole),9,Gujarat,24,Amreli,480,4625,6211.666666666667,5471
2016-10-07,Green Gram (Moong)(Whole),9,Gujarat,24,Amreli,480,4673.333333333333,5530,5101.666666666667
2016-10-06,Green Gram (Moong)(Whole),9,Gujarat,24,Amreli,480,4075,5531.25,5010.75
2016-10-05,Green Gram (Moong)(Whole),9,Gujarat,24,Amreli,480,4856.25,5762.5,5342
2016-10-04,Green Gram (Moong)(Whole),9,Gujarat,24,Amreli,480,4291.666666666667,5883.333333333333,5416.666666666667
2016-10-03,Green Gram (Moong)(Whole),9,Gujarat,24,Amreli,480,4068.75,6263.75,5495.75
2016-10-01,Green Gram (Moong)(Whole),9,Gujarat,24,Amreli,480,4243.333333333333,5801.666666666667,5247.666666666667
2016-09-30,Green Gram (Moong)(Whole),9,Gujarat,24,Amreli,480,4465,5588.75,5130
2016-09-29,Green Gram (Moong)(Whole),9,Gujarat,24,Amreli,480,4550,6258.75,5500.75
2016-09-28,Green Gram (Moong)(Whole),9,Gujarat,24,Amreli,480,5033.333333333333,6283.333333333333,5693.333333333333
2016-09-27,Green Gram (Moong)(Whole),9,Gujarat,24,Amreli,480,4668.333333333333,6168.333333333333,5451
2016-09-26,Green Gram (Moong)(Whole),9,Gujarat,24,Amreli,480,5260,5500,5380
2016-09-24,Green Gram (Moong)(Whole),9,Gujarat,24,Amreli,480,4540,6326.666666666667,5511.666666666667
2016-09-23,Green Gram (Moong)(Whole),9,Gujarat,24,Amreli,480,4375,6425,5812.5
2016-09-22,Green Gram (Moong)(Whole),9,Gujarat,24,Amreli,480,4226.666666666667,5543.333333333333,5002
2016-09-21,Green Gram (Moong)(Whole),9,Gujarat,24,Amreli,480,4375,6202.5,5662.5
2016-09-20,Green Gram (Moong)(Whole),9,Gujarat,24,Amreli,480,4325,5910,5246
2016-09-19,Green Gram (Moong)(Whole),9,Gujarat,24,Amreli,480,5212.5,5787.5,5500
2016-09-17,Green Gram (Moong)(Whole),9,Gujarat,24,Amreli,480,4502.5,5940,5374
2016-09-16,Green Gram (Moong)(Whole),9,Gujarat,24,Amreli,480,4002.5,6292.5,5474
2016-09-15,Green Gram (Moong)(Whole),9,Gujarat,24,Amreli,480,4151.666666666667,6205,5460
2016-09-14,Green Gram (Moong)(Whole),9,Gujarat,24,Amreli,480,4077.5,6125,5537.5
2016-09-13,Green Gram (Moong)(Whole),9,Gujarat,24,Amreli,480,4250,6055,5500
2016-09-12,Green Gram (Moong)(Whole),9,Gujarat,24,Amreli,480,4125,5785,4937.666666666667
2016-09-10,Green Gram (Moong)(Whole),9,Gujarat,24,Amreli,480,3687.5,5927.5,4687.5
2016-09-09,Green Gram (Moong)(Whole),9,Gujarat,24,Amreli,480,3927.5,5950,5109
2016-09-08,Green Gram (Moong)(Whole),9,Gujarat,24,Amreli,480,3875,6075,5150
2016-09-07,Green Gram (Moong)(Whole),9,Gujarat,24,Amreli,480,4137.5,4927.5,4669
2016-09-06,Green Gram (Moong)(Whole),9,Gujarat,24,Amreli,480,3928.3333333333335,4801.666666666667,4461
2016-09-05,Green Gram (Moong)(Whole),9,Gujarat,24,Amreli,480,4062.5,5575,5081.5
2016-09-03,Green Gram (Moong)(Whole),9,Gujarat,24,Amreli,480,3237.5,4840,3970
2016-09-02,Green Gram (Moong)(Whole),9,Gujarat,24,Amreli,480,3442.5,4777.5,4075
2016-08-31,Green Gram (Moong)(Whole),9,Gujarat,24,Amreli,480,3725,4440,4192.5
2016-08-30,Green Gram (Moong)(Whole),9,Gujarat,24,Amreli,480,3312.5,4505,4222.5
2016-08-29,Green Gram (Moong)(Whole),9,Gujarat,24,Amreli,480,5250,5250,5250
2016-08-22,Green Gram (Moong)(Whole),9,Gujarat,24,Amreli,480,4300,7130,5715
2016-08-20,Green Gram (Moong)(Whole),9,Gujarat,24,Amreli,480,3837.5,4187.5,4015
2016-08-19,Green Gram (Moong)(Whole),9,Gujarat,24,Amreli,480,4500,5825,5775
2016-08-16,Green Gram (Moong)(Whole),9,Gujarat,24,Amreli,480,3750,4750,4627.5
2016-08-13,Green Gram (Moong)(Whole),9,Gujarat,24,Amreli,480,4515,5762.5,5141.5
2016-08-12,Green Gram (Moong)(Whole),9,Gujarat,24,Amreli,480,3922.5,5700,5137.5
2016-08-11,Green Gram (Moong)(Whole),9,Gujarat,24,Amreli,480,4756.666666666667,4951.666666666667,4868.333333333333
2016-08-10,Green Gram (Moong)(Whole),9,Gujarat,24,Amreli,480,4583.333333333333,5545,5230
2016-08-09,Green Gram (Moong)(Whole),9,Gujarat,24,Amreli,480,4247.5,5175,4750
2016-08-08,Green Gram (Moong)(Whole),9,Gujarat,24,Amreli,480,4185,5401.666666666667,4999.333333333333
2016-08-06,Green Gram (Moong)(Whole),9,Gujarat,24,Amreli,480,4645,4865,4865
2016-08-05,Green Gram (Moong)(Whole),9,Gujarat,24,Amreli,480,4950,5325,5162.5
2016-08-04,Green Gram (Moong)(Whole),9,Gujarat,24,Amreli,480,4000,5555,5250
2016-08-02,Green Gram (Moong)(Whole),9,Gujarat,24,Amreli,480,4722.5,5752.5,5565
2016-08-01,Green Gram (Moong)(Whole),9,Gujarat,24,Amreli,480,4635,5425,4970
2016-07-30,Green Gram (Moong)(Whole),9,Gujarat,24,Amreli,480,4625,5440,5015
2016-07-29,Green Gram (Moong)(Whole),9,Gujarat,24,Amreli,480,4645,5275,4955
2016-07-28,Green Gram (Moong)(Whole),9,Gujarat,24,Amreli,480,4775,5560,5214
2016-07-27,Green Gram (Moong)(Whole),9,Gujarat,24,Amreli,480,4712.5,5952.5,5140
2016-07-26,Green Gram (Moong)(Whole),9,Gujarat,24,Amreli,480,4883.333333333333,5441.666666666667,5186.666666666667
2016-07-25,Green Gram (Moong)(Whole),9,Gujarat,24,Amreli,480,5167.5,5377.5,5187.5
2016-07-23,Green Gram (Moong)(Whole),9,Gujarat,24,Amreli,480,4435,6195,5010
2016-07-22,Green Gram (Moong)(Whole),9,Gujarat,24,Amreli,480,4242.5,5940,5024
2016-07-21,Green Gram (Moong)(Whole),9,Gujarat,24,Amreli,480,4422.5,5502.5,5325
2016-07-20,Green Gram (Moong)(Whole),9,Gujarat,24,Amreli,480,4750,5587.5,5295
2016-07-19,Green Gram (Moong)(Whole),9,Gujarat,24,Amreli,480,5146.666666666667,5918.333333333333,5751.666666666667
2016-07-18,Green Gram (Moong)(Whole),9,Gujarat,24,Amreli,480,5243.333333333333,6501.666666666667,5873.333333333333
2016-07-16,Green Gram (Moong)(Whole),9,Gujarat,24,Amreli,480,5230,5918.333333333333,5511.666666666667
2016-07-15,Green Gram (Moong)(Whole),9,Gujarat,24,Amreli,480,5265,5500,5350
2016-07-14,Green Gram (Moong)(Whole),9,Gujarat,24,Amreli,480,5405,5900,5595
2016-07-13,Green Gram (Moong)(Whole),9,Gujarat,24,Amreli,480,5285,5790,5605
2016-07-12,Green Gram (Moong)(Whole),9,Gujarat,24,Amreli,480,5105,5845,5625
2016-07-11,Green Gram (Moong)(Whole),9,Gujarat,24,Amreli,480,5120,5796.666666666667,5534.333333333333
2016-07-09,Green Gram (Moong)(Whole),9,Gujarat,24,Amreli,480,5051.666666666667,6675,5912.666666666667
2016-07-08,Green Gram (Moong)(Whole),9,Gujarat,24,Amreli,480,4750,5967.5,5377.5
2016-07-07,Green Gram (Moong)(Whole),9,Gujarat,24,Amreli,480,5305,5305,5305
2016-07-05,Green Gram (Moong)(Whole),9,Gujarat,24,Amreli,480,5025,5902.5,5535
2016-07-04,Green Gram (Moong)(Whole),9,Gujarat,24,Amreli,480,5221.666666666667,6191.666666666667,5893.333333333333
2016-07-02,Green Gram (Moong)(Whole),9,Gujarat,24,Amreli,480,5340,5755,5660
2016-07-01,Green Gram (Moong)(Whole),9,Gujarat,24,Amreli,480,5212.5,6007.5,5737.5
2016-06-30,Green Gram (Moong)(Whole),9,Gujarat,24,Amreli,480,5580,6195,5996.666666666667
2016-06-29,Green Gram (Moong)(Whole),9,Gujarat,24,Amreli,480,5130,6078.333333333333,5656
2016-06-28,Green Gram (Moong)(Whole),9,Gujarat,24,Amreli,480,4686.666666666667,5951.666666666667,5401
2016-06-27,Green Gram (Moong)(Whole),9,Gujarat,24,Amreli,480,5541.666666666667,6238.333333333333,5834.333333333333
2016-06-25,Green Gram (Moong)(Whole),9,Gujarat,24,Amreli,480,5295,6135,5786
2016-06-24,Green Gram (Moong)(Whole),9,Gujarat,24,Amreli,480,5108.333333333333,6326.666666666667,5838.666666666667
2016-06-23,Green Gram (Moong)(Whole),9,Gujarat,24,Amreli,480,4975,6575,6385
2016-06-22,Green Gram (Moong)(Whole),9,Gujarat,24,Amreli,480,4746.666666666667,6115,5281.666666666667
2016-06-21,Green Gram (Moong)(Whole),9,Gujarat,24,Amreli,480,4640,6167.5,5537.5
2016-06-20,Green Gram (Moong)(Whole),9,Gujarat,24,Amreli,480,5258.333333333333,6121.666666666667,5761.666666666667
2016-06-18,Green Gram (Moong)(Whole),9,Gujarat,24,Amreli,480,5156.666666666667,6283.333333333333,5740.333333333333
2016-06-17,Green Gram (Moong)(Whole),9,Gujarat,24,Amreli,480,5193.333333333333,6256.666666666667,5851.666666666667
2016-06-15,Green Gram (Moong)(Whole),9,Gujarat,24,Amreli,480,5250,6451.666666666667,5894.333333333333
2016-06-14,Green Gram (Moong)(Whole),9,Gujarat,24,Amreli,480,4600,6405,5577.666666666667
2016-06-13,Green Gram (Moong)(Whole),9,Gujarat,24,Amreli,480,5012.5,6597.5,5959
2016-06-11,Green Gram (Moong)(Whole),9,Gujarat,24,Amreli,480,5311.666666666667,6321.666666666667,5950
2016-06-10,Green Gram (Moong)(Whole),9,Gujarat,24,Amreli,480,5251.666666666667,6896.666666666667,6168.333333333333
2016-06-09,Green Gram (Moong)(Whole),9,Gujarat,24,Amreli,480,5145,6298.333333333333,5872.666666666667
2016-06-08,Green Gram (Moong)(Whole),9,Gujarat,24,Amreli,480,5035,6250,5810
2016-06-07,Green Gram (Moong)(Whole),9,Gujarat,24,Amreli,480,4986.666666666667,6201.666666666667,5632.666666666667
2016-06-06,Green Gram (Moong)(Whole),9,Gujarat,24,Amreli,480,5385,6051.666666666667,5738.333333333333
2016-06-04,Green Gram (Moong)(Whole),9,Gujarat,24,Amreli,480,4941.666666666667,6103.333333333333,5687
2016-06-03,Green Gram (Moong)(Whole),9,Gujarat,24,Amreli,480,4808.333333333333,5940,5428.333333333333
2016-06-02,Green Gram (Moong)(Whole),9,Gujarat,24,Amreli,480,5123.333333333333,5875,5636
2016-06-01,Green Gram (Moong)(Whole),9,Gujarat,24,Amreli,480,5086.666666666667,5805,5572.666666666667
2016-05-31,Green Gram (Moong)(Whole),9,Gujarat,24,Amreli,480,5138.333333333333,5995,5639.333333333333
2016-05-30,Green Gram (Moong)(Whole),9,Gujarat,24,Amreli,480,5226.666666666667,5881.666666666667,5626.666666666667
2016-05-28,Green Gram (Moong)(Whole),9,Gujarat,24,Amreli,480,5268.333333333333,6015,5767.666666666667
2016-05-27,Green Gram (Moong)(Whole),9,Gujarat,24,Amreli,480,5226.666666666667,5986.666666666667,5748.333333333333
2016-05-26,Green Gram (Moong)(Whole),9,Gujarat,24,Amreli,480,5151.666666666667,6155,5788.333333333333
2016-05-25,Green Gram (Moong)(Whole),9,Gujarat,24,Amreli,480,5041.666666666667,5870,5605
2016-05-24,Green Gram (Moong)(Whole),9,Gujarat,24,Amreli,480,5101.666666666667,6188.333333333333,5633.333333333333
2016-05-23,Green Gram (Moong)(Whole),9,Gujarat,24,Amreli,480,5120,6043.333333333333,5689.333333333333
2016-05-21,Green Gram (Moong)(Whole),9,Gujarat,24,Amreli,480,5588.333333333333,6351.666666666667,5945
2016-05-20,Green Gram (Moong)(Whole),9,Gujarat,24,Amreli,480,5292.5,6155,5724
2016-05-19,Green Gram (Moong)(Whole),9,Gujarat,24,Amreli,480,5812.5,6202.5,6008
2016-05-18,Green Gram (Moong)(Whole),9,Gujarat,24,Amreli,480,5887.5,6837.5,6363
2016-05-17,Green Gram (Moong)(Whole),9,Gujarat,24,Amreli,480,5690,6502.5,6096.5
2016-05-16,Green Gram (Moong)(Whole),9,Gujarat,24,Amreli,480,6002.5,6567.5,6285
2016-05-14,Green Gram (Moong)(Whole),9,Gujarat,24,Amreli,480,5827.5,6390,6109
2016-05-13,Green Gram (Moong)(Whole),9,Gujarat,24,Amreli,480,6350,6500,6425
2016-05-12,Green Gram (Moong)(Whole),9,Gujarat,24,Amreli,480,6137.5,6400,6269
2016-05-11,Green Gram (Moong)(Whole),9,Gujarat,24,Amreli,480,5687.5,6505,6096.5
2016-05-10,Green Gram (Moong)(Whole),9,Gujarat,24,Amreli,480,5867.5,6385,6126.5
2016-05-09,Green Gram (Moong)(Whole),9,Gujarat,24,Amreli,480,5750,6322.5,6036.5
2016-05-07,Green Gram (Moong)(Whole),9,Gujarat,24,Amreli,480,5832.5,7045,6439
2016-05-06,Green Gram (Moong)(Whole),9,Gujarat,24,Amreli,480,5940,6517.5,6229
2016-05-05,Green Gram (Moong)(Whole),9,Gujarat,24,Amreli,480,6295,6782.5,6539
2016-05-04,Green Gram (Moong)(Whole),9,Gujarat,24,Amreli,480,5957.5,6312.5,6135.5
2016-05-03,Green Gram (Moong)(Whole),9,Gujarat,24,Amreli,480,4510,6575,5543
2016-05-02,Green Gram (Moong)(Whole),9,Gujarat,24,Amreli,480,5500,6535,6018
2016-04-30,Green Gram (Moong)(Whole),9,Gujarat,24,Amreli,480,5455,7465,6460
2016-04-29,Green Gram (Moong)(Whole),9,Gujarat,24,Amreli,480,6060,7080,6570
2016-04-28,Green Gram (Moong)(Whole),9,Gujarat,24,Amreli,480,6710,7175,6942.5
2016-04-27,Green Gram (Moong)(Whole),9,Gujarat,24,Amreli,480,6850,7000,6925
2016-04-26,Green Gram (Moong)(Whole),9,Gujarat,24,Amreli,480,6680,7127.5,6904
2016-04-25,Green Gram (Moong)(Whole),9,Gujarat,24,Amreli,480,6255,7500,6878
2016-04-23,Green Gram (Moong)(Whole),9,Gujarat,24,Amreli,480,6625,7575,7100
2016-04-21,Green Gram (Moong)(Whole),9,Gujarat,24,Amreli,480,5562.5,7025,6294
2016-04-19,Green Gram (Moong)(Whole),9,Gujarat,24,Amreli,480,6727.5,7065,6896.5
2016-04-18,Green Gram (Moong)(Whole),9,Gujarat,24,Amreli,480,6000,6000,6000
2016-04-13,Green Gram (Moong)(Whole),9,Gujarat,24,Amreli,480,6000,9000,7500
2016-04-11,Green Gram (Moong)(Whole),9,Gujarat,24,Amreli,480,7250,7250,7250
2016-04-06,Green Gram (Moong)(Whole),9,Gujarat,24,Amreli,480,7500,10000,8750
2016-04-05,Green Gram (Moong)(Whole),9,Gujarat,24,Amreli,480,6700,7975,7338
2016-04-02,Green Gram (Moong)(Whole),9,Gujarat,24,Amreli,480,6350,6605,6478
2016-03-22,Green Gram (Moong)(Whole),9,Gujarat,24,Amreli,480,4200,4200,4200
2016-03-21,Green Gram (Moong)(Whole),9,Gujarat,24,Amreli,480,5555,7630,6593
2016-03-19,Green Gram (Moong)(Whole),9,Gujarat,24,Amreli,480,5500,6510,6005
2016-03-18,Green Gram (Moong)(Whole),9,Gujarat,24,Amreli,480,3930,3930,3930
2016-03-16,Green Gram (Moong)(Whole),9,Gujarat,24,Amreli,480,6800,6800,6800
2016-03-14,Green Gram (Moong)(Whole),9,Gujarat,24,Amreli,480,3500,7500,5500
2016-03-12,Green Gram (Moong)(Whole),9,Gujarat,24,Amreli,480,4500,4500,4500
2016-03-11,Green Gram (Moong)(Whole),9,Gujarat,24,Amreli,480,7505,7855,7680
2016-03-10,Green Gram (Moong)(Whole),9,Gujarat,24,Amreli,480,6016.666666666667,7033.333333333333,6666.666666666667
2016-03-09,Green Gram (Moong)(Whole),9,Gujarat,24,Amreli,480,5677.5,5907.5,5792.5
2016-03-08,Green Gram (Moong)(Whole),9,Gujarat,24,Amreli,480,4050,7255,5653
2016-03-04,Green Gram (Moong)(Whole),9,Gujarat,24,Amreli,480,4505,6250,5378
2016-03-03,Green Gram (Moong)(Whole),9,Gujarat,24,Amreli,480,6730,7980,7355
2016-03-02,Green Gram (Moong)(Whole),9,Gujarat,24,Amreli,480,5852.5,5852.5,5852.5
2016-03-01,Green Gram (Moong)(Whole),9,Gujarat,24,Amreli,480,4705,6950,5828
2016-02-29,Green Gram (Moong)(Whole),9,Gujarat,24,Amreli,480,7500,8627.5,8627.5
2016-02-27,Green Gram (Moong)(Whole),9,Gujarat,24,Amreli,480,5005,6375,6000
2016-02-23,Green Gram (Moong)(Whole),9,Gujarat,24,Amreli,480,6643.333333333333,7318.333333333333,7235
2016-02-22,Green Gram (Moong)(Whole),9,Gujarat,24,Amreli,480,6410,6800,6605
2016-02-19,Green Gram (Moong)(Whole),9,Gujarat,24,Amreli,480,7755,7755,7755
2016-02-17,Green Gram (Moong)(Whole),9,Gujarat,24,Amreli,480,4755,6400,5578
2016-02-16,Green Gram (Moong)(Whole),9,Gujarat,24,Amreli,480,2220,2220,2220
2016-02-15,Green Gram (Moong)(Whole),9,Gujarat,24,Amreli,480,4905,5900,5125
2016-02-13,Green Gram (Moong)(Whole),9,Gujarat,24,Amreli,480,5000,5000,5000
2016-02-12,Green Gram (Moong)(Whole),9,Gujarat,24,Amreli,480,5555,6850,6203
2016-02-10,Green Gram (Moong)(Whole),9,Gujarat,24,Amreli,480,6250,8500,7375
2016-02-09,Green Gram (Moong)(Whole),9,Gujarat,24,Amreli,480,7750,8260,8005
2016-02-08,Green Gram (Moong)(Whole),9,Gujarat,24,Amreli,480,8255,8255,8255
2016-02-06,Green Gram (Moong)(Whole),9,Gujarat,24,Amreli,480,6065,8000,7033
2016-02-04,Green Gram (Moong)(Whole),9,Gujarat,24,Amreli,480,6155,7725,6852.5
2016-02-03,Green Gram (Moong)(Whole),9,Gujarat,24,Amreli,480,6283.333333333333,7420,7185
2016-02-02,Green Gram (Moong)(Whole),9,Gujarat,24,Amreli,480,5000,7000,6000
2016-02-01,Green Gram (Moong)(Whole),9,Gujarat,24,Amreli,480,4250,7380,6450
2016-01-30,Green Gram (Moong)(Whole),9,Gujarat,24,Amreli,480,6117.5,6577.5,6479
2016-01-29,Green Gram (Moong)(Whole),9,Gujarat,24,Amreli,480,6750,7250,7000
2016-01-28,Green Gram (Moong)(Whole),9,Gujarat,24,Amreli,480,6125,7685,7247.5
2016-01-27,Green Gram (Moong)(Whole),9,Gujarat,24,Amreli,480,6375,7822.5,7167.5
2016-01-23,Green Gram (Moong)(Whole),9,Gujarat,24,Amreli,480,7275,7275,7275
2016-01-22,Green Gram (Moong)(Whole),9,Gujarat,24,Amreli,480,7550,8475,8013
2016-01-20,Green Gram (Moong)(Whole),9,Gujarat,24,Amreli,480,5812.5,7550,6857.5
2016-01-19,Green Gram (Moong)(Whole),9,Gujarat,24,Amreli,480,6500,7342.5,6927.5
2016-01-18,Green Gram (Moong)(Whole),9,Gujarat,24,Amreli,480,6375,8187.5,7281.5
2016-01-16,Green Gram (Moong)(Whole),9,Gujarat,24,Amreli,480,7000,8085,7543
2016-01-15,Green Gram (Moong)(Whole),9,Gujarat,24,Amreli,480,6625,6825,6725
2016-01-13,Green Gram (Moong)(Whole),9,Gujarat,24,Amreli,480,7625,9280,8061.5
2016-01-12,Green Gram (Moong)(Whole),9,Gujarat,24,Amreli,480,6075,7291.666666666667,6716.666666666667
2016-01-11,Green Gram (Moong)(Whole),9,Gujarat,24,Amreli,480,6555,7625,7187.5
2016-01-09,Green Gram (Moong)(Whole),9,Gujarat,24,Amreli,480,5712.5,7255,6860
2016-01-08,Green Gram (Moong)(Whole),9,Gujarat,24,Amreli,480,3975,7602.5,4395
2016-01-07,Green Gram (Moong)(Whole),9,Gujarat,24,Amreli,480,5812.5,7475,6644
2016-01-06,Green Gram (Moong)(Whole),9,Gujarat,24,Amreli,480,6877.5,7700,7289
2016-01-05,Green Gram (Moong)(Whole),9,Gujarat,24,Amreli,480,6425,7700,7262.5
2016-01-04,Green Gram (Moong)(Whole),9,Gujarat,24,Amreli,480,5505,5505,5505
2016-01-02,Green Gram (Moong)(Whole),9,Gujarat,24,Amreli,480,6755,8510,7633
2016-01-01,Green Gram (Moong)(Whole),9,Gujarat,24,Amreli,480,6902.5,7690,7422.5
2015-12-31,Green Gram (Moong)(Whole),9,Gujarat,24,Amreli,480,6562.5,8732.5,7659
2015-12-30,Green Gram (Moong)(Whole),9,Gujarat,24,Amreli,480,5793.333333333333,8816.666666666666,7566.666666666667
2015-12-29,Green Gram (Moong)(Whole),9,Gujarat,24,Amreli,480,6958.333333333333,7878.333333333333,7185
2015-12-28,Green Gram (Moong)(Whole),9,Gujarat,24,Amreli,480,6027.5,8752.5,7390
2015-12-26,Green Gram (Moong)(Whole),9,Gujarat,24,Amreli,480,6756.666666666667,7691.666666666667,7224.333333333333
2015-12-25,Green Gram (Moong)(Whole),9,Gujarat,24,Amreli,480,7325,7325,7325
2015-12-23,Green Gram (Moong)(Whole),9,Gujarat,24,Amreli,480,6000,7908.333333333333,7258.333333333333
2015-12-22,Green Gram (Moong)(Whole),9,Gujarat,24,Amreli,480,6001.25,8568.75,7532
2015-12-21,Green Gram (Moong)(Whole),9,Gujarat,24,Amreli,480,7281.25,8553.75,8031.25
2015-12-19,Green Gram (Moong)(Whole),9,Gujarat,24,Amreli,480,7250,8908.333333333334,7986.666666666667
2015-12-18,Green Gram (Moong)(Whole),9,Gujarat,24,Amreli,480,6387.5,8560,7404.5
2015-12-17,Green Gram (Moong)(Whole),9,Gujarat,24,Amreli,480,7502.5,9687.5,8562.5
2015-12-16,Green Gram (Moong)(Whole),9,Gujarat,24,Amreli,480,6566.666666666667,8000,7176.666666666667
2015-12-15,Green Gram (Moong)(Whole),9,Gujarat,24,Amreli,480,7900,9062.5,8481.5
2015-12-14,Green Gram (Moong)(Whole),9,Gujarat,24,Amreli,480,6500,8500,7500
2015-12-12,Green Gram (Moong)(Whole),9,Gujarat,24,Amreli,480,7252.5,9065,8171.5
2015-12-11,Green Gram (Moong)(Whole),9,Gujarat,24,Amreli,480,6141.666666666667,8476.666666666666,7659.333333333333
2015-12-10,Green Gram (Moong)(Whole),9,Gujarat,24,Amreli,480,5923.75,8208.75,7306.25
2015-12-09,Green Gram (Moong)(Whole),9,Gujarat,24,Amreli,480,6650,8183.75,7409.5
2015-12-08,Green Gram (Moong)(Whole),9,Gujarat,24,Amreli,480,6865,8232.5,7797.5
2015-12-07,Green Gram (Moong)(Whole),9,Gujarat,24,Amreli,480,5986.666666666667,8625,7264.333333333333
2015-12-05,Green Gram (Moong)(Whole),9,Gujarat,24,Amreli,480,6610,8475,7911
2015-12-04,Green Gram (Moong)(Whole),9,Gujarat,24,Amreli,480,6637.5,8938.75,7788.25
2015-12-03,Green Gram (Moong)(Whole),9,Gujarat,24,Amreli,480,6670,9460,8357
2015-12-02,Green Gram (Moong)(Whole),9,Gujarat,24,Amreli,480,6775,9370,8232
2015-12-01,Green Gram (Moong)(Whole),9,Gujarat,24,Amreli,480,6356.25,9312.5,8140.75
2015-11-30,Green Gram (Moong)(Whole),9,Gujarat,24,Amreli,480,6766.666666666667,10200,8483.333333333334
2015-11-28,Green Gram (Moong)(Whole),9,Gujarat,24,Amreli,480,6745,8491.666666666666,7513.333333333333
2015-11-27,Green Gram (Moong)(Whole),9,Gujarat,24,Amreli,480,6520,8977.5,7873.25
2015-11-26,Green Gram (Moong)(Whole),9,Gujarat,24,Amreli,480,6762.5,8502.5,7620
2015-11-25,Green Gram (Moong)(Whole),9,Gujarat,24,Amreli,480,7416.25,9180,8327.5
2015-11-24,Green Gram (Moong)(Whole),9,Gujarat,24,Amreli,480,6711.666666666667,8581.666666666666,7826.666666666667
2015-11-23,Green Gram (Moong)(Whole),9,Gujarat,24,Amreli,480,6348.75,9001.25,7750
2015-11-21,Green Gram (Moong)(Whole),9,Gujarat,24,Amreli,480,6843.75,8213.75,7688.25
2015-11-20,Green Gram (Moong)(Whole),9,Gujarat,24,Amreli,480,6071.25,8217.5,7332.5
2015-11-19,Green Gram (Moong)(Whole),9,Gujarat,24,Amreli,480,6456.25,8838.75,7728.75
2015-11-18,Green Gram (Moong)(Whole),9,Gujarat,24,Amreli,480,6545,7802.5,7129
2015-11-17,Green Gram (Moong)(Whole),9,Gujarat,24,Amreli,480,7092.5,8325,7733.25
2015-11-16,Green Gram (Moong)(Whole),9,Gujarat,24,Amreli,480,7585,8971.666666666666,8302.666666666666
2015-11-07,Green Gram (Moong)(Whole),9,Gujarat,24,Amreli,480,6693.75,9081.25,7890.75
2015-11-06,Green Gram (Moong)(Whole),9,Gujarat,24,Amreli,480,7058.333333333333,11091.666666666666,8751.666666666666
2015-11-05,Green Gram (Moong)(Whole),9,Gujarat,24,Amreli,480,6700,8702.5,7601.25
2015-11-04,Green Gram (Moong)(Whole),9,Gujarat,24,Amreli,480,7065,9375,8306.25
2015-11-03,Green Gram (Moong)(Whole),9,Gujarat,24,Amreli,480,5975,8906.25,7625
2015-11-02,Green Gram (Moong)(Whole),9,Gujarat,24,Amreli,480,7087.5,8196.25,7713.25
2015-10-30,Green Gram (Moong)(Whole),9,Gujarat,24,Amreli,480,7670,8701.666666666666,8307.666666666666
2015-10-29,Green Gram (Moong)(Whole),9,Gujarat,24,Amreli,480,7251.25,8551.25,7901.25
2015-10-28,Green Gram (Moong)(Whole),9,Gujarat,24,Amreli,480,7757.5,8402.5,7842.5
2015-10-27,Green Gram (Moong)(Whole),9,Gujarat,24,Amreli,480,6933.333333333333,9726.666666666666,8183.333333333333
2015-10-26,Green Gram (Moong)(Whole),9,Gujarat,24,Amreli,480,6343.333333333333,7993.333333333333,7243.333333333333
2015-10-23,Green Gram (Moong)(Whole),9,Gujarat,24,Amreli,480,7157.5,8450,7815.75
2015-10-21,Green Gram (Moong)(Whole),9,Gujarat,24,Amreli,480,7236.666666666667,8426.666666666666,7737.666666666667
2015-10-20,Green Gram (Moong)(Whole),9,Gujarat,24,Amreli,480,7188.75,8401.25,7680.75
2015-10-19,Green Gram (Moong)(Whole),9,Gujarat,24,Amreli,480,7301.25,8277.5,7860.75
2015-10-17,Green Gram (Moong)(Whole),9,Gujarat,24,Amreli,480,6835,9150,8481
2015-10-16,Green Gram (Moong)(Whole),9,Gujarat,24,Amreli,480,6063.75,8801.25,7717
2015-10-15,Green Gram (Moong)(Whole),9,Gujarat,24,Amreli,480,7422.75,9833.75,8210
2015-10-14,Green Gram (Moong)(Whole),9,Gujarat,24,Amreli,480,6150,8515,7895
2015-10-13,Green Gram (Moong)(Whole),9,Gujarat,24,Amreli,480,6325,8700,7730
2015-10-12,Green Gram (Moong)(Whole),9,Gujarat,24,Amreli,480,7136.666666666667,8553.333333333334,8305
2015-10-10,Green Gram (Moong)(Whole),9,Gujarat,24,Amreli,480,6751.666666666667,8563.333333333334,7681
2015-10-09,Green Gram (Moong)(Whole),9,Gujarat,24,Amreli,480,7193.333333333333,8218.333333333334,7745.333333333333
2015-10-08,Green Gram (Moong)(Whole),9,Gujarat,24,Amreli,480,5083.333333333333,8225,7193.333333333333
2015-10-07,Green Gram (Moong)(Whole),9,Gujarat,24,Amreli,480,6933.333333333333,8643.333333333334,7962.666666666667
2015-10-06,Green Gram (Moong)(Whole),9,Gujarat,24,Amreli,480,6916.666666666667,8666.666666666666,8043.333333333333
2015-10-05,Green Gram (Moong)(Whole),9,Gujarat,24,Amreli,480,5500,8462.5,6981.5
2015-10-03,Green Gram (Moong)(Whole),9,Gujarat,24,Amreli,480,6412.5,8275,7344
2015-10-01,Green Gram (Moong)(Whole),9,Gujarat,24,Amreli,480,6665,8015,7340.5
2015-09-30,Green Gram (Moong)(Whole),9,Gujarat,24,Amreli,480,4750,8518.333333333334,7192.666666666667
2015-09-29,Green Gram (Moong)(Whole),9,Gujarat,24,Amreli,480,6666.666666666667,8100,7508.333333333333
2015-09-28,Green Gram (Moong)(Whole),9,Gujarat,24,Amreli,480,6113.333333333333,7991.666666666667,7386
2015-09-26,Green Gram (Moong)(Whole),9,Gujarat,24,Amreli,480,6721.666666666667,8083.333333333333,7465
2015-09-24,Green Gram (Moong)(Whole),9,Gujarat,24,Amreli,480,5416.666666666667,7785,6887.666666666667
2015-09-23,Green Gram (Moong)(Whole),9,Gujarat,24,Amreli,480,5848.333333333333,7665,6849.333333333333
2015-09-22,Green Gram (Moong)(Whole),9,Gujarat,24,Amreli,480,5600,7766.666666666667,7043.333333333333
2015-09-21,Green Gram (Moong)(Whole),9,Gujarat,24,Amreli,480,5453.333333333333,7500,6754.333333333333
2015-09-19,Green Gram (Moong)(Whole),9,Gujarat,24,Amreli,480,7125,7725,7725
2015-09-18,Green Gram (Moong)(Whole),9,Gujarat,24,Amreli,480,6728.333333333333,7650,7361.666666666667
2015-09-17,Green Gram (Moong)(Whole),9,Gujarat,24,Amreli,480,6150,8355,7250
2015-09-16,Green Gram (Moong)(Whole),9,Gujarat,24,Amreli,480,6020,7700,6935.333333333333
2015-09-15,Green Gram (Moong)(Whole),9,Gujarat,24,Amreli,480,6220,7530,6926.666666666667
2015-09-14,Green Gram (Moong)(Whole),9,Gujarat,24,Amreli,480,5585,7545,7165
2015-09-12,Green Gram (Moong)(Whole),9,Gujarat,24,Amreli,480,6050,7833.333333333333,6956
2015-09-11,Green Gram (Moong)(Whole),9,Gujarat,24,Amreli,480,5777.5,7912.5,7356.5
2015-09-10,Green Gram (Moong)(Whole),9,Gujarat,24,Amreli,480,5535,7677.5,7460
2015-09-09,Green Gram (Moong)(Whole),9,Gujarat,24,Amreli,480,6251.666666666667,7670,7245
2015-09-08,Green Gram (Moong)(Whole),9,Gujarat,24,Amreli,480,6081.666666666667,7838.333333333333,7205.333333333333
2015-09-07,Green Gram (Moong)(Whole),9,Gujarat,24,Amreli,480,4505,8100,7505
2015-09-03,Green Gram (Moong)(Whole),9,Gujarat,24,Amreli,480,5850,6782.5,6327.5
2015-09-02,Green Gram (Moong)(Whole),9,Gujarat,24,Amreli,480,5598.333333333333,6926.666666666667,6422.666666666667
2015-09-01,Green Gram (Moong)(Whole),9,Gujarat,24,Amreli,480,5976.666666666667,6861.666666666667,6627.666666666667
2015-08-31,Green Gram (Moong)(Whole),9,Gujarat,24,Amreli,480,5225,7050,6371.5
2015-08-28,Green Gram (Moong)(Whole),9,Gujarat,24,Amreli,480,5255,7310,7230
2015-08-26,Green Gram (Moong)(Whole),9,Gujarat,24,Amreli,480,6795,6795,6795
2015-08-25,Green Gram (Moong)(Whole),9,Gujarat,24,Amreli,480,5801.666666666667,6418.333333333333,6193.333333333333
2015-08-24,Green Gram (Moong)(Whole),9,Gujarat,24,Amreli,480,5763.333333333333,6563.333333333333,6285
2015-08-22,Green Gram (Moong)(Whole),9,Gujarat,24,Amreli,480,6340,6668.333333333333,6568.333333333333
2015-08-21,Green Gram (Moong)(Whole),9,Gujarat,24,Amreli,480,5916.666666666667,7226.666666666667,6787.666666666667
2015-08-20,Green Gram (Moong)(Whole),9,Gujarat,24,Amreli,480,6158.333333333333,6621.666666666667,6407
2015-08-19,Green Gram (Moong)(Whole),9,Gujarat,24,Amreli,480,5768.333333333333,6618.333333333333,6220
2015-08-18,Green Gram (Moong)(Whole),9,Gujarat,24,Amreli,480,6410,6847.5,6629
2015-08-17,Green Gram (Moong)(Whole),9,Gujarat,24,Amreli,480,5787.5,6037.5,5912.5
2015-08-14,Green Gram (Moong)(Whole),9,Gujarat,24,Amreli,480,5815,6110,5865
2015-08-13,Green Gram (Moong)(Whole),9,Gujarat,24,Amreli,480,5125,6312.5,5900
2015-08-12,Green Gram (Moong)(Whole),9,Gujarat,24,Amreli,480,4950,6635,5945
2015-08-11,Green Gram (Moong)(Whole),9,Gujarat,24,Amreli,480,5375,6375,6125
2015-08-10,Green Gram (Moong)(Whole),9,Gujarat,24,Amreli,480,5252.5,5912.5,5730
2015-08-08,Green Gram (Moong)(Whole),9,Gujarat,24,Amreli,480,5327.5,5327.5,5327.5
2015-08-07,Green Gram (Moong)(Whole),9,Gujarat,24,Amreli,480,4630,5812.5,4907.5
2015-08-06,Green Gram (Moong)(Whole),9,Gujarat,24,Amreli,480,5537.5,6062.5,5831.5
2015-08-05,Green Gram (Moong)(Whole),9,Gujarat,24,Amreli,480,5500,6040,5755
2015-08-04,Green Gram (Moong)(Whole),9,Gujarat,24,Amreli,480,5627.5,5775,5650
2015-08-01,Green Gram (Moong)(Whole),9,Gujarat,24,Amreli,480,5402.5,5902.5,5652.5
2015-07-31,Green Gram (Moong)(Whole),9,Gujarat,24,Amreli,480,5500,6460,6460
2015-07-30,Green Gram (Moong)(Whole),9,Gujarat,24,Amreli,480,4570,6502.5,6077.5
2015-07-29,Green Gram (Moong)(Whole),9,Gujarat,24,Amreli,480,5250,6425,5838
2015-07-28,Green Gram (Moong)(Whole),9,Gujarat,24,Amreli,480,6237.5,6737.5,6487.5
2015-07-27,Green Gram (Moong)(Whole),9,Gujarat,24,Amreli,480,5250,5700,5475
2015-07-25,Green Gram (Moong)(Whole),9,Gujarat,24,Amreli,480,5377.5,6875,6352.5
2015-07-24,Green Gram (Moong)(Whole),9,Gujarat,24,Amreli,480,6900,6900,6900
2015-07-23,Green Gram (Moong)(Whole),9,Gujarat,24,Amreli,480,5205,5205,5205
2015-07-22,Green Gram (Moong)(Whole),9,Gujarat,24,Amreli,480,5352.5,6000,5875
2015-07-21,Green Gram (Moong)(Whole),9,Gujarat,24,Amreli,480,5465,6625,6625
2015-07-20,Green Gram (Moong)(Whole),9,Gujarat,24,Amreli,480,5750,6755,6755
2015-07-17,Green Gram (Moong)(Whole),9,Gujarat,24,Amreli,480,6062.5,6187.5,6125
2015-07-16,Green Gram (Moong)(Whole),9,Gujarat,24,Amreli,480,6220,6445,6351.5
2015-07-15,Green Gram (Moong)(Whole),9,Gujarat,24,Amreli,480,3355,6325,5605
2015-07-14,Green Gram (Moong)(Whole),9,Gujarat,24,Amreli,480,6600,6702.5,6702.5
2015-07-13,Green Gram (Moong)(Whole),9,Gujarat,24,Amreli,480,5465,6650,6625
2015-07-11,Green Gram (Moong)(Whole),9,Gujarat,24,Amreli,480,5147.5,6725,6425
2015-07-10,Green Gram (Moong)(Whole),9,Gujarat,24,Amreli,480,4916.666666666667,6591.666666666667,6112.666666666667
2015-07-09,Green Gram (Moong)(Whole),9,Gujarat,24,Amreli,480,4995,6390,6202.5
2015-07-08,Green Gram (Moong)(Whole),9,Gujarat,24,Amreli,480,6121.666666666667,6625,6495
2015-07-07,Green Gram (Moong)(Whole),9,Gujarat,24,Amreli,480,5550,6375,6253.333333333333
2015-07-06,Green Gram (Moong)(Whole),9,Gujarat,24,Amreli,480,6530,6865,6630
2015-07-04,Green Gram (Moong)(Whole),9,Gujarat,24,Amreli,480,5500,6766.666666666667,6490
2015-07-03,Green Gram (Moong)(Whole),9,Gujarat,24,Amreli,480,5751.666666666667,7168.333333333333,6573.333333333333
2015-07-02,Green Gram (Moong)(Whole),9,Gujarat,24,Amreli,480,5166.666666666667,7500,6500
2015-07-01,Green Gram (Moong)(Whole),9,Gujarat,24,Amreli,480,5251.666666666667,6468.333333333333,6250
2015-06-30,Green Gram (Moong)(Whole),9,Gujarat,24,Amreli,480,5775,6773.333333333333,6610
2015-06-29,Green Gram (Moong)(Whole),9,Gujarat,24,Amreli,480,5166.666666666667,7651.666666666667,6661
2015-06-27,Green Gram (Moong)(Whole),9,Gujarat,24,Amreli,480,5057.5,6500,6312.5
2015-06-26,Green Gram (Moong)(Whole),9,Gujarat,24,Amreli,480,6075,6965,6520
2015-06-25,Green Gram (Moong)(Whole),9,Gujarat,24,Amreli,480,6900,6900,6900
2015-06-23,Green Gram (Moong)(Whole),9,Gujarat,24,Amreli,480,6500,6750,6625
2015-06-22,Green Gram (Moong)(Whole),9,Gujarat,24,Amreli,480,5105,7371.666666666667,6706
2015-06-20,Green Gram (Moong)(Whole),9,Gujarat,24,Amreli,480,6183.333333333333,7353.333333333333,6874
2015-06-19,Green Gram (Moong)(Whole),9,Gujarat,24,Amreli,480,6010,7081.666666666667,6718.333333333333
2015-06-18,Green Gram (Moong)(Whole),9,Gujarat,24,Amreli,480,6583.333333333333,7081.666666666667,6716.666666666667
2015-06-17,Green Gram (Moong)(Whole),9,Gujarat,24,Amreli,480,6353.333333333333,7018.333333333333,6739.333333333333
2015-06-16,Green Gram (Moong)(Whole),9,Gujarat,24,Amreli,480,6445,7126.666666666667,6816
2015-06-15,Green Gram (Moong)(Whole),9,Gujarat,24,Amreli,480,6183.333333333333,7135,6696
2015-06-13,Green Gram (Moong)(Whole),9,Gujarat,24,Amreli,480,6785,7180,7003.333333333333
2015-06-12,Green Gram (Moong)(Whole),9,Gujarat,24,Amreli,480,6695,7123.333333333333,6942.666666666667
2015-06-11,Green Gram (Moong)(Whole),9,Gujarat,24,Amreli,480,6535,7318.333333333333,7016
2015-06-10,Green Gram (Moong)(Whole),9,Gujarat,24,Amreli,480,6081.666666666667,6985,6762.666666666667
2015-06-09,Green Gram (Moong)(Whole),9,Gujarat,24,Amreli,480,5555,7175,6627.666666666667
2015-06-08,Green Gram (Moong)(Whole),9,Gujarat,24,Amreli,480,6125,7172.5,7000
2015-06-06,Green Gram (Moong)(Whole),9,Gujarat,24,Amreli,480,6226.666666666667,7323.333333333333,7014.333333333333
2015-06-05,Green Gram (Moong)(Whole),9,Gujarat,24,Amreli,480,6470,7226.666666666667,7022.666666666667
2015-06-04,Green Gram (Moong)(Whole),9,Gujarat,24,Amreli,480,6151.666666666667,7405,7018.333333333333
2015-06-03,Green Gram (Moong)(Whole),9,Gujarat,24,Amreli,480,6211.666666666667,7413.333333333333,6764.333333333333
2015-06-02,Green Gram (Moong)(Whole),9,Gujarat,24,Amreli,480,6695,7361.666666666667,7127.333333333333
2015-06-01,Green Gram (Moong)(Whole),9,Gujarat,24,Amreli,480,6666.666666666667,7351.666666666667,6983.333333333333
2015-05-30,Green Gram (Moong)(Whole),9,Gujarat,24,Amreli,480,6250,6875,6563
2015-05-28,Green Gram (Moong)(Whole),9,Gujarat,24,Amreli,480,5860,6958.333333333333,6466.666666666667
2015-05-27,Green Gram (Moong)(Whole),9,Gujarat,24,Amreli,480,6141.666666666667,7091.666666666667,6797.666666666667
2015-05-26,Green Gram (Moong)(Whole),9,Gujarat,24,Amreli,480,6613.333333333333,7333.333333333333,7006
2015-05-25,Green Gram (Moong)(Whole),9,Gujarat,24,Amreli,480,6485,7330,6980
2015-05-23,Green Gram (Moong)(Whole),9,Gujarat,24,Amreli,480,6625,7437.5,7206.5
2015-05-22,Green Gram (Moong)(Whole),9,Gujarat,24,Amreli,480,6601.666666666667,7663.333333333333,7252.666666666667
2015-05-21,Green Gram (Moong)(Whole),9,Gujarat,24,Amreli,480,6750,7650,7330
2015-05-20,Green Gram (Moong)(Whole),9,Gujarat,24,Amreli,480,6758.333333333333,8235,7312.666666666667
2015-05-19,Green Gram (Moong)(Whole),9,Gujarat,24,Amreli,480,6961.666666666667,7663.333333333333,7358.333333333333
2015-05-18,Green Gram (Moong)(Whole),9,Gujarat,24,Amreli,480,6741.666666666667,7918.333333333333,7483.333333333333
2015-05-16,Green Gram (Moong)(Whole),9,Gujarat,24,Amreli,480,6635,7843.333333333333,7269.333333333333
2015-05-15,Green Gram (Moong)(Whole),9,Gujarat,24,Amreli,480,7050,7728.333333333333,7385
2015-05-14,Green Gram (Moong)(Whole),9,Gujarat,24,Amreli,480,6993.333333333333,7803.333333333333,7458.666666666667
2015-05-13,Green Gram (Moong)(Whole),9,Gujarat,24,Amreli,480,7127.5,7825,7476.5
2015-05-12,Green Gram (Moong)(Whole),9,Gujarat,24,Amreli,480,5875,7953.333333333333,7241.666666666667
2015-05-11,Green Gram (Moong)(Whole),9,Gujarat,24,Amreli,480,7311.666666666667,8155,7750
2015-05-09,Green Gram (Moong)(Whole),9,Gujarat,24,Amreli,480,6825,8383.333333333334,7951.666666666667
2015-05-08,Green Gram (Moong)(Whole),9,Gujarat,24,Amreli,480,7952.5,8417.5,8136.5
2015-05-07,Green Gram (Moong)(Whole),9,Gujarat,24,Amreli,480,6750,8190,7535
2015-05-06,Green Gram (Moong)(Whole),9,Gujarat,24,Amreli,480,6608.333333333333,8575,7971
2015-05-05,Green Gram (Moong)(Whole),9,Gujarat,24,Amreli,480,7190,8151.666666666667,7624.333333333333
2015-05-04,Green Gram (Moong)(Whole),9,Gujarat,24,Amreli,480,7378.333333333333,7926.666666666667,7626
2015-05-02,Green Gram (Moong)(Whole),9,Gujarat,24,Amreli,480,7170,7965,7596.666666666667
2015-05-01,Green Gram (Moong)(Whole),9,Gujarat,24,Amreli,480,6896.666666666667,7996.666666666667,7446.666666666667
2015-04-30,Green Gram (Moong)(Whole),9,Gujarat,24,Amreli,480,7667.5,8030,7874
2015-04-29,Green Gram (Moong)(Whole),9,Gujarat,24,Amreli,480,6025,7626.666666666667,6869.333333333333
2015-04-28,Green Gram (Moong)(Whole),9,Gujarat,24,Amreli,480,6552,7925.333333333333,7535.333333333333
2015-04-27,Green Gram (Moong)(Whole),9,Gujarat,24,Amreli,480,7280,8215,7766.5
2015-04-25,Green Gram (Moong)(Whole),9,Gujarat,24,Amreli,480,6750,7155,7060
2015-04-24,Green Gram (Moong)(Whole),9,Gujarat,24,Amreli,480,6807.5,8177.5,7504
2015-04-23,Green Gram (Moong)(Whole),9,Gujarat,24,Amreli,480,7817.5,7817.5,7817.5
2015-04-22,Green Gram (Moong)(Whole),9,Gujarat,24,Amreli,480,7000,8250,8230
2015-04-21,Green Gram (Moong)(Whole),9,Gujarat,24,Amreli,480,7700,8100,7900
2015-04-20,Green Gram (Moong)(Whole),9,Gujarat,24,Amreli,480,5250,7425,6338
2015-04-18,Green Gram (Moong)(Whole),9,Gujarat,24,Amreli,480,7305,7687.5,7496.5
2015-04-17,Green Gram (Moong)(Whole),9,Gujarat,24,Amreli,480,8302.5,8337.5,8337.5
2015-04-16,Green Gram (Moong)(Whole),9,Gujarat,24,Amreli,480,7265,7265,7265
2015-04-15,Green Gram (Moong)(Whole),9,Gujarat,24,Amreli,480,7053.333333333333,8315,7616
2015-04-13,Green Gram (Moong)(Whole),9,Gujarat,24,Amreli,480,6750,6750,6750
2015-04-11,Green Gram (Moong)(Whole),9,Gujarat,24,Amreli,480,6750,6750,6750
2015-04-10,Green Gram (Moong)(Whole),9,Gujarat,24,Amreli,480,8500,9500,9000
2015-04-07,Green Gram (Moong)(Whole),9,Gujarat,24,Amreli,480,7735,7735,7735
2015-04-06,Green Gram (Moong)(Whole),9,Gujarat,24,Amreli,480,7175,9255,8215
2015-04-02,Green Gram (Moong)(Whole),9,Gujarat,24,Amreli,480,5995,6625,6625
2015-03-26,Green Gram (Moong)(Whole),9,Gujarat,24,Amreli,480,8255,8255,8255
2015-03-24,Green Gram (Moong)(Whole),9,Gujarat,24,Amreli,480,8305,8305,8305
2015-03-23,Green Gram (Moong)(Whole),9,Gujarat,24,Amreli,480,6875,6875,6875
2015-03-21,Green Gram (Moong)(Whole),9,Gujarat,24,Amreli,480,8152.5,8705,8705
2015-03-20,Green Gram (Moong)(Whole),9,Gujarat,24,Amreli,480,6350,6350,6350
2015-03-18,Green Gram (Moong)(Whole),9,Gujarat,24,Amreli,480,6750,6750,6750
2015-03-17,Green Gram (Moong)(Whole),9,Gujarat,24,Amreli,480,6918.333333333333,7920,7711.666666666667
2015-03-16,Green Gram (Moong)(Whole),9,Gujarat,24,Amreli,480,7000,7000,7000
2015-03-14,Green Gram (Moong)(Whole),9,Gujarat,24,Amreli,480,7070,7070,7070
2015-03-12,Green Gram (Moong)(Whole),9,Gujarat,24,Amreli,480,6327.5,7510,6919
2015-03-11,Green Gram (Moong)(Whole),9,Gujarat,24,Amreli,480,7625,9355,8490
2015-03-10,Green Gram (Moong)(Whole),9,Gujarat,24,Amreli,480,6921.666666666667,7630,7463.333333333333
2015-03-09,Green Gram (Moong)(Whole),9,Gujarat,24,Amreli,480,7500,7900,7700
2015-03-05,Green Gram (Moong)(Whole),9,Gujarat,24,Amreli,480,7755,7755,7755
2015-03-04,Green Gram (Moong)(Whole),9,Gujarat,24,Amreli,480,6482.5,7775,7129
2015-03-03,Green Gram (Moong)(Whole),9,Gujarat,24,Amreli,480,5600,8255,7555
2015-03-02,Green Gram (Moong)(Whole),9,Gujarat,24,Amreli,480,5305,9055,7180
2015-02-28,Green Gram (Moong)(Whole),9,Gujarat,24,Amreli,480,7018.333333333333,7743.333333333333,7376.666666666667
2015-02-27,Green Gram (Moong)(Whole),9,Gujarat,24,Amreli,480,7523.333333333333,8778.333333333334,8125
2015-02-26,Green Gram (Moong)(Whole),9,Gujarat,24,Amreli,480,6500,6500,6500
2015-02-21,Green Gram (Moong)(Whole),9,Gujarat,24,Amreli,480,8337.5,8585,8544
2015-02-20,Green Gram (Moong)(Whole),9,Gujarat,24,Amreli,480,7580,8000,8000
2015-02-18,Green Gram (Moong)(Whole),9,Gujarat,24,Amreli,480,7325,7950,7950
2015-02-14,Green Gram (Moong)(Whole),9,Gujarat,24,Amreli,480,6000,8000,7000
2015-02-12,Green Gram (Moong)(Whole),9,Gujarat,24,Amreli,480,6880,9155,8017.5
2015-02-11,Green Gram (Moong)(Whole),9,Gujarat,24,Amreli,480,7015,8940,7977.5
2015-02-09,Green Gram (Moong)(Whole),9,Gujarat,24,Amreli,480,7565,8815,8190
2015-02-04,Green Gram (Moong)(Whole),9,Gujarat,24,Amreli,480,6000,8000,7000
2015-02-03,Green Gram (Moong)(Whole),9,Gujarat,24,Amreli,480,6757.5,8377.5,7567.5
2015-02-02,Green Gram (Moong)(Whole),9,Gujarat,24,Amreli,480,7180,8240,7901.5
2015-01-31,Green Gram (Moong)(Whole),9,Gujarat,24,Amreli,480,7255,10255,8755
2015-01-30,Green Gram (Moong)(Whole),9,Gujarat,24,Amreli,480,4760,8265,8260
2015-01-29,Green Gram (Moong)(Whole),9,Gujarat,24,Amreli,480,8500,8500,8500
2015-01-28,Green Gram (Moong)(Whole),9,Gujarat,24,Amreli,480,6500,7750,7125
2015-01-27,Green Gram (Moong)(Whole),9,Gujarat,24,Amreli,480,7332.5,7832.5,7582.5
2015-01-24,Green Gram (Moong)(Whole),9,Gujarat,24,Amreli,480,7652.5,8217.5,8217.5
2015-01-23,Green Gram (Moong)(Whole),9,Gujarat,24,Amreli,480,7141.666666666667,8140,7806.666666666667
2015-01-22,Green Gram (Moong)(Whole),9,Gujarat,24,Amreli,480,5875,7807.5,7129
2015-01-21,Green Gram (Moong)(Whole),9,Gujarat,24,Amreli,480,6600,7802.5,7176.5
2015-01-20,Green Gram (Moong)(Whole),9,Gujarat,24,Amreli,480,6250,7250,6750
2015-01-19,Green Gram (Moong)(Whole),9,Gujarat,24,Amreli,480,6736.666666666667,8053.333333333333,7543.333333333333
2015-01-17,Green Gram (Moong)(Whole),9,Gujarat,24,Amreli,480,8378.333333333334,9363.333333333334,8871
2015-01-16,Green Gram (Moong)(Whole),9,Gujarat,24,Amreli,480,6700,8690,7896.5
2015-01-15,Green Gram (Moong)(Whole),9,Gujarat,24,Amreli,480,5755,8605,8130
2015-01-13,Green Gram (Moong)(Whole),9,Gujarat,24,Amreli,480,7865,8570,8351.5
2015-01-12,Green Gram (Moong)(Whole),9,Gujarat,24,Amreli,480,6498.333333333333,8691.666666666666,7700
2015-01-10,Green Gram (Moong)(Whole),9,Gujarat,24,Amreli,480,8585,8600,8593
2015-01-09,Green Gram (Moong)(Whole),9,Gujarat,24,Amreli,480,7660,8527.5,8094
2015-01-08,Green Gram (Moong)(Whole),9,Gujarat,24,Amreli,480,7630,8625,8127.5
2015-01-07,Green Gram (Moong)(Whole),9,Gujarat,24,Amreli,480,7545,8135,7893.666666666667
2015-01-06,Green Gram (Moong)(Whole),9,Gujarat,24,Amreli,480,7211.666666666667,8503.333333333334,8001
2015-01-05,Green Gram (Moong)(Whole),9,Gujarat,24,Amreli,480,7051.666666666667,8466.666666666666,7726
2015-01-03,Green Gram (Moong)(Whole),9,Gujarat,24,Amreli,480,7255,8500,7878
2015-01-02,Green Gram (Moong)(Whole),9,Gujarat,24,Amreli,480,7285,8627.5,7956.5
2015-01-01,Green Gram (Moong)(Whole),9,Gujarat,24,Amreli,480,6850,8255,7553
