date,commodity,commodity_id,state,state_id,district,district_id,price_min,price_max,price_modal
2025-03-01,Groundnut,10,Karnataka,29,Bagalkot,556,2790,6160,5173
2025-02-28,Groundnut,10,Karnataka,29,Bagalkot,556,2500,6111,4568
2025-02-25,Groundnut,10,Karnataka,29,Bagalkot,556,2670,6070,4770
2025-02-24,Groundnut,10,Karnataka,29,Bagalkot,556,2570,6109,5340
2025-02-21,Groundnut,10,Karnataka,29,Bagalkot,556,3009,6080,4957
2025-02-20,Groundnut,10,Karnataka,29,Bagalkot,556,2860,6049,4550
2025-02-19,Groundnut,10,Karnataka,29,Bagalkot,556,3019,6069,5401
2025-02-18,Groundnut,10,Karnataka,29,Bagalkot,556,2890,5640,4132
2025-02-15,Groundnut,10,Karnataka,29,Bagalkot,556,3010,5639,3634
2025-02-14,Groundnut,10,Karnataka,29,Bagalkot,556,3119,6050,5378
2025-02-13,Groundnut,10,Karnataka,29,Bagalkot,556,3209,5925,5170
2025-02-12,Groundnut,10,Karnataka,29,Bagalkot,556,5700,5880,5816
2025-02-11,Groundnut,10,Karnataka,29,Bagalkot,556,5700,5875,5746
2025-02-10,Groundnut,10,Karnataka,29,Bagalkot,556,2691,5840,4554
2025-02-07,Groundnut,10,Karnataka,29,Bagalkot,556,4810,5810,5368
2025-02-06,Groundnut,10,Karnataka,29,Bagalkot,556,3992,5700,5239
2025-02-05,Groundnut,10,Karnataka,29,Bagalkot,556,5475,5650,5609
2025-02-04,Groundnut,10,Karnataka,29,Bagalkot,556,4569,5725,5327
2025-02-03,Groundnut,10,Karnataka,29,Bagalkot,556,2700,5569,4560
2025-02-01,Groundnut,10,Karnataka,29,Bagalkot,556,3220,5775,5407
2025-01-31,Groundnut,10,Karnataka,29,Bagalkot,556,4511,5555,5128
2025-01-30,Groundnut,10,Karnataka,29,Bagalkot,556,3100,5521,5128
2025-01-28,Groundnut,10,Karnataka,29,Bagalkot,556,3010,5410,5069
2025-01-27,Groundnut,10,Karnataka,29,Bagalkot,556,3033,5510,4634
2025-01-24,Groundnut,10,Karnataka,29,Bagalkot,556,5511,5570,5555
2025-01-23,Groundnut,10,Karnataka,29,Bagalkot,556,5890,6119,5961
2025-01-21,Groundnut,10,Karnataka,29,Bagalkot,556,3470,4120,3902
2025-01-18,Groundnut,10,Karnataka,29,Bagalkot,556,2700,5770,4429
2025-01-17,Groundnut,10,Karnataka,29,Bagalkot,556,6210,6210,6210
2025-01-16,Groundnut,10,Karnataka,29,Bagalkot,556,3140,5121,3617
2025-01-15,Groundnut,10,Karnataka,29,Bagalkot,556,3070,6300,5774
2025-01-11,Groundnut,10,Karnataka,29,Bagalkot,556,6400,6400,6400
2025-01-10,Groundnut,10,Karnataka,29,Bagalkot,556,4710,6275,5492
2025-01-07,Groundnut,10,Karnataka,29,Bagalkot,556,5520,5520,5520
2024-12-12,Groundnut,10,Karnataka,29,Bagalkot,556,5610,5610,5610
2024-12-09,Groundnut,10,Karnataka,29,Bagalkot,556,4612,4612,4612
2024-11-12,Groundnut,10,Karnataka,29,Bagalkot,556,2511,4011,3742
2024-11-04,Groundnut,10,Karnataka,29,Bagalkot,556,1890,5225,4391
2024-11-02,Groundnut,10,Karnataka,29,Bagalkot,556,3370,5229,4636
2024-10-21,Groundnut,10,Karnataka,29,Bagalkot,556,5199,5199,5199
2024-09-30,Groundnut,10,Karnataka,29,Bagalkot,556,4011,6289,5312
2024-09-27,Groundnut,10,Karnataka,29,Bagalkot,556,4819,6719,5570
2024-09-25,Groundnut,10,Karnataka,29,Bagalkot,556,1890,6289,4236
2024-09-24,Groundnut,10,Karnataka,29,Bagalkot,556,6619,6619,6619
2024-09-23,Groundnut,10,Karnataka,29,Bagalkot,556,3530,6610,5669
2024-09-21,Groundnut,10,Karnataka,29,Bagalkot,556,3960,6900,6465
2024-09-20,Groundnut,10,Karnataka,29,Bagalkot,556,3690,5521,4917
2024-09-18,Groundnut,10,Karnataka,29,Bagalkot,556,2952,5490,3907
2024-09-17,Groundnut,10,Karnataka,29,Bagalkot,556,3299,5029,4418
2024-09-09,Groundnut,10,Karnataka,29,Bagalkot,556,5412.5,5412.5,5412.5
2024-09-06,Groundnut,10,Karnataka,29,Bagalkot,556,3899,3899,3899
2024-09-05,Groundnut,10,Karnataka,29,Bagalkot,556,6000,6000,6000
2024-09-04,Groundnut,10,Karnataka,29,Bagalkot,556,5870,5870,5870
2024-09-03,Groundnut,10,Karnataka,29,Bagalkot,556,5029,5700,5439
2024-08-22,Groundnut,10,Karnataka,29,Bagalkot,556,5039,5569,5398
2024-08-21,Groundnut,10,Karnataka,29,Bagalkot,556,6750,6750,6750
2024-08-20,Groundnut,10,Karnataka,29,Bagalkot,556,6011,6011,6011
2024-08-17,Groundnut,10,Karnataka,29,Bagalkot,556,6000,6000,6000
2024-08-14,Groundnut,10,Karnataka,29,Bagalkot,556,5011,5619,5423
2024-08-13,Groundnut,10,Karnataka,29,Bagalkot,556,5019,6211,5823
2024-08-12,Groundnut,10,Karnataka,29,Bagalkot,556,6319,6519,6479
2024-08-09,Groundnut,10,Karnataka,29,Bagalkot,556,6009,6409,6246
2024-08-08,Groundnut,10,Karnataka,29,Bagalkot,556,6309,6319,6312
2024-08-07,Groundnut,10,Karnataka,29,Bagalkot,556,6519,6519,6519
2024-08-05,Groundnut,10,Karnataka,29,Bagalkot,556,5813,6569,6318
2024-07-31,Groundnut,10,Karnataka,29,Bagalkot,556,4011,6859,6284
2024-07-30,Groundnut,10,Karnataka,29,Bagalkot,556,4511,6661,5980
2024-07-29,Groundnut,10,Karnataka,29,Bagalkot,556,4211,6819,6235
2024-07-26,Groundnut,10,Karnataka,29,Bagalkot,556,5200,6873,6610
2024-07-25,Groundnut,10,Karnataka,29,Bagalkot,556,5009,6900,6536
2024-07-24,Groundnut,10,Karnataka,29,Bagalkot,556,2210,6732,6091
2024-07-23,Groundnut,10,Karnataka,29,Bagalkot,556,4560.5,6409.5,6104
2024-07-22,Groundnut,10,Karnataka,29,Bagalkot,556,4339,6790,6258
2024-07-20,Groundnut,10,Karnataka,29,Bagalkot,556,4289,6439,5970
2024-07-19,Groundnut,10,Karnataka,29,Bagalkot,556,3109,6525,5944
2024-07-18,Groundnut,10,Karnataka,29,Bagalkot,556,4211,6670,6062
2024-07-16,Groundnut,10,Karnataka,29,Bagalkot,556,4069,6529,5929
2024-07-15,Groundnut,10,Karnataka,29,Bagalkot,556,2511,6532,5999
2024-07-13,Groundnut,10,Karnataka,29,Bagalkot,556,2220,6615,6127
2024-07-12,Groundnut,10,Karnataka,29,Bagalkot,556,4069,6665,6270
2024-07-11,Groundnut,10,Karnataka,29,Bagalkot,556,3511,6739,6065
2024-07-10,Groundnut,10,Karnataka,29,Bagalkot,556,4009,6800,6251
2024-07-09,Groundnut,10,Karnataka,29,Bagalkot,556,3011,6829,6196
2024-07-08,Groundnut,10,Karnataka,29,Bagalkot,556,3011,6751,6154
2024-07-06,Groundnut,10,Karnataka,29,Bagalkot,556,3001,6739,6063
2024-07-04,Groundnut,10,Karnataka,29,Bagalkot,556,4009,6639,5956
2024-07-03,Groundnut,10,Karnataka,29,Bagalkot,556,4009,6682,5982
2024-07-02,Groundnut,10,Karnataka,29,Bagalkot,556,3804.5,6116,5565
2024-07-01,Groundnut,10,Karnataka,29,Bagalkot,556,2500,6888,6047
2024-06-29,Groundnut,10,Karnataka,29,Bagalkot,556,2009,6711,6035
2024-06-28,Groundnut,10,Karnataka,29,Bagalkot,556,3009,6619,5913
2024-06-27,Groundnut,10,Karnataka,29,Bagalkot,556,1279,6889,6077
2024-06-26,Groundnut,10,Karnataka,29,Bagalkot,556,4269,6899,6114
2024-06-25,Groundnut,10,Karnataka,29,Bagalkot,556,2519,6909,6170
2024-06-24,Groundnut,10,Karnataka,29,Bagalkot,556,3009,6929,6183
2024-06-21,Groundnut,10,Karnataka,29,Bagalkot,556,6600,6900,6769
2024-06-20,Groundnut,10,Karnataka,29,Bagalkot,556,2679,7075,6269
2024-06-19,Groundnut,10,Karnataka,29,Bagalkot,556,2793,7120,6348
2024-06-18,Groundnut,10,Karnataka,29,Bagalkot,556,2640,7182,6474
2024-06-15,Groundnut,10,Karnataka,29,Bagalkot,556,4369,6901,6117
2024-06-14,Groundnut,10,Karnataka,29,Bagalkot,556,3511,6962,6323
2024-06-13,Groundnut,10,Karnataka,29,Bagalkot,556,4589,7150,6616
2024-06-12,Groundnut,10,Karnataka,29,Bagalkot,556,3011,7159,6289
2024-06-11,Groundnut,10,Karnataka,29,Bagalkot,556,4011,6932,6455
2024-06-10,Groundnut,10,Karnataka,29,Bagalkot,556,4011,7065,6447
2024-06-08,Groundnut,10,Karnataka,29,Bagalkot,556,4589,6982,6322
2024-06-07,Groundnut,10,Karnataka,29,Bagalkot,556,1799,7082,6579
2024-06-05,Groundnut,10,Karnataka,29,Bagalkot,556,1789,7185,6507
2024-06-04,Groundnut,10,Karnataka,29,Bagalkot,556,4511,6699,5937
2024-06-03,Groundnut,10,Karnataka,29,Bagalkot,556,2870,7032,6109
2024-06-01,Groundnut,10,Karnataka,29,Bagalkot,556,2425,7032,6068
2024-05-31,Groundnut,10,Karnataka,29,Bagalkot,556,3870,7172,6648
2024-05-30,Groundnut,10,Karnataka,29,Bagalkot,556,2890,7202,6677
2024-05-29,Groundnut,10,Karnataka,29,Bagalkot,556,1535,7232,6680
2024-05-28,Groundnut,10,Karnataka,29,Bagalkot,556,2392,7186,6692
2024-05-27,Groundnut,10,Karnataka,29,Bagalkot,556,4327.5,6602.5,6393
2024-05-24,Groundnut,10,Karnataka,29,Bagalkot,556,2892,7180,6682
2024-05-23,Groundnut,10,Karnataka,29,Bagalkot,556,3235,7165,6586
2024-05-22,Groundnut,10,Karnataka,29,Bagalkot,556,3070,7160,6748
2024-05-20,Groundnut,10,Karnataka,29,Bagalkot,556,3270,7100,6662
2024-05-18,Groundnut,10,Karnataka,29,Bagalkot,556,2270,7050,6564
2024-05-16,Groundnut,10,Karnataka,29,Bagalkot,556,3009,7021,6628
2024-05-15,Groundnut,10,Karnataka,29,Bagalkot,556,3280,7079,6558
2024-05-11,Groundnut,10,Karnataka,29,Bagalkot,556,3445,7182,6551
2024-05-09,Groundnut,10,Karnataka,29,Bagalkot,556,2511,7352,6356
2024-05-06,Groundnut,10,Karnataka,29,Bagalkot,556,3511,7352,6532
2024-05-04,Groundnut,10,Karnataka,29,Bagalkot,556,3170,7500,6834
2024-05-03,Groundnut,10,Karnataka,29,Bagalkot,556,2570,7470,6846
2024-05-02,Groundnut,10,Karnataka,29,Bagalkot,556,3011,7511,6851
2024-04-29,Groundnut,10,Karnataka,29,Bagalkot,556,2370,7452,6698
2024-04-26,Groundnut,10,Karnataka,29,Bagalkot,556,3560,7380,6685
2024-04-25,Groundnut,10,Karnataka,29,Bagalkot,556,3960,7390,6765
2024-04-24,Groundnut,10,Karnataka,29,Bagalkot,556,3332,7360,6991
2024-04-22,Groundnut,10,Karnataka,29,Bagalkot,556,2710,7332,6937
2024-04-20,Groundnut,10,Karnataka,29,Bagalkot,556,3090,7240,6647
2024-04-19,Groundnut,10,Karnataka,29,Bagalkot,556,2570,7262,6785
2024-04-18,Groundnut,10,Karnataka,29,Bagalkot,556,6909,6909,6909
2024-04-17,Groundnut,10,Karnataka,29,Bagalkot,556,5911,7090,6943
2024-04-16,Groundnut,10,Karnataka,29,Bagalkot,556,6306,7132,6838
2024-04-15,Groundnut,10,Karnataka,29,Bagalkot,556,2511,7035,6508
2024-04-06,Groundnut,10,Karnataka,29,Bagalkot,556,4510,6835,6500
2024-04-05,Groundnut,10,Karnataka,29,Bagalkot,556,3370,6892,6523
2024-03-30,Groundnut,10,Karnataka,29,Bagalkot,556,3595,7015,6293
2024-03-28,Groundnut,10,Karnataka,29,Bagalkot,556,2859,6800,6292
2024-03-22,Groundnut,10,Karnataka,29,Bagalkot,556,2170,6925,5189
2024-03-21,Groundnut,10,Karnataka,29,Bagalkot,556,3570,7002,5786
2024-03-20,Groundnut,10,Karnataka,29,Bagalkot,556,4020,7075,6252
2024-03-19,Groundnut,10,Karnataka,29,Bagalkot,556,3695,6699,5613
2024-03-18,Groundnut,10,Karnataka,29,Bagalkot,556,3699,6999,5478
2024-03-16,Groundnut,10,Karnataka,29,Bagalkot,556,3920,7019,6033
2024-03-15,Groundnut,10,Karnataka,29,Bagalkot,556,3695,6700,5837
2024-03-14,Groundnut,10,Karnataka,29,Bagalkot,556,3275,6929,5851
2024-03-13,Groundnut,10,Karnataka,29,Bagalkot,556,3145,7009,5664
2024-03-12,Groundnut,10,Karnataka,29,Bagalkot,556,3665,6970,5959
2024-03-11,Groundnut,10,Karnataka,29,Bagalkot,556,2570,6940,4970
2024-03-09,Groundnut,10,Karnataka,29,Bagalkot,556,3385,6900,5438
2024-03-07,Groundnut,10,Karnataka,29,Bagalkot,556,3295,6890,5292
2024-03-06,Groundnut,10,Karnataka,29,Bagalkot,556,3469,6730,5333
2024-03-05,Groundnut,10,Karnataka,29,Bagalkot,556,3495,6840,5032
2024-03-04,Groundnut,10,Karnataka,29,Bagalkot,556,2070,6930,4820
2024-03-02,Groundnut,10,Karnataka,29,Bagalkot,556,4269,6699,5295
2024-03-01,Groundnut,10,Karnataka,29,Bagalkot,556,3570,6699,5206
2024-02-29,Groundnut,10,Karnataka,29,Bagalkot,556,3700,7070,5758
2024-02-28,Groundnut,10,Karnataka,29,Bagalkot,556,3175,7032,5264
2024-02-26,Groundnut,10,Karnataka,29,Bagalkot,556,3499,7000,5375
2024-02-23,Groundnut,10,Karnataka,29,Bagalkot,556,2433,4266,4055
2024-02-22,Groundnut,10,Karnataka,29,Bagalkot,556,3800,6700,4865
2024-02-21,Groundnut,10,Karnataka,29,Bagalkot,556,1770,7090,5132
2024-02-20,Groundnut,10,Karnataka,29,Bagalkot,556,3370,7110,5716
2024-02-17,Groundnut,10,Karnataka,29,Bagalkot,556,3095,7020,5722
2024-02-16,Groundnut,10,Karnataka,29,Bagalkot,556,3725,6990,6294
2024-02-15,Groundnut,10,Karnataka,29,Bagalkot,556,2570,6270,4560
2024-02-14,Groundnut,10,Karnataka,29,Bagalkot,556,2755,6929,4772
2024-02-13,Groundnut,10,Karnataka,29,Bagalkot,556,3390,7005,5667
2024-02-12,Groundnut,10,Karnataka,29,Bagalkot,556,2372,6972,4986
2024-02-10,Groundnut,10,Karnataka,29,Bagalkot,556,2090,6932,4807
2024-02-08,Groundnut,10,Karnataka,29,Bagalkot,556,4030,5680,4340
2024-02-07,Groundnut,10,Karnataka,29,Bagalkot,556,3339,7113,5715
2024-02-06,Groundnut,10,Karnataka,29,Bagalkot,556,3855,7190,4854
2024-02-05,Groundnut,10,Karnataka,29,Bagalkot,556,3776,6969,4552
2024-02-03,Groundnut,10,Karnataka,29,Bagalkot,556,5090,6899,6203
2024-02-02,Groundnut,10,Karnataka,29,Bagalkot,556,5009,6890,6748
2024-01-31,Groundnut,10,Karnataka,29,Bagalkot,556,3020,3790,3540
2024-01-30,Groundnut,10,Karnataka,29,Bagalkot,556,6821,7052,6998
2024-01-29,Groundnut,10,Karnataka,29,Bagalkot,556,5509,6970,6415
2024-01-23,Groundnut,10,Karnataka,29,Bagalkot,556,3285,7210,6003
2024-01-17,Groundnut,10,Karnataka,29,Bagalkot,556,7570,7570,7570
2024-01-10,Groundnut,10,Karnataka,29,Bagalkot,556,7070,7070,7070
2023-12-28,Groundnut,10,Karnataka,29,Bagalkot,556,7610,7610,7610
2023-12-21,Groundnut,10,Karnataka,29,Bagalkot,556,7270,7270,7270
2023-12-11,Groundnut,10,Karnataka,29,Bagalkot,556,7101,7210,7148
2023-11-28,Groundnut,10,Karnataka,29,Bagalkot,556,6221,6525,6373
2023-11-27,Groundnut,10,Karnataka,29,Bagalkot,556,3559,3559,3559
2023-11-15,Groundnut,10,Karnataka,29,Bagalkot,556,7012,7012,7012
2023-11-02,Groundnut,10,Karnataka,29,Bagalkot,556,6370,6370,6370
2023-10-30,Groundnut,10,Karnataka,29,Bagalkot,556,4221,6120,4912
2023-10-25,Groundnut,10,Karnataka,29,Bagalkot,556,3210,4110,3930
2023-10-24,Groundnut,10,Karnataka,29,Bagalkot,556,4669,4669,4669
2023-10-09,Groundnut,10,Karnataka,29,Bagalkot,556,5020,5220,5064
2023-09-27,Groundnut,10,Karnataka,29,Bagalkot,556,6200,6650,6417
2023-09-26,Groundnut,10,Karnataka,29,Bagalkot,556,6009,6009,6009
2023-09-22,Groundnut,10,Karnataka,29,Bagalkot,556,5511,5811,5590
2023-09-21,Groundnut,10,Karnataka,29,Bagalkot,556,5511,5811,5636
2023-09-20,Groundnut,10,Karnataka,29,Bagalkot,556,3511,5711,5240
2023-09-15,Groundnut,10,Karnataka,29,Bagalkot,556,4009,7400,6104
2023-09-12,Groundnut,10,Karnataka,29,Bagalkot,556,4009,7000,6670
2023-09-06,Groundnut,10,Karnataka,29,Bagalkot,556,6249,6249,6249
2023-09-05,Groundnut,10,Karnataka,29,Bagalkot,556,5500,6230,6108
2023-08-31,Groundnut,10,Karnataka,29,Bagalkot,556,6110,6110,6110
2023-08-30,Groundnut,10,Karnataka,29,Bagalkot,556,4869,7009,5413
2023-08-28,Groundnut,10,Karnataka,29,Bagalkot,556,4711,7412,5363
2023-08-25,Groundnut,10,Karnataka,29,Bagalkot,556,4510,7010,5523
2023-08-24,Groundnut,10,Karnataka,29,Bagalkot,556,2512,6010,5238
2023-08-23,Groundnut,10,Karnataka,29,Bagalkot,556,5270,7318,5466
2023-08-22,Groundnut,10,Karnataka,29,Bagalkot,556,5020,7232,5724
2023-08-18,Groundnut,10,Karnataka,29,Bagalkot,556,5739,6620,6020
2023-08-17,Groundnut,10,Karnataka,29,Bagalkot,556,6520,7340,6754
2023-08-12,Groundnut,10,Karnataka,29,Bagalkot,556,7070,7070,7070
2023-08-11,Groundnut,10,Karnataka,29,Bagalkot,556,4010,6920,6503
2023-08-10,Groundnut,10,Karnataka,29,Bagalkot,556,4870,6770,6202
2023-08-09,Groundnut,10,Karnataka,29,Bagalkot,556,6013,7892,6669
2023-08-08,Groundnut,10,Karnataka,29,Bagalkot,556,3210,7839,6064
2023-08-07,Groundnut,10,Karnataka,29,Bagalkot,556,3210,3210,3210
2023-08-04,Groundnut,10,Karnataka,29,Bagalkot,556,6469,6469,6469
2023-08-03,Groundnut,10,Karnataka,29,Bagalkot,556,6169,8310,7956
2023-08-02,Groundnut,10,Karnataka,29,Bagalkot,556,5009,8270,7146
2023-08-01,Groundnut,10,Karnataka,29,Bagalkot,556,6011,7159,6678
2023-07-31,Groundnut,10,Karnataka,29,Bagalkot,556,6570,8270,7923
2023-07-28,Groundnut,10,Karnataka,29,Bagalkot,556,7930,7930,7930
2023-07-27,Groundnut,10,Karnataka,29,Bagalkot,556,7500,8000,7944
2023-07-26,Groundnut,10,Karnataka,29,Bagalkot,556,5500,5570,5566
2023-07-25,Groundnut,10,Karnataka,29,Bagalkot,556,5599,8251,7572
2023-07-24,Groundnut,10,Karnataka,29,Bagalkot,556,6192,8369,7521
2023-07-21,Groundnut,10,Karnataka,29,Bagalkot,556,7100,8509,7724
2023-07-20,Groundnut,10,Karnataka,29,Bagalkot,556,7809,8573,8527
2023-07-19,Groundnut,10,Karnataka,29,Bagalkot,556,8229,8419,8324
2023-07-18,Groundnut,10,Karnataka,29,Bagalkot,556,5959,8430,8188
2023-07-15,Groundnut,10,Karnataka,29,Bagalkot,556,6570,8209,7495
2023-07-14,Groundnut,10,Karnataka,29,Bagalkot,556,6520,7859,7095
2023-07-13,Groundnut,10,Karnataka,29,Bagalkot,556,5070,7909,6356
2023-07-12,Groundnut,10,Karnataka,29,Bagalkot,556,5599,7812,7268
2023-07-11,Groundnut,10,Karnataka,29,Bagalkot,556,5600,7659,7327
2023-07-10,Groundnut,10,Karnataka,29,Bagalkot,556,5469,7829,7376
2023-07-08,Groundnut,10,Karnataka,29,Bagalkot,556,6359,7610,7102
2023-07-07,Groundnut,10,Karnataka,29,Bagalkot,556,5569,7540,7322
2023-07-06,Groundnut,10,Karnataka,29,Bagalkot,556,3011,7460,7018
2023-07-05,Groundnut,10,Karnataka,29,Bagalkot,556,6549,7629,7364
2023-07-04,Groundnut,10,Karnataka,29,Bagalkot,556,2777,7609,7255
2023-07-03,Groundnut,10,Karnataka,29,Bagalkot,556,4570,7560,7002
2023-07-01,Groundnut,10,Karnataka,29,Bagalkot,556,5659,7572,7218
2023-06-30,Groundnut,10,Karnataka,29,Bagalkot,556,5001,7510,6779
2023-06-28,Groundnut,10,Karnataka,29,Bagalkot,556,4070,7380,6891
2023-06-27,Groundnut,10,Karnataka,29,Bagalkot,556,3259,7576,6504
2023-06-26,Groundnut,10,Karnataka,29,Bagalkot,556,3289,7520,6694
2023-06-23,Groundnut,10,Karnataka,29,Bagalkot,556,4520,7420,6698
2023-06-21,Groundnut,10,Karnataka,29,Bagalkot,556,4029,7209,6529
2023-06-20,Groundnut,10,Karnataka,29,Bagalkot,556,4009,7200,6522
2023-06-19,Groundnut,10,Karnataka,29,Bagalkot,556,3669,7309,6523
2023-06-17,Groundnut,10,Karnataka,29,Bagalkot,556,4540,7159,6099
2023-06-16,Groundnut,10,Karnataka,29,Bagalkot,556,3310,7196,6297
2023-06-15,Groundnut,10,Karnataka,29,Bagalkot,556,5001,7170,6353
2023-06-14,Groundnut,10,Karnataka,29,Bagalkot,556,5279,7159,6413
2023-06-13,Groundnut,10,Karnataka,29,Bagalkot,556,4141,7010,6431
2023-06-12,Groundnut,10,Karnataka,29,Bagalkot,556,2970,7050,6496
2023-06-10,Groundnut,10,Karnataka,29,Bagalkot,556,2630,67979,6439
2023-06-09,Groundnut,10,Karnataka,29,Bagalkot,556,2880,6970,6320
2023-06-08,Groundnut,10,Karnataka,29,Bagalkot,556,2439,6910,6308
2023-06-07,Groundnut,10,Karnataka,29,Bagalkot,556,2570,7159,6312
2023-06-06,Groundnut,10,Karnataka,29,Bagalkot,556,2700,6905,6225
2023-06-05,Groundnut,10,Karnataka,29,Bagalkot,556,4511,5011,4773
2023-06-03,Groundnut,10,Karnataka,29,Bagalkot,556,4009,6501,5788
2023-06-02,Groundnut,10,Karnataka,29,Bagalkot,556,4011,6659,5761
2023-06-01,Groundnut,10,Karnataka,29,Bagalkot,556,4211,6820,5912
2023-05-31,Groundnut,10,Karnataka,29,Bagalkot,556,2259,6969,5938
2023-05-30,Groundnut,10,Karnataka,29,Bagalkot,556,2285,7059,5966
2023-05-29,Groundnut,10,Karnataka,29,Bagalkot,556,3150,7009,6074
2023-05-26,Groundnut,10,Karnataka,29,Bagalkot,556,3030,7374,6417
2023-05-25,Groundnut,10,Karnataka,29,Bagalkot,556,2525,7289,6200
2023-05-24,Groundnut,10,Karnataka,29,Bagalkot,556,2211,7509,6129
2023-05-23,Groundnut,10,Karnataka,29,Bagalkot,556,2119,7373,6303
2023-05-22,Groundnut,10,Karnataka,29,Bagalkot,556,2199,7490,6455
2023-05-20,Groundnut,10,Karnataka,29,Bagalkot,556,2630,7265,5972
2023-05-18,Groundnut,10,Karnataka,29,Bagalkot,556,1899,7206,5882
2023-05-17,Groundnut,10,Karnataka,29,Bagalkot,556,3430,7260,6533
2023-05-16,Groundnut,10,Karnataka,29,Bagalkot,556,2009,7409,6582
2023-05-15,Groundnut,10,Karnataka,29,Bagalkot,556,2170,7430,6561
2023-05-12,Groundnut,10,Karnataka,29,Bagalkot,556,2660,7079,6442
2023-05-11,Groundnut,10,Karnataka,29,Bagalkot,556,2230,7032,6347
2023-05-08,Groundnut,10,Karnataka,29,Bagalkot,556,1710,7110,6013
2023-05-06,Groundnut,10,Karnataka,29,Bagalkot,556,2425,7070,5996
2023-05-05,Groundnut,10,Karnataka,29,Bagalkot,556,2075,7001,5947
2023-05-04,Groundnut,10,Karnataka,29,Bagalkot,556,2095,7009,5911
2023-05-03,Groundnut,10,Karnataka,29,Bagalkot,556,1689,7062,5849
2023-04-29,Groundnut,10,Karnataka,29,Bagalkot,556,1655,7055,5574
2023-04-28,Groundnut,10,Karnataka,29,Bagalkot,556,1669,6901,5395
2023-04-27,Groundnut,10,Karnataka,29,Bagalkot,556,2690,7025,5724
2023-04-26,Groundnut,10,Karnataka,29,Bagalkot,556,1669,7025,5593
2023-04-24,Groundnut,10,Karnataka,29,Bagalkot,556,2172,7015,5441
2023-04-21,Groundnut,10,Karnataka,29,Bagalkot,556,2090,7015,5189
2023-04-19,Groundnut,10,Karnataka,29,Bagalkot,556,2369,6905,5147
2023-04-17,Groundnut,10,Karnataka,29,Bagalkot,556,1070,7175,5193
2023-04-15,Groundnut,10,Karnataka,29,Bagalkot,556,1570,7380,5206
2023-04-13,Groundnut,10,Karnataka,29,Bagalkot,556,4390,6537.5,5788
2023-04-12,Groundnut,10,Karnataka,29,Bagalkot,556,2099,7169,5442
2023-04-10,Groundnut,10,Karnataka,29,Bagalkot,556,1605,7435,5219
2023-04-08,Groundnut,10,Karnataka,29,Bagalkot,556,1525,7252,5627
2023-04-06,Groundnut,10,Karnataka,29,Bagalkot,556,1367,6959,4847
2023-04-05,Groundnut,10,Karnataka,29,Bagalkot,556,1775,7275,5480
2023-04-03,Groundnut,10,Karnataka,29,Bagalkot,556,2069,7289,5963
2023-04-01,Groundnut,10,Karnataka,29,Bagalkot,556,1895,7272,5413
2023-03-31,Groundnut,10,Karnataka,29,Bagalkot,556,2691,6811,4883
2023-03-30,Groundnut,10,Karnataka,29,Bagalkot,556,3052,7109,5681
2023-03-29,Groundnut,10,Karnataka,29,Bagalkot,556,2106,7305,5047
2023-03-28,Groundnut,10,Karnataka,29,Bagalkot,556,2855,7405,6123
2023-03-27,Groundnut,10,Karnataka,29,Bagalkot,556,3019,7236,5447
2023-03-24,Groundnut,10,Karnataka,29,Bagalkot,556,3206,7425,5739
2023-03-23,Groundnut,10,Karnataka,29,Bagalkot,556,5211,6870,6133
2023-03-20,Groundnut,10,Karnataka,29,Bagalkot,556,2595,6700,5030
2023-03-18,Groundnut,10,Karnataka,29,Bagalkot,556,1100,6825,5490
2023-03-17,Groundnut,10,Karnataka,29,Bagalkot,556,5070,6529,5792
2023-03-16,Groundnut,10,Karnataka,29,Bagalkot,556,2885,7325,6191
2023-03-15,Groundnut,10,Karnataka,29,Bagalkot,556,2570,7111,5746
2023-03-14,Groundnut,10,Karnataka,29,Bagalkot,556,2685,7075,5606
2023-03-13,Groundnut,10,Karnataka,29,Bagalkot,556,3060,6811,5938
2023-03-11,Groundnut,10,Karnataka,29,Bagalkot,556,3810,6290,4964
2023-03-06,Groundnut,10,Karnataka,29,Bagalkot,556,3230,6552,5277
2023-03-04,Groundnut,10,Karnataka,29,Bagalkot,556,3371,6270,6043
2023-03-03,Groundnut,10,Karnataka,29,Bagalkot,556,3785,5419.5,4831.5
2023-03-02,Groundnut,10,Karnataka,29,Bagalkot,556,3685,5276,4069
2023-03-01,Groundnut,10,Karnataka,29,Bagalkot,556,3640,6892,5494
2023-02-28,Groundnut,10,Karnataka,29,Bagalkot,556,4084.5,4779.5,4135.5
2023-02-27,Groundnut,10,Karnataka,29,Bagalkot,556,3619,7073,6191
2023-02-24,Groundnut,10,Karnataka,29,Bagalkot,556,4019,7610,4961
2023-02-23,Groundnut,10,Karnataka,29,Bagalkot,556,3851,4421,4231
2023-02-21,Groundnut,10,Karnataka,29,Bagalkot,556,3310,7830,6884
2023-02-17,Groundnut,10,Karnataka,29,Bagalkot,556,4570,4570,4570
2023-02-16,Groundnut,10,Karnataka,29,Bagalkot,556,4337,5285,5085
2023-02-13,Groundnut,10,Karnataka,29,Bagalkot,556,7040,7040,7040
2023-02-10,Groundnut,10,Karnataka,29,Bagalkot,556,4130,8001,7555
2023-02-09,Groundnut,10,Karnataka,29,Bagalkot,556,4369,4369,4369
2023-02-08,Groundnut,10,Karnataka,29,Bagalkot,556,4277,4277,4277
2023-02-06,Groundnut,10,Karnataka,29,Bagalkot,556,6379,6379,6379
2023-02-04,Groundnut,10,Karnataka,29,Bagalkot,556,4130,4130,4130
2023-02-03,Groundnut,10,Karnataka,29,Bagalkot,556,6370,77256,6681
2023-02-02,Groundnut,10,Karnataka,29,Bagalkot,556,1751,7617,6219
2023-02-01,Groundnut,10,Karnataka,29,Bagalkot,556,7497,7497,7497
2023-01-30,Groundnut,10,Karnataka,29,Bagalkot,556,4510,7810,7500
2023-01-24,Groundnut,10,Karnataka,29,Bagalkot,556,5710,5710,5710
2023-01-20,Groundnut,10,Karnataka,29,Bagalkot,556,6795,6795,6795
2023-01-16,Groundnut,10,Karnataka,29,Bagalkot,556,3600,3600,3600
2023-01-07,Groundnut,10,Karnataka,29,Bagalkot,556,3672,3672,3672
2022-12-22,Groundnut,10,Karnataka,29,Bagalkot,556,6009,6009,6009
2022-12-21,Groundnut,10,Karnataka,29,Bagalkot,556,3790,3790,3790
2022-12-12,Groundnut,10,Karnataka,29,Bagalkot,556,4810,4810,4810
2022-12-09,Groundnut,10,Karnataka,29,Bagalkot,556,4610,4610,4610
2022-12-06,Groundnut,10,Karnataka,29,Bagalkot,556,4710,4710,4710
2022-12-05,Groundnut,10,Karnataka,29,Bagalkot,556,5910,5910,5910
2022-12-03,Groundnut,10,Karnataka,29,Bagalkot,556,3610,3610,3610
2022-11-28,Groundnut,10,Karnataka,29,Bagalkot,556,3369,3369,3369
2022-11-22,Groundnut,10,Karnataka,29,Bagalkot,556,3069,3069,3069
2022-11-18,Groundnut,10,Karnataka,29,Bagalkot,556,5210,5210,5210
2022-11-04,Groundnut,10,Karnataka,29,Bagalkot,556,2500,3610,3487
2022-11-03,Groundnut,10,Karnataka,29,Bagalkot,556,2280,4900,4245
2022-10-28,Groundnut,10,Karnataka,29,Bagalkot,556,5810,5810,5810
2022-10-26,Groundnut,10,Karnataka,29,Bagalkot,556,3569,6111,5081
2022-10-19,Groundnut,10,Karnataka,29,Bagalkot,556,5610,5610,5610
2022-10-08,Groundnut,10,Karnataka,29,Bagalkot,556,3910,3910,3910
2022-10-07,Groundnut,10,Karnataka,29,Bagalkot,556,3009,3009,3009
2022-10-06,Groundnut,10,Karnataka,29,Bagalkot,556,2570,3821,3211
2022-10-05,Groundnut,10,Karnataka,29,Bagalkot,556,3010,5212,4331
2022-09-30,Groundnut,10,Karnataka,29,Bagalkot,556,3911,3911,3911
2022-09-28,Groundnut,10,Karnataka,29,Bagalkot,556,3811,3811,3811
2022-09-27,Groundnut,10,Karnataka,29,Bagalkot,556,2870,5830,3876
2022-09-26,Groundnut,10,Karnataka,29,Bagalkot,556,6511,6511,6511
2022-09-23,Groundnut,10,Karnataka,29,Bagalkot,556,3069,3069,3069
2022-09-21,Groundnut,10,Karnataka,29,Bagalkot,556,3710,3710,3710
2022-09-13,Groundnut,10,Karnataka,29,Bagalkot,556,5810,5930,5864
2022-09-12,Groundnut,10,Karnataka,29,Bagalkot,556,4500,6500,5767
2022-09-08,Groundnut,10,Karnataka,29,Bagalkot,556,4770,6100,5493
2022-08-22,Groundnut,10,Karnataka,29,Bagalkot,556,6000,6000,6000
2022-08-20,Groundnut,10,Karnataka,29,Bagalkot,556,4009,4009,4009
2022-08-16,Groundnut,10,Karnataka,29,Bagalkot,556,3670,6090,5898
2022-08-13,Groundnut,10,Karnataka,29,Bagalkot,556,6040,6200,6130
2022-08-12,Groundnut,10,Karnataka,29,Bagalkot,556,6010,6010,6010
2022-08-11,Groundnut,10,Karnataka,29,Bagalkot,556,4311,4311,4311
2022-08-10,Groundnut,10,Karnataka,29,Bagalkot,556,3570,6210,5880
2022-08-08,Groundnut,10,Karnataka,29,Bagalkot,556,4700,6190,5414
2022-08-06,Groundnut,10,Karnataka,29,Bagalkot,556,4072,6669,5965
2022-08-05,Groundnut,10,Karnataka,29,Bagalkot,556,5225,6401,5788
2022-08-04,Groundnut,10,Karnataka,29,Bagalkot,556,3070,6399,5574
2022-08-03,Groundnut,10,Karnataka,29,Bagalkot,556,3511,6672,5984
2022-08-01,Groundnut,10,Karnataka,29,Bagalkot,556,3009,6652,5756
2022-07-30,Groundnut,10,Karnataka,29,Bagalkot,556,3009,6650,5742
2022-07-29,Groundnut,10,Karnataka,29,Bagalkot,556,4770,6532,5798
2022-07-27,Groundnut,10,Karnataka,29,Bagalkot,556,4009,6799,5893
2022-07-26,Groundnut,10,Karnataka,29,Bagalkot,556,2295,6770,6039
2022-07-25,Groundnut,10,Karnataka,29,Bagalkot,556,1935,6790,6007
2022-07-22,Groundnut,10,Karnataka,29,Bagalkot,556,3811,6729,6058
2022-07-21,Groundnut,10,Karnataka,29,Bagalkot,556,4701,6767,6085
2022-07-20,Groundnut,10,Karnataka,29,Bagalkot,556,3995,6689,5292
2022-07-19,Groundnut,10,Karnataka,29,Bagalkot,556,4289,6819,6403
2022-07-18,Groundnut,10,Karnataka,29,Bagalkot,556,3599,6732,5746
2022-07-16,Groundnut,10,Karnataka,29,Bagalkot,556,5519,6501,6263
2022-07-15,Groundnut,10,Karnataka,29,Bagalkot,556,5859,6790,6316
2022-07-14,Groundnut,10,Karnataka,29,Bagalkot,556,3945,6827,6052
2022-07-13,Groundnut,10,Karnataka,29,Bagalkot,556,4259,6759,5933
2022-07-12,Groundnut,10,Karnataka,29,Bagalkot,556,3100,6879,6072
2022-07-09,Groundnut,10,Karnataka,29,Bagalkot,556,3609,6676,6215
2022-07-08,Groundnut,10,Karnataka,29,Bagalkot,556,2899,6756,6027
2022-07-07,Groundnut,10,Karnataka,29,Bagalkot,556,3409,6689,5865
2022-07-06,Groundnut,10,Karnataka,29,Bagalkot,556,4551,6650,5968
2022-07-05,Groundnut,10,Karnataka,29,Bagalkot,556,3325,6445,5810
2022-07-04,Groundnut,10,Karnataka,29,Bagalkot,556,2509,6639,5662
2022-07-01,Groundnut,10,Karnataka,29,Bagalkot,556,3809,6529,5628
2022-06-30,Groundnut,10,Karnataka,29,Bagalkot,556,3039,6489,5534
2022-06-29,Groundnut,10,Karnataka,29,Bagalkot,556,3809,6625,5703
2022-06-27,Groundnut,10,Karnataka,29,Bagalkot,556,3000,6548,5485
2022-06-24,Groundnut,10,Karnataka,29,Bagalkot,556,2000,6482,5215
2022-06-23,Groundnut,10,Karnataka,29,Bagalkot,556,2009,6446,5361
2022-06-22,Groundnut,10,Karnataka,29,Bagalkot,556,2570,6529,5032
2022-06-21,Groundnut,10,Karnataka,29,Bagalkot,556,3370,6376,5353
2022-06-20,Groundnut,10,Karnataka,29,Bagalkot,556,2611,6509,5788
2022-06-18,Groundnut,10,Karnataka,29,Bagalkot,556,2511,6379,5303
2022-06-17,Groundnut,10,Karnataka,29,Bagalkot,556,2809,6419,5248
2022-06-16,Groundnut,10,Karnataka,29,Bagalkot,556,2369,6532,5520
2022-06-13,Groundnut,10,Karnataka,29,Bagalkot,556,1509,6709,5306
2022-06-11,Groundnut,10,Karnataka,29,Bagalkot,556,2009,6429,5427
2022-06-10,Groundnut,10,Karnataka,29,Bagalkot,556,2011,6470,5341
2022-06-09,Groundnut,10,Karnataka,29,Bagalkot,556,4624.5,6331,5675
2022-06-08,Groundnut,10,Karnataka,29,Bagalkot,556,4009,6419,5337
2022-06-07,Groundnut,10,Karnataka,29,Bagalkot,556,2009,6480,5457
2022-06-06,Groundnut,10,Karnataka,29,Bagalkot,556,2009,6580,5630
2022-06-04,Groundnut,10,Karnataka,29,Bagalkot,556,2059,6546,5500
2022-06-03,Groundnut,10,Karnataka,29,Bagalkot,556,3511,6765,5781
2022-06-02,Groundnut,10,Karnataka,29,Bagalkot,556,2495,6675,5573
2022-05-31,Groundnut,10,Karnataka,29,Bagalkot,556,1600,6675,5670
2022-05-27,Groundnut,10,Karnataka,29,Bagalkot,556,2100,6566,5453
2022-05-26,Groundnut,10,Karnataka,29,Bagalkot,556,2399,6525,5419
2022-05-25,Groundnut,10,Karnataka,29,Bagalkot,556,3089,6576,5401
2022-05-24,Groundnut,10,Karnataka,29,Bagalkot,556,1315,6510,5598
2022-05-23,Groundnut,10,Karnataka,29,Bagalkot,556,1752,6505,5666
2022-05-21,Groundnut,10,Karnataka,29,Bagalkot,556,2730,6399,4819
2022-05-20,Groundnut,10,Karnataka,29,Bagalkot,556,2172,6219,5169
2022-05-19,Groundnut,10,Karnataka,29,Bagalkot,556,1733,6315,5293
2022-05-18,Groundnut,10,Karnataka,29,Bagalkot,556,1179,6379,5330
2022-05-16,Groundnut,10,Karnataka,29,Bagalkot,556,2265,6315,5446
2022-05-14,Groundnut,10,Karnataka,29,Bagalkot,556,2529,6159,4974
2022-05-13,Groundnut,10,Karnataka,29,Bagalkot,556,2132,6025,5213
2022-05-12,Groundnut,10,Karnataka,29,Bagalkot,556,1919,6156,5037
2022-05-11,Groundnut,10,Karnataka,29,Bagalkot,556,1115,6209,5490
2022-05-09,Groundnut,10,Karnataka,29,Bagalkot,556,1209,6339,5044
2022-05-07,Groundnut,10,Karnataka,29,Bagalkot,556,2199,6350,5489
2022-05-06,Groundnut,10,Karnataka,29,Bagalkot,556,2159,6339,5482
2022-05-05,Groundnut,10,Karnataka,29,Bagalkot,556,3000,6306,5577
2022-05-04,Groundnut,10,Karnataka,29,Bagalkot,556,2009,6375,5753
2022-04-29,Groundnut,10,Karnataka,29,Bagalkot,556,2245,6279,5245
2022-04-28,Groundnut,10,Karnataka,29,Bagalkot,556,2009,6201,5664
2022-04-27,Groundnut,10,Karnataka,29,Bagalkot,556,2490,6375,5741
2022-04-25,Groundnut,10,Karnataka,29,Bagalkot,556,1870,6361,5562
2022-04-22,Groundnut,10,Karnataka,29,Bagalkot,556,1675,6343,5505
2022-04-21,Groundnut,10,Karnataka,29,Bagalkot,556,2331,6349,5496
2022-04-20,Groundnut,10,Karnataka,29,Bagalkot,556,2109,6369,5518
2022-04-18,Groundnut,10,Karnataka,29,Bagalkot,556,1770,6375,5678
2022-04-16,Groundnut,10,Karnataka,29,Bagalkot,556,1610,6375,5799
2022-04-13,Groundnut,10,Karnataka,29,Bagalkot,556,1259,6255,5642
2022-04-12,Groundnut,10,Karnataka,29,Bagalkot,556,1670,6219,5556
2022-04-11,Groundnut,10,Karnataka,29,Bagalkot,556,1669,6389,5576
2022-04-09,Groundnut,10,Karnataka,29,Bagalkot,556,2339,6159,5604
2022-04-08,Groundnut,10,Karnataka,29,Bagalkot,556,2319,6226,5522
2022-04-07,Groundnut,10,Karnataka,29,Bagalkot,556,2011,6276,5607
2022-04-06,Groundnut,10,Karnataka,29,Bagalkot,556,2611,6315,5636
2022-04-05,Groundnut,10,Karnataka,29,Bagalkot,556,1700,6336,5502
2022-04-04,Groundnut,10,Karnataka,29,Bagalkot,556,3009,6326,5579
2022-04-02,Groundnut,10,Karnataka,29,Bagalkot,556,2570,6406,5737
2022-03-31,Groundnut,10,Karnataka,29,Bagalkot,556,2529,5769,4265
2022-03-30,Groundnut,10,Karnataka,29,Bagalkot,556,2700,6266,5024
2022-03-29,Groundnut,10,Karnataka,29,Bagalkot,556,2400,6326,5383
2022-03-28,Groundnut,10,Karnataka,29,Bagalkot,556,2220,6336,5539
2022-03-25,Groundnut,10,Karnataka,29,Bagalkot,556,1810,6276,5215
2022-03-24,Groundnut,10,Karnataka,29,Bagalkot,556,2009,6335,5277
2022-03-23,Groundnut,10,Karnataka,29,Bagalkot,556,2089,6335,5406
2022-03-22,Groundnut,10,Karnataka,29,Bagalkot,556,2730,6390,5482
2022-03-21,Groundnut,10,Karnataka,29,Bagalkot,556,2770,6355,5432
2022-03-16,Groundnut,10,Karnataka,29,Bagalkot,556,2285,6480,5530
2022-03-15,Groundnut,10,Karnataka,29,Bagalkot,556,2215,6465,5729
2022-03-14,Groundnut,10,Karnataka,29,Bagalkot,556,4144.5,6415.5,5809
2022-03-12,Groundnut,10,Karnataka,29,Bagalkot,556,2510,6365,5072
2022-03-11,Groundnut,10,Karnataka,29,Bagalkot,556,2510,6415,5352
2022-03-10,Groundnut,10,Karnataka,29,Bagalkot,556,4205.5,6562,5727.5
2022-03-09,Groundnut,10,Karnataka,29,Bagalkot,556,3227,5182.5,4508
2022-03-08,Groundnut,10,Karnataka,29,Bagalkot,556,2380,6371,5241
2022-03-07,Groundnut,10,Karnataka,29,Bagalkot,556,2109,6390,4979
2022-03-05,Groundnut,10,Karnataka,29,Bagalkot,556,2085,6291,5144
2022-03-04,Groundnut,10,Karnataka,29,Bagalkot,556,3515.5,5049.5,4578.5
2022-03-03,Groundnut,10,Karnataka,29,Bagalkot,556,1690,6255,5059
2022-03-02,Groundnut,10,Karnataka,29,Bagalkot,556,2950,3896,3642
2022-02-28,Groundnut,10,Karnataka,29,Bagalkot,556,1670,6309,4691
2022-02-25,Groundnut,10,Karnataka,29,Bagalkot,556,1695,6305,5221
2022-02-24,Groundnut,10,Karnataka,29,Bagalkot,556,2809,6311,5092
2022-02-23,Groundnut,10,Karnataka,29,Bagalkot,556,2642,6210,4620
2022-02-22,Groundnut,10,Karnataka,29,Bagalkot,556,2872,6209,5568
2022-02-21,Groundnut,10,Karnataka,29,Bagalkot,556,2690,6355,4916
2022-02-19,Groundnut,10,Karnataka,29,Bagalkot,556,2770,6105,5147
2022-02-18,Groundnut,10,Karnataka,29,Bagalkot,556,2552,6289,5117
2022-02-17,Groundnut,10,Karnataka,29,Bagalkot,556,2710,6290,5249
2022-02-15,Groundnut,10,Karnataka,29,Bagalkot,556,2370,6230,4557
2022-02-14,Groundnut,10,Karnataka,29,Bagalkot,556,3429,6270,5351
2022-02-12,Groundnut,10,Karnataka,29,Bagalkot,556,2340,6370,5415
2022-02-11,Groundnut,10,Karnataka,29,Bagalkot,556,3010,5569,3964
2022-02-10,Groundnut,10,Karnataka,29,Bagalkot,556,3070,6201,4391
2022-02-09,Groundnut,10,Karnataka,29,Bagalkot,556,3390,6311,5010
2022-02-08,Groundnut,10,Karnataka,29,Bagalkot,556,3060,6375,5343
2022-02-07,Groundnut,10,Karnataka,29,Bagalkot,556,3070,6219,5027
2022-02-05,Groundnut,10,Karnataka,29,Bagalkot,556,2711,6170,4590
2022-02-04,Groundnut,10,Karnataka,29,Bagalkot,556,2370,6279,5911
2022-02-03,Groundnut,10,Karnataka,29,Bagalkot,556,2699,6409,5688
2022-02-02,Groundnut,10,Karnataka,29,Bagalkot,556,3321,6312,5648
2022-01-31,Groundnut,10,Karnataka,29,Bagalkot,556,2609,6130,3719
2022-01-29,Groundnut,10,Karnataka,29,Bagalkot,556,2845,6770,3665
2022-01-28,Groundnut,10,Karnataka,29,Bagalkot,556,3562,6701,5244
2022-01-27,Groundnut,10,Karnataka,29,Bagalkot,556,2912,6812,4964
2022-01-25,Groundnut,10,Karnataka,29,Bagalkot,556,3730,3739,3738
2022-01-21,Groundnut,10,Karnataka,29,Bagalkot,556,2309,2309,2309
2022-01-20,Groundnut,10,Karnataka,29,Bagalkot,556,6432,6432,6432
2022-01-19,Groundnut,10,Karnataka,29,Bagalkot,556,3175,3175,3175
2022-01-18,Groundnut,10,Karnataka,29,Bagalkot,556,2790,6390,4477
2022-01-17,Groundnut,10,Karnataka,29,Bagalkot,556,3829,6440,5262
2022-01-13,Groundnut,10,Karnataka,29,Bagalkot,556,6030,6030,6030
2022-01-12,Groundnut,10,Karnataka,29,Bagalkot,556,3511,6320,5910
2022-01-11,Groundnut,10,Karnataka,29,Bagalkot,556,3645,5159,4552
2022-01-10,Groundnut,10,Karnataka,29,Bagalkot,556,2000,6069,4811
2022-01-06,Groundnut,10,Karnataka,29,Bagalkot,556,3270,6370,5989
2022-01-01,Groundnut,10,Karnataka,29,Bagalkot,556,3511,3511,3511
2021-12-31,Groundnut,10,Karnataka,29,Bagalkot,556,5400,5400,5400
2021-12-30,Groundnut,10,Karnataka,29,Bagalkot,556,4870,4870,4870
2021-12-29,Groundnut,10,Karnataka,29,Bagalkot,556,6170,6170,6170
2021-12-27,Groundnut,10,Karnataka,29,Bagalkot,556,6100,6100,6100
2021-12-23,Groundnut,10,Karnataka,29,Bagalkot,556,3669,5169,3969
2021-12-22,Groundnut,10,Karnataka,29,Bagalkot,556,4559,4559,4559
2021-12-20,Groundnut,10,Karnataka,29,Bagalkot,556,6199,6199,6199
2021-12-17,Groundnut,10,Karnataka,29,Bagalkot,556,3670,5670,5070
2021-12-16,Groundnut,10,Karnataka,29,Bagalkot,556,6210,6210,6210
2021-12-15,Groundnut,10,Karnataka,29,Bagalkot,556,3555,5421,4621
2021-12-14,Groundnut,10,Karnataka,29,Bagalkot,556,3521,3521,3521
2021-12-11,Groundnut,10,Karnataka,29,Bagalkot,556,2629,2629,2629
2021-12-10,Groundnut,10,Karnataka,29,Bagalkot,556,5401,6012,5808
2021-12-09,Groundnut,10,Karnataka,29,Bagalkot,556,5259,5259,5259
2021-12-07,Groundnut,10,Karnataka,29,Bagalkot,556,5612,5612,5612
2021-12-06,Groundnut,10,Karnataka,29,Bagalkot,556,5411,5411,5411
2021-11-29,Groundnut,10,Karnataka,29,Bagalkot,556,4211,4685,4510
2021-11-23,Groundnut,10,Karnataka,29,Bagalkot,556,5000,5000,5000
2021-11-19,Groundnut,10,Karnataka,29,Bagalkot,556,5301,5301,5301
2021-11-17,Groundnut,10,Karnataka,29,Bagalkot,556,4300,6011,5380
2021-11-16,Groundnut,10,Karnataka,29,Bagalkot,556,4210,4210,4210
2021-11-11,Groundnut,10,Karnataka,29,Bagalkot,556,4190,4190,4190
2021-11-10,Groundnut,10,Karnataka,29,Bagalkot,556,3889,3889,3889
2021-11-08,Groundnut,10,Karnataka,29,Bagalkot,556,4800,4800,4800
2021-11-06,Groundnut,10,Karnataka,29,Bagalkot,556,5100,5100,5100
2021-11-05,Groundnut,10,Karnataka,29,Bagalkot,556,4170,5510,5041
2021-10-30,Groundnut,10,Karnataka,29,Bagalkot,556,3809,3809,3809
2021-10-29,Groundnut,10,Karnataka,29,Bagalkot,556,3033,3033,3033
2021-10-28,Groundnut,10,Karnataka,29,Bagalkot,556,4020,5690,5126
2021-10-25,Groundnut,10,Karnataka,29,Bagalkot,556,4410,5810,5428
2021-10-22,Groundnut,10,Karnataka,29,Bagalkot,556,4010,4610,4410
2021-10-21,Groundnut,10,Karnataka,29,Bagalkot,556,2150,5830,4207
2021-10-18,Groundnut,10,Karnataka,29,Bagalkot,556,3240,5910,5490
2021-10-16,Groundnut,10,Karnataka,29,Bagalkot,556,5611,5611,5611
2021-10-15,Groundnut,10,Karnataka,29,Bagalkot,556,2869,6019,5484
2021-10-13,Groundnut,10,Karnataka,29,Bagalkot,556,5400,5400,5400
2021-10-12,Groundnut,10,Karnataka,29,Bagalkot,556,1575,1575,1575
2021-10-11,Groundnut,10,Karnataka,29,Bagalkot,556,2909,4519,3456
2021-10-09,Groundnut,10,Karnataka,29,Bagalkot,556,4069,4069,4069
2021-10-08,Groundnut,10,Karnataka,29,Bagalkot,556,2709,2709,2709
2021-10-07,Groundnut,10,Karnataka,29,Bagalkot,556,2219,2830,2521
2021-10-05,Groundnut,10,Karnataka,29,Bagalkot,556,2255,3081,2718
2021-10-04,Groundnut,10,Karnataka,29,Bagalkot,556,2169,4121,2796
2021-10-01,Groundnut,10,Karnataka,29,Bagalkot,556,2009,4050,2909
2021-09-30,Groundnut,10,Karnataka,29,Bagalkot,556,1855,5289,2972
2021-09-29,Groundnut,10,Karnataka,29,Bagalkot,556,2185,4320,2906
2021-09-28,Groundnut,10,Karnataka,29,Bagalkot,556,2185,5100,3135
2021-09-27,Groundnut,10,Karnataka,29,Bagalkot,556,1975,2810,2239
2021-09-24,Groundnut,10,Karnataka,29,Bagalkot,556,2275,4810,3742
2021-09-23,Groundnut,10,Karnataka,29,Bagalkot,556,2675,3570,3194
2021-09-22,Groundnut,10,Karnataka,29,Bagalkot,556,2530,3670,3256
2021-09-21,Groundnut,10,Karnataka,29,Bagalkot,556,1859,4009,3316
2021-09-20,Groundnut,10,Karnataka,29,Bagalkot,556,2420,4511,3703
2021-09-18,Groundnut,10,Karnataka,29,Bagalkot,556,2669,5000,3233
2021-09-17,Groundnut,10,Karnataka,29,Bagalkot,556,2420,2810,2664
2021-09-16,Groundnut,10,Karnataka,29,Bagalkot,556,5200,5200,5200
2021-09-15,Groundnut,10,Karnataka,29,Bagalkot,556,2385,5009,3989
2021-09-14,Groundnut,10,Karnataka,29,Bagalkot,556,4869,5869,5369
2021-09-13,Groundnut,10,Karnataka,29,Bagalkot,556,2250,2250,2250
2021-09-11,Groundnut,10,Karnataka,29,Bagalkot,556,5810,5810,5810
2021-09-09,Groundnut,10,Karnataka,29,Bagalkot,556,5810,6000,5967
2021-09-08,Groundnut,10,Karnataka,29,Bagalkot,556,5300,5300,5300
2021-09-07,Groundnut,10,Karnataka,29,Bagalkot,556,5810,5899,5826
2021-09-04,Groundnut,10,Karnataka,29,Bagalkot,556,4669,5710,4785
2021-09-03,Groundnut,10,Karnataka,29,Bagalkot,556,4400,4400,4400
2021-09-02,Groundnut,10,Karnataka,29,Bagalkot,556,5600,5691,5622
2021-09-01,Groundnut,10,Karnataka,29,Bagalkot,556,4269,5655,5385
2021-08-31,Groundnut,10,Karnataka,29,Bagalkot,556,5109.5,5750,5534
2021-08-28,Groundnut,10,Karnataka,29,Bagalkot,556,4870,5701,5449
2021-08-26,Groundnut,10,Karnataka,29,Bagalkot,556,5700,5700,5700
2021-08-24,Groundnut,10,Karnataka,29,Bagalkot,556,5319,5609,5537
2021-08-23,Groundnut,10,Karnataka,29,Bagalkot,556,6189,6189,6189
2021-08-21,Groundnut,10,Karnataka,29,Bagalkot,556,4500,5020,4639
2021-08-20,Groundnut,10,Karnataka,29,Bagalkot,556,4400,5700,5293
2021-08-18,Groundnut,10,Karnataka,29,Bagalkot,556,3026,5201,3182
2021-08-16,Groundnut,10,Karnataka,29,Bagalkot,556,4095,4872,4281
2021-08-12,Groundnut,10,Karnataka,29,Bagalkot,556,2259,5269,4679
2021-08-11,Groundnut,10,Karnataka,29,Bagalkot,556,5150,5150,5150
2021-08-10,Groundnut,10,Karnataka,29,Bagalkot,556,4572,5435,4820
2021-08-07,Groundnut,10,Karnataka,29,Bagalkot,556,4000,5580,5124
2021-08-06,Groundnut,10,Karnataka,29,Bagalkot,556,4009,5711,5186
2021-08-04,Groundnut,10,Karnataka,29,Bagalkot,556,4000,5769,5356
2021-08-03,Groundnut,10,Karnataka,29,Bagalkot,556,4254.5,5633,5400
2021-07-31,Groundnut,10,Karnataka,29,Bagalkot,556,4539,6039,5629
2021-07-30,Groundnut,10,Karnataka,29,Bagalkot,556,5166.666666666667,5833.333333333333,5740
2021-07-29,Groundnut,10,Karnataka,29,Bagalkot,556,3000,5899,5327
2021-07-28,Groundnut,10,Karnataka,29,Bagalkot,556,1000,5869,4890
2021-07-27,Groundnut,10,Karnataka,29,Bagalkot,556,1100,5811,4937
2021-07-26,Groundnut,10,Karnataka,29,Bagalkot,556,3009,5859,5438
2021-07-23,Groundnut,10,Karnataka,29,Bagalkot,556,1000,5941,5377
2021-07-22,Groundnut,10,Karnataka,29,Bagalkot,556,1000,5961,5269
2021-07-20,Groundnut,10,Karnataka,29,Bagalkot,556,3600,5579.5,5212
2021-07-19,Groundnut,10,Karnataka,29,Bagalkot,556,2000,5899,5276
2021-07-17,Groundnut,10,Karnataka,29,Bagalkot,556,2511,5810,5133
2021-07-16,Groundnut,10,Karnataka,29,Bagalkot,556,2000,5859,5016
2021-07-15,Groundnut,10,Karnataka,29,Bagalkot,556,3000,5769,5062
2021-07-14,Groundnut,10,Karnataka,29,Bagalkot,556,2511,5759,5023
2021-07-13,Groundnut,10,Karnataka,29,Bagalkot,556,3009,5749,5021
2021-07-12,Groundnut,10,Karnataka,29,Bagalkot,556,3009,5690,5079
2021-07-10,Groundnut,10,Karnataka,29,Bagalkot,556,2811,5639,4904
2021-07-08,Groundnut,10,Karnataka,29,Bagalkot,556,4405,5559,5091
2021-07-07,Groundnut,10,Karnataka,29,Bagalkot,556,4405,5559,5091
2021-07-06,Groundnut,10,Karnataka,29,Bagalkot,556,4004.5,5279.5,4876
2021-07-05,Groundnut,10,Karnataka,29,Bagalkot,556,3009,5599,4886
2021-07-03,Groundnut,10,Karnataka,29,Bagalkot,556,2519,5529,4488
2021-07-02,Groundnut,10,Karnataka,29,Bagalkot,556,1690,5541,4587
2021-06-30,Groundnut,10,Karnataka,29,Bagalkot,556,2430,5629,4900
2021-06-29,Groundnut,10,Karnataka,29,Bagalkot,556,2415.5,4350.5,3947
2021-06-28,Groundnut,10,Karnataka,29,Bagalkot,556,2290,5699,5003
2021-06-24,Groundnut,10,Karnataka,29,Bagalkot,556,4700,4700,4700
2021-06-23,Groundnut,10,Karnataka,29,Bagalkot,556,3400,5699,5280
2021-06-22,Groundnut,10,Karnataka,29,Bagalkot,556,1410,5819,5069
2021-06-21,Groundnut,10,Karnataka,29,Bagalkot,556,1330,5905,5144
2021-06-19,Groundnut,10,Karnataka,29,Bagalkot,556,4991,5269,5149
2021-06-18,Groundnut,10,Karnataka,29,Bagalkot,556,2511,5570,4535
2021-06-17,Groundnut,10,Karnataka,29,Bagalkot,556,3235,5579.5,4845
2021-06-16,Groundnut,10,Karnataka,29,Bagalkot,556,2270,5709,4894
2021-06-15,Groundnut,10,Karnataka,29,Bagalkot,556,1920,6005,5042
2021-06-14,Groundnut,10,Karnataka,29,Bagalkot,556,1685,6009,5272
2021-06-12,Groundnut,10,Karnataka,29,Bagalkot,556,1900,6029,5163
2021-06-11,Groundnut,10,Karnataka,29,Bagalkot,556,1755,6130,5398
2021-06-10,Groundnut,10,Karnataka,29,Bagalkot,556,2864,2864,2864
2021-06-09,Groundnut,10,Karnataka,29,Bagalkot,556,3211,6055,5322
2021-06-08,Groundnut,10,Karnataka,29,Bagalkot,556,3211,6050,5392
2021-06-07,Groundnut,10,Karnataka,29,Bagalkot,556,1575,6039,5213
2021-06-05,Groundnut,10,Karnataka,29,Bagalkot,556,1225,6050,5452
2021-06-04,Groundnut,10,Karnataka,29,Bagalkot,556,4505,5989,5333
2021-06-03,Groundnut,10,Karnataka,29,Bagalkot,556,2191.5,4590.5,4229
2021-06-02,Groundnut,10,Karnataka,29,Bagalkot,556,1635,6099,5222
2021-06-01,Groundnut,10,Karnataka,29,Bagalkot,556,2495,6089,5334
2021-05-31,Groundnut,10,Karnataka,29,Bagalkot,556,2370,6070,5439
2021-05-29,Groundnut,10,Karnataka,29,Bagalkot,556,1585,6099,5448
2021-05-28,Groundnut,10,Karnataka,29,Bagalkot,556,2567,4750.5,4298.5
2021-05-27,Groundnut,10,Karnataka,29,Bagalkot,556,2270,6189,5469
2021-05-26,Groundnut,10,Karnataka,29,Bagalkot,556,1869,6150,5393
2021-05-24,Groundnut,10,Karnataka,29,Bagalkot,556,3511,6110,5330
2021-05-21,Groundnut,10,Karnataka,29,Bagalkot,556,2511,6069,5580
2021-05-20,Groundnut,10,Karnataka,29,Bagalkot,556,3360.5,4458,4120.5
2021-05-19,Groundnut,10,Karnataka,29,Bagalkot,556,2826,6100,5356
2021-05-17,Groundnut,10,Karnataka,29,Bagalkot,556,5153,5694.5,5523
2021-05-13,Groundnut,10,Karnataka,29,Bagalkot,556,2688,2688,2688
2021-05-08,Groundnut,10,Karnataka,29,Bagalkot,556,2399,5950,5524
2021-05-07,Groundnut,10,Karnataka,29,Bagalkot,556,1555,5960,5424
2021-05-06,Groundnut,10,Karnataka,29,Bagalkot,556,2252.5,4390,4155
2021-05-05,Groundnut,10,Karnataka,29,Bagalkot,556,1920,5960,5460
2021-05-04,Groundnut,10,Karnataka,29,Bagalkot,556,2900,4977,2900
2021-05-03,Groundnut,10,Karnataka,29,Bagalkot,556,1665,6011,5445
2021-04-30,Groundnut,10,Karnataka,29,Bagalkot,556,3829.5,5857,5579.5
2021-04-29,Groundnut,10,Karnataka,29,Bagalkot,556,2822.5,4570,4321
2021-04-28,Groundnut,10,Karnataka,29,Bagalkot,556,5200,5200,5200
2021-04-27,Groundnut,10,Karnataka,29,Bagalkot,556,2574,2574,2574
2021-04-26,Groundnut,10,Karnataka,29,Bagalkot,556,2070,6030,5424
2021-04-23,Groundnut,10,Karnataka,29,Bagalkot,556,2597,4424,4017
2021-04-22,Groundnut,10,Karnataka,29,Bagalkot,556,2016,3850,2230
2021-04-21,Groundnut,10,Karnataka,29,Bagalkot,556,2349,6029,5437
2021-04-20,Groundnut,10,Karnataka,29,Bagalkot,556,2309,6259,5427
2021-04-19,Groundnut,10,Karnataka,29,Bagalkot,556,1511,6319,5562
2021-04-17,Groundnut,10,Karnataka,29,Bagalkot,556,2300.5,4635.5,4347.5
2021-04-16,Groundnut,10,Karnataka,29,Bagalkot,556,2747.5,4700.5,4267.5
2021-04-15,Groundnut,10,Karnataka,29,Bagalkot,556,3866.5,5854.5,5562.5
2021-04-13,Groundnut,10,Karnataka,29,Bagalkot,556,1877,5845,5357
2021-04-10,Groundnut,10,Karnataka,29,Bagalkot,556,1010,5775,4850
2021-04-09,Groundnut,10,Karnataka,29,Bagalkot,556,1665,5779,4941
2021-04-08,Groundnut,10,Karnataka,29,Bagalkot,556,2356.5,4691,4209.5
2021-04-07,Groundnut,10,Karnataka,29,Bagalkot,556,2717.5,4547,4221
2021-04-06,Groundnut,10,Karnataka,29,Bagalkot,556,2059,6100,5505
2021-04-05,Groundnut,10,Karnataka,29,Bagalkot,556,2590,6225,5630
2021-04-03,Groundnut,10,Karnataka,29,Bagalkot,556,2885,6059,5874
2021-04-01,Groundnut,10,Karnataka,29,Bagalkot,556,2270,6379,5801
2021-03-31,Groundnut,10,Karnataka,29,Bagalkot,556,2801,3609,3111
2021-03-26,Groundnut,10,Karnataka,29,Bagalkot,556,2419,6305,4851
2021-03-25,Groundnut,10,Karnataka,29,Bagalkot,556,2565,3918.5,2956.5
2021-03-24,Groundnut,10,Karnataka,29,Bagalkot,556,2768,5282,4573
2021-03-23,Groundnut,10,Karnataka,29,Bagalkot,556,2029,6635,5100
2021-03-22,Groundnut,10,Karnataka,29,Bagalkot,556,1569,6419,4888
2021-03-20,Groundnut,10,Karnataka,29,Bagalkot,556,3018.5,5184.5,4557.5
2021-03-19,Groundnut,10,Karnataka,29,Bagalkot,556,2919,6750,5728
2021-03-18,Groundnut,10,Karnataka,29,Bagalkot,556,2895,5314.5,4489.5
2021-03-17,Groundnut,10,Karnataka,29,Bagalkot,556,2790,6655,6050
2021-03-15,Groundnut,10,Karnataka,29,Bagalkot,556,2570,6619,5732
2021-03-12,Groundnut,10,Karnataka,29,Bagalkot,556,2249,6705,5193
2021-03-10,Groundnut,10,Karnataka,29,Bagalkot,556,3570,6559,5518
2021-03-09,Groundnut,10,Karnataka,29,Bagalkot,556,3830,6551,5793
2021-03-08,Groundnut,10,Karnataka,29,Bagalkot,556,3069,6520,5722
2021-03-06,Groundnut,10,Karnataka,29,Bagalkot,556,3010,6702,4847
2021-03-05,Groundnut,10,Karnataka,29,Bagalkot,556,3800,3930,3828
2021-03-04,Groundnut,10,Karnataka,29,Bagalkot,556,3861,6650,5819
2021-03-03,Groundnut,10,Karnataka,29,Bagalkot,556,3621,6625,6381
2021-03-02,Groundnut,10,Karnataka,29,Bagalkot,556,6090,6619,6417
2021-03-01,Groundnut,10,Karnataka,29,Bagalkot,556,6090,6619,6417
2021-02-25,Groundnut,10,Karnataka,29,Bagalkot,556,3211,6051,5645
2021-02-24,Groundnut,10,Karnataka,29,Bagalkot,556,3990,6390,5893
2021-02-22,Groundnut,10,Karnataka,29,Bagalkot,556,6129,6311,6167
2021-02-20,Groundnut,10,Karnataka,29,Bagalkot,556,6229,6229,6229
2021-02-19,Groundnut,10,Karnataka,29,Bagalkot,556,3540,6339,5915
2021-02-18,Groundnut,10,Karnataka,29,Bagalkot,556,5101,5910,5217
2021-02-17,Groundnut,10,Karnataka,29,Bagalkot,556,5909,6309,6105
2021-02-16,Groundnut,10,Karnataka,29,Bagalkot,556,3460,5010,3799
2021-02-15,Groundnut,10,Karnataka,29,Bagalkot,556,5519,5519,5519
2021-02-13,Groundnut,10,Karnataka,29,Bagalkot,556,6012,6012,6012
2021-02-12,Groundnut,10,Karnataka,29,Bagalkot,556,1610,3780,2574
2021-02-09,Groundnut,10,Karnataka,29,Bagalkot,556,4900,5621,5309
2021-02-04,Groundnut,10,Karnataka,29,Bagalkot,556,5240,5830,5551
2021-02-03,Groundnut,10,Karnataka,29,Bagalkot,556,5109,5109,5109
2021-02-01,Groundnut,10,Karnataka,29,Bagalkot,556,4810,5010,4957
2021-01-30,Groundnut,10,Karnataka,29,Bagalkot,556,5610,5610,5610
2021-01-25,Groundnut,10,Karnataka,29,Bagalkot,556,1872,5520,4249
2021-01-22,Groundnut,10,Karnataka,29,Bagalkot,556,2529,4620,3313
2021-01-21,Groundnut,10,Karnataka,29,Bagalkot,556,2745,2745,2745
2021-01-20,Groundnut,10,Karnataka,29,Bagalkot,556,5120,5120,5120
2021-01-19,Groundnut,10,Karnataka,29,Bagalkot,556,4509,4509,4509
2021-01-18,Groundnut,10,Karnataka,29,Bagalkot,556,4420,4420,4420
2021-01-15,Groundnut,10,Karnataka,29,Bagalkot,556,3200,3410,3270
2021-01-11,Groundnut,10,Karnataka,29,Bagalkot,556,3210,3210,3210
2021-01-09,Groundnut,10,Karnataka,29,Bagalkot,556,4320,4320,4320
2021-01-04,Groundnut,10,Karnataka,29,Bagalkot,556,3670,4490,4080
2021-01-02,Groundnut,10,Karnataka,29,Bagalkot,556,4269,4269,4269
2020-12-28,Groundnut,10,Karnataka,29,Bagalkot,556,4410,4410,4410
2020-12-22,Groundnut,10,Karnataka,29,Bagalkot,556,4270,4351,4298
2020-12-16,Groundnut,10,Karnataka,29,Bagalkot,556,4222,4222,4222
2020-12-11,Groundnut,10,Karnataka,29,Bagalkot,556,4200,4444,4322
2020-12-04,Groundnut,10,Karnataka,29,Bagalkot,556,4883,4883,4883
2020-12-02,Groundnut,10,Karnataka,29,Bagalkot,556,4001,4001,4001
2020-12-01,Groundnut,10,Karnataka,29,Bagalkot,556,3500,4109,3843
2020-11-30,Groundnut,10,Karnataka,29,Bagalkot,556,4821,4821,4821
2020-11-27,Groundnut,10,Karnataka,29,Bagalkot,556,4011,4569,4337
2020-11-26,Groundnut,10,Karnataka,29,Bagalkot,556,4051,4770,4425
2020-11-25,Groundnut,10,Karnataka,29,Bagalkot,556,4210,4210,4210
2020-11-24,Groundnut,10,Karnataka,29,Bagalkot,556,3811,3851,3819
2020-11-23,Groundnut,10,Karnataka,29,Bagalkot,556,3032,4530,3576
2020-11-20,Groundnut,10,Karnataka,29,Bagalkot,556,3410,4011,3826
2020-11-19,Groundnut,10,Karnataka,29,Bagalkot,556,3001,4370,4038
2020-11-18,Groundnut,10,Karnataka,29,Bagalkot,556,811,3309,1492
2020-11-17,Groundnut,10,Karnataka,29,Bagalkot,556,3501,4829,4009
2020-11-16,Groundnut,10,Karnataka,29,Bagalkot,556,2670,4709,4098
2020-11-11,Groundnut,10,Karnataka,29,Bagalkot,556,3110,3110,3110
2020-11-10,Groundnut,10,Karnataka,29,Bagalkot,556,3021,4000,3698
2020-11-09,Groundnut,10,Karnataka,29,Bagalkot,556,2520,3510,3294
2020-11-07,Groundnut,10,Karnataka,29,Bagalkot,556,2710,4041,3233
2020-11-06,Groundnut,10,Karnataka,29,Bagalkot,556,2211,3159,2986
2020-11-05,Groundnut,10,Karnataka,29,Bagalkot,556,2810,3490,3176
2020-11-04,Groundnut,10,Karnataka,29,Bagalkot,556,2521,4170,3330
2020-11-03,Groundnut,10,Karnataka,29,Bagalkot,556,2309,4109,3170
2020-11-02,Groundnut,10,Karnataka,29,Bagalkot,556,2411,3390,2898
2020-10-29,Groundnut,10,Karnataka,29,Bagalkot,556,2210,2790,2617
2020-10-28,Groundnut,10,Karnataka,29,Bagalkot,556,2319,3111,2813
2020-10-27,Groundnut,10,Karnataka,29,Bagalkot,556,2390,3090,2778
2020-10-25,Groundnut,10,Karnataka,29,Bagalkot,556,2511,4611,3829
2020-10-23,Groundnut,10,Karnataka,29,Bagalkot,556,2410,2951,2749
2020-10-22,Groundnut,10,Karnataka,29,Bagalkot,556,1529,1529,1529
2020-10-21,Groundnut,10,Karnataka,29,Bagalkot,556,1629,3329,3154
2020-10-20,Groundnut,10,Karnataka,29,Bagalkot,556,2900,3521,3397
2020-10-19,Groundnut,10,Karnataka,29,Bagalkot,556,1509,4301,3159
2020-10-13,Groundnut,10,Karnataka,29,Bagalkot,556,1921,3150,2922
2020-10-12,Groundnut,10,Karnataka,29,Bagalkot,556,3246,3246,3246
2020-10-10,Groundnut,10,Karnataka,29,Bagalkot,556,1529,3019,2625
2020-10-07,Groundnut,10,Karnataka,29,Bagalkot,556,4011,4011,4011
2020-10-05,Groundnut,10,Karnataka,29,Bagalkot,556,3020,3020,3020
2020-09-25,Groundnut,10,Karnataka,29,Bagalkot,556,4011,4871,4502
2020-09-24,Groundnut,10,Karnataka,29,Bagalkot,556,2300,2300,2300
2020-09-23,Groundnut,10,Karnataka,29,Bagalkot,556,2315,3029,2801
2020-09-22,Groundnut,10,Karnataka,29,Bagalkot,556,4215,4900,4711
2020-09-21,Groundnut,10,Karnataka,29,Bagalkot,556,3109,4800,4128
2020-09-19,Groundnut,10,Karnataka,29,Bagalkot,556,3014,3014,3014
2020-09-16,Groundnut,10,Karnataka,29,Bagalkot,556,2131,4009,2294
2020-09-14,Groundnut,10,Karnataka,29,Bagalkot,556,2076,3711,2738
2020-09-12,Groundnut,10,Karnataka,29,Bagalkot,556,3551,3551,3551
2020-09-10,Groundnut,10,Karnataka,29,Bagalkot,556,3111,3221,3188
2020-09-01,Groundnut,10,Karnataka,29,Bagalkot,556,4100,4100,4100
2020-08-31,Groundnut,10,Karnataka,29,Bagalkot,556,3900,3900,3900
2020-08-26,Groundnut,10,Karnataka,29,Bagalkot,556,5501,5501,5501
2020-08-25,Groundnut,10,Karnataka,29,Bagalkot,556,5011,5500,5387
2020-08-24,Groundnut,10,Karnataka,29,Bagalkot,556,5201,5201,5201
2020-08-21,Groundnut,10,Karnataka,29,Bagalkot,556,5300,5300,5300
2020-08-20,Groundnut,10,Karnataka,29,Bagalkot,556,5050,5401,5242
2020-08-18,Groundnut,10,Karnataka,29,Bagalkot,556,5150.5,5150.5,5150.5
2020-08-06,Groundnut,10,Karnataka,29,Bagalkot,556,5316,5639,5528
2020-08-05,Groundnut,10,Karnataka,29,Bagalkot,556,5629,7605,6966
2020-08-04,Groundnut,10,Karnataka,29,Bagalkot,556,5400,5729,5658
2020-08-03,Groundnut,10,Karnataka,29,Bagalkot,556,5006,5969,5737
2020-07-30,Groundnut,10,Karnataka,29,Bagalkot,556,5586,6009,5767
2020-07-18,Groundnut,10,Karnataka,29,Bagalkot,556,5336,5839,5649
2020-07-17,Groundnut,10,Karnataka,29,Bagalkot,556,1510,5821,5579
2020-07-16,Groundnut,10,Karnataka,29,Bagalkot,556,1309,5811,5412
2020-07-15,Groundnut,10,Karnataka,29,Bagalkot,556,5086,5846,5607
2020-07-14,Groundnut,10,Karnataka,29,Bagalkot,556,5086,5965,5573
2020-07-13,Groundnut,10,Karnataka,29,Bagalkot,556,5186,5969,5744
2020-07-11,Groundnut,10,Karnataka,29,Bagalkot,556,5600,5919,5742
2020-07-10,Groundnut,10,Karnataka,29,Bagalkot,556,3969,5989,5640
2020-07-09,Groundnut,10,Karnataka,29,Bagalkot,556,5465,5969,5797
2020-07-08,Groundnut,10,Karnataka,29,Bagalkot,556,5255,6000,5784
2020-07-07,Groundnut,10,Karnataka,29,Bagalkot,556,5466,5955,5760
2020-07-06,Groundnut,10,Karnataka,29,Bagalkot,556,5366,5979,5767
2020-07-03,Groundnut,10,Karnataka,29,Bagalkot,556,5016,5990,5771
2020-07-02,Groundnut,10,Karnataka,29,Bagalkot,556,5316,5909,5718
2020-07-01,Groundnut,10,Karnataka,29,Bagalkot,556,3709,5979,5616
2020-06-30,Groundnut,10,Karnataka,29,Bagalkot,556,5176,5935,5645
2020-06-29,Groundnut,10,Karnataka,29,Bagalkot,556,4916,6020,5700
2020-06-26,Groundnut,10,Karnataka,29,Bagalkot,556,4216,5969,5654
2020-06-25,Groundnut,10,Karnataka,29,Bagalkot,556,5216,6019,5790
2020-06-24,Groundnut,10,Karnataka,29,Bagalkot,556,2089,6050,5757
2020-06-23,Groundnut,10,Karnataka,29,Bagalkot,556,4816,6029,5749
2020-06-22,Groundnut,10,Karnataka,29,Bagalkot,556,5494.5,6408,6228.5
2020-06-20,Groundnut,10,Karnataka,29,Bagalkot,556,1862,5960,5548
2020-06-19,Groundnut,10,Karnataka,29,Bagalkot,556,4801,5889,5515
2020-06-18,Groundnut,10,Karnataka,29,Bagalkot,556,4800,5961,5574
2020-06-17,Groundnut,10,Karnataka,29,Bagalkot,556,5800,6464.5,6219.5
2020-06-16,Groundnut,10,Karnataka,29,Bagalkot,556,5126,6021,5713
2020-06-15,Groundnut,10,Karnataka,29,Bagalkot,556,5066,6049,5720
2020-06-13,Groundnut,10,Karnataka,29,Bagalkot,556,5026,6041,5673
2020-06-12,Groundnut,10,Karnataka,29,Bagalkot,556,2771,6050,5739
2020-06-11,Groundnut,10,Karnataka,29,Bagalkot,556,4110,6049,5738
2020-06-10,Groundnut,10,Karnataka,29,Bagalkot,556,5111,6009,5697
2020-06-09,Groundnut,10,Karnataka,29,Bagalkot,556,4826,5930,5588
2020-06-08,Groundnut,10,Karnataka,29,Bagalkot,556,1610,5970,5534
2020-06-04,Groundnut,10,Karnataka,29,Bagalkot,556,2962,5933,5473
2020-06-03,Groundnut,10,Karnataka,29,Bagalkot,556,4511,5769,5417
2020-06-02,Groundnut,10,Karnataka,29,Bagalkot,556,2620,5721,5357
2020-06-01,Groundnut,10,Karnataka,29,Bagalkot,556,3461,5477.5,5202
2020-05-30,Groundnut,10,Karnataka,29,Bagalkot,556,2390,5750,5370
2020-05-29,Groundnut,10,Karnataka,29,Bagalkot,556,2301,5780,5394
2020-05-28,Groundnut,10,Karnataka,29,Bagalkot,556,4690,5935,5525
2020-05-27,Groundnut,10,Karnataka,29,Bagalkot,556,4867,5929,5560
2020-05-26,Groundnut,10,Karnataka,29,Bagalkot,556,1889,5999,5453
2020-05-22,Groundnut,10,Karnataka,29,Bagalkot,556,5000,5000,5000
2020-05-21,Groundnut,10,Karnataka,29,Bagalkot,556,2663.5,4423.5,4225
2020-05-20,Groundnut,10,Karnataka,29,Bagalkot,556,2329,6070,5590
2020-05-19,Groundnut,10,Karnataka,29,Bagalkot,556,1370,6035,5563
2020-05-18,Groundnut,10,Karnataka,29,Bagalkot,556,3746,5624.5,5383.5
2020-05-16,Groundnut,10,Karnataka,29,Bagalkot,556,2462,5955,5505
2020-05-15,Groundnut,10,Karnataka,29,Bagalkot,556,1900,5905,5434
2020-05-14,Groundnut,10,Karnataka,29,Bagalkot,556,2782,5852,5571
2020-05-13,Groundnut,10,Karnataka,29,Bagalkot,556,2659,5819,5496
2020-05-12,Groundnut,10,Karnataka,29,Bagalkot,556,2210,5765,5436
2020-05-11,Groundnut,10,Karnataka,29,Bagalkot,556,2312,5739,5391
2020-05-09,Groundnut,10,Karnataka,29,Bagalkot,556,4980,5690,5358
2020-05-08,Groundnut,10,Karnataka,29,Bagalkot,556,2341,5961,5256
2020-05-07,Groundnut,10,Karnataka,29,Bagalkot,556,4900,5670,5270
2020-05-06,Groundnut,10,Karnataka,29,Bagalkot,556,2359,5690,5237
2020-05-04,Groundnut,10,Karnataka,29,Bagalkot,556,2230,5665,5245
2020-05-02,Groundnut,10,Karnataka,29,Bagalkot,556,2459,5621,5192
2020-04-30,Groundnut,10,Karnataka,29,Bagalkot,556,3737,4256,4112
2020-04-29,Groundnut,10,Karnataka,29,Bagalkot,556,2810,5570,5151
2020-04-27,Groundnut,10,Karnataka,29,Bagalkot,556,2000,5600,5092
2020-04-24,Groundnut,10,Karnataka,29,Bagalkot,556,4148,4391.5,4148
2020-04-22,Groundnut,10,Karnataka,29,Bagalkot,556,2601,5759,5431
2020-04-21,Groundnut,10,Karnataka,29,Bagalkot,556,4900,4900,4900
2020-04-20,Groundnut,10,Karnataka,29,Bagalkot,556,4290,5860,5554
2020-04-18,Groundnut,10,Karnataka,29,Bagalkot,556,3240,5840,5559
2020-04-17,Groundnut,10,Karnataka,29,Bagalkot,556,4007.5,4327,4267
2020-04-16,Groundnut,10,Karnataka,29,Bagalkot,556,3056,3056,3056
2020-04-15,Groundnut,10,Karnataka,29,Bagalkot,556,4800,4800,4800
2020-04-09,Groundnut,10,Karnataka,29,Bagalkot,556,4800,5825,5610
2020-04-08,Groundnut,10,Karnataka,29,Bagalkot,556,4405,5819,5539
2020-03-23,Groundnut,10,Karnataka,29,Bagalkot,556,4366,5048.5,4946
2020-03-21,Groundnut,10,Karnataka,29,Bagalkot,556,3362.5,4689.5,4504.5
2020-03-20,Groundnut,10,Karnataka,29,Bagalkot,556,2802.5,4473.5,4133.5
2020-03-19,Groundnut,10,Karnataka,29,Bagalkot,556,4410,5670,5348
2020-03-18,Groundnut,10,Karnataka,29,Bagalkot,556,2672,5666,5302
2020-03-17,Groundnut,10,Karnataka,29,Bagalkot,556,2430,5629,4839
2020-03-16,Groundnut,10,Karnataka,29,Bagalkot,556,2500,5705,5225
2020-03-14,Groundnut,10,Karnataka,29,Bagalkot,556,2200,6151,5548
2020-03-13,Groundnut,10,Karnataka,29,Bagalkot,556,2500,6165,5514
2020-03-12,Groundnut,10,Karnataka,29,Bagalkot,556,3638,3890,3890
2020-03-09,Groundnut,10,Karnataka,29,Bagalkot,556,5500.5,5500.5,5500.5
2020-03-07,Groundnut,10,Karnataka,29,Bagalkot,556,3370,6551,5580
2020-03-06,Groundnut,10,Karnataka,29,Bagalkot,556,3109.5,5017.5,4476.5
2020-03-05,Groundnut,10,Karnataka,29,Bagalkot,556,3390,5810,4409
2020-03-04,Groundnut,10,Karnataka,29,Bagalkot,556,3230,6379,5016
2020-03-03,Groundnut,10,Karnataka,29,Bagalkot,556,2533,6341,5273
2020-03-02,Groundnut,10,Karnataka,29,Bagalkot,556,2790,6211,4906
2020-02-29,Groundnut,10,Karnataka,29,Bagalkot,556,2870,5725,4545
2020-02-28,Groundnut,10,Karnataka,29,Bagalkot,556,3201.5,5054.5,4281.5
2020-02-27,Groundnut,10,Karnataka,29,Bagalkot,556,3162,5320,3598.5
2020-02-26,Groundnut,10,Karnataka,29,Bagalkot,556,2749.5,3994.5,3216
2020-02-25,Groundnut,10,Karnataka,29,Bagalkot,556,2620,5501,4060
2020-02-24,Groundnut,10,Karnataka,29,Bagalkot,556,2255,5501,4670
2020-02-20,Groundnut,10,Karnataka,29,Bagalkot,556,2691,5429,4375
2020-02-19,Groundnut,10,Karnataka,29,Bagalkot,556,2555,3855,2841.5
2020-02-18,Groundnut,10,Karnataka,29,Bagalkot,556,3859.5,4890,4324
2020-02-17,Groundnut,10,Karnataka,29,Bagalkot,556,2380,5395,3901
2020-02-15,Groundnut,10,Karnataka,29,Bagalkot,556,2373,5360,3658
2020-02-14,Groundnut,10,Karnataka,29,Bagalkot,556,2722,4944,3182.5
2020-02-13,Groundnut,10,Karnataka,29,Bagalkot,556,2890,5229,3983
2020-02-12,Groundnut,10,Karnataka,29,Bagalkot,556,3996.5,4097,4048
2020-02-11,Groundnut,10,Karnataka,29,Bagalkot,556,5112,5231,5143
2020-02-10,Groundnut,10,Karnataka,29,Bagalkot,556,1560,5015,4907
2020-02-08,Groundnut,10,Karnataka,29,Bagalkot,556,2529,4951,4117
2020-02-07,Groundnut,10,Karnataka,29,Bagalkot,556,2780.5,3775.5,3352.5
2020-02-06,Groundnut,10,Karnataka,29,Bagalkot,556,4165.5,4273,4235
2020-02-05,Groundnut,10,Karnataka,29,Bagalkot,556,2830,4901,4301
2020-02-04,Groundnut,10,Karnataka,29,Bagalkot,556,2621,4870,4857
2020-02-03,Groundnut,10,Karnataka,29,Bagalkot,556,2251,4921,4018
2020-02-01,Groundnut,10,Karnataka,29,Bagalkot,556,4101,4401,4276
2020-01-31,Groundnut,10,Karnataka,29,Bagalkot,556,2309,4391,3546
2020-01-30,Groundnut,10,Karnataka,29,Bagalkot,556,2641,4509,3299
2020-01-29,Groundnut,10,Karnataka,29,Bagalkot,556,2690,4690,4154
2020-01-28,Groundnut,10,Karnataka,29,Bagalkot,556,1692,4710,3807
2020-01-27,Groundnut,10,Karnataka,29,Bagalkot,556,1933,4291,3193
2020-01-23,Groundnut,10,Karnataka,29,Bagalkot,556,2520,3012,2622
2020-01-22,Groundnut,10,Karnataka,29,Bagalkot,556,1610,2510,1663
2020-01-21,Groundnut,10,Karnataka,29,Bagalkot,556,2430,3530,3224
2020-01-20,Groundnut,10,Karnataka,29,Bagalkot,556,1760,4220,2348
2020-01-18,Groundnut,10,Karnataka,29,Bagalkot,556,1711,1860,1780
2020-01-17,Groundnut,10,Karnataka,29,Bagalkot,556,1370,2640,2192
2020-01-16,Groundnut,10,Karnataka,29,Bagalkot,556,1970,4392,2930
2020-01-14,Groundnut,10,Karnataka,29,Bagalkot,556,3110,4370,3211
2020-01-09,Groundnut,10,Karnataka,29,Bagalkot,556,1575,4709,3664
2020-01-04,Groundnut,10,Karnataka,29,Bagalkot,556,2169,3670,2544
2020-01-02,Groundnut,10,Karnataka,29,Bagalkot,556,2600,3729,3311
2020-01-01,Groundnut,10,Karnataka,29,Bagalkot,556,2012,3465,2564
2019-12-20,Groundnut,10,Karnataka,29,Bagalkot,556,3010,3010,3010
2019-12-13,Groundnut,10,Karnataka,29,Bagalkot,556,2770,3810,2869
2019-12-12,Groundnut,10,Karnataka,29,Bagalkot,556,2529,2529,2529
2019-12-10,Groundnut,10,Karnataka,29,Bagalkot,556,2610,2611,2611
2019-12-07,Groundnut,10,Karnataka,29,Bagalkot,556,2533,4370,3674
2019-11-30,Groundnut,10,Karnataka,29,Bagalkot,556,3020,3020,3020
2019-11-28,Groundnut,10,Karnataka,29,Bagalkot,556,3320,3320,3320
2019-11-27,Groundnut,10,Karnataka,29,Bagalkot,556,2830,3370,3154
2019-11-25,Groundnut,10,Karnataka,29,Bagalkot,556,2500,3389,3167
2019-11-22,Groundnut,10,Karnataka,29,Bagalkot,556,2661,3429,2880
2019-11-21,Groundnut,10,Karnataka,29,Bagalkot,556,2600,3120,2820
2019-11-20,Groundnut,10,Karnataka,29,Bagalkot,556,2070,2670,2197
2019-11-18,Groundnut,10,Karnataka,29,Bagalkot,556,1960,3825,2670
2019-11-16,Groundnut,10,Karnataka,29,Bagalkot,556,2220,3590,2582
2019-11-14,Groundnut,10,Karnataka,29,Bagalkot,556,2319,3970,3252
2019-11-13,Groundnut,10,Karnataka,29,Bagalkot,556,2201,3050,2371
2019-11-12,Groundnut,10,Karnataka,29,Bagalkot,556,2570,2890,2779
2019-11-11,Groundnut,10,Karnataka,29,Bagalkot,556,2159,2889,2444
2019-11-07,Groundnut,10,Karnataka,29,Bagalkot,556,2150,2410,2252
2019-11-06,Groundnut,10,Karnataka,29,Bagalkot,556,2021,2021,2021
2019-11-05,Groundnut,10,Karnataka,29,Bagalkot,556,2110,4109,3043
2019-11-04,Groundnut,10,Karnataka,29,Bagalkot,556,1801,2730,2387
2019-11-02,Groundnut,10,Karnataka,29,Bagalkot,556,4470,4570,4492
2019-10-29,Groundnut,10,Karnataka,29,Bagalkot,556,2399,5555,4185
2019-10-25,Groundnut,10,Karnataka,29,Bagalkot,556,2111,2111,2111
2019-10-24,Groundnut,10,Karnataka,29,Bagalkot,556,2600,2600,2600
2019-10-23,Groundnut,10,Karnataka,29,Bagalkot,556,2352,2352,2352
2019-10-22,Groundnut,10,Karnataka,29,Bagalkot,556,1570,2809,1869
2019-10-21,Groundnut,10,Karnataka,29,Bagalkot,556,2001,2811,2406
2019-10-18,Groundnut,10,Karnataka,29,Bagalkot,556,3721,3870,3782
2019-10-17,Groundnut,10,Karnataka,29,Bagalkot,556,3989,4069,4040
2019-10-16,Groundnut,10,Karnataka,29,Bagalkot,556,3170,3930,3653
2019-10-15,Groundnut,10,Karnataka,29,Bagalkot,556,3202,3202,3202
2019-10-14,Groundnut,10,Karnataka,29,Bagalkot,556,3711,4211,4089
2019-10-12,Groundnut,10,Karnataka,29,Bagalkot,556,4011,4021,4016
2019-10-11,Groundnut,10,Karnataka,29,Bagalkot,556,3620,3620,3620
2019-10-09,Groundnut,10,Karnataka,29,Bagalkot,556,2590,3719,3171
2019-10-05,Groundnut,10,Karnataka,29,Bagalkot,556,3730,5700,4309
2019-10-04,Groundnut,10,Karnataka,29,Bagalkot,556,6122,6122,6122
2019-09-30,Groundnut,10,Karnataka,29,Bagalkot,556,5720,5720,5720
2019-08-14,Groundnut,10,Karnataka,29,Bagalkot,556,5710,5710,5710
2019-08-13,Groundnut,10,Karnataka,29,Bagalkot,556,5219,5519,5381
2019-08-10,Groundnut,10,Karnataka,29,Bagalkot,556,4546,4546,4546
2019-08-09,Groundnut,10,Karnataka,29,Bagalkot,556,2870,2870,2870
2019-08-06,Groundnut,10,Karnataka,29,Bagalkot,556,5700,5750,5729
2019-08-03,Groundnut,10,Karnataka,29,Bagalkot,556,6260,6260,6260
2019-08-02,Groundnut,10,Karnataka,29,Bagalkot,556,5820,6220,6082
2019-07-31,Groundnut,10,Karnataka,29,Bagalkot,556,6315,6315,6315
2019-07-30,Groundnut,10,Karnataka,29,Bagalkot,556,3559,6189,5693
2019-07-29,Groundnut,10,Karnataka,29,Bagalkot,556,4575.5,5075.5,4923.5
2019-07-26,Groundnut,10,Karnataka,29,Bagalkot,556,5601,6190,5911
2019-07-25,Groundnut,10,Karnataka,29,Bagalkot,556,5990,6150,6069
2019-07-24,Groundnut,10,Karnataka,29,Bagalkot,556,5620,6060,5946
2019-07-23,Groundnut,10,Karnataka,29,Bagalkot,556,5560,6085,6006
2019-07-22,Groundnut,10,Karnataka,29,Bagalkot,556,4860,6151,5893
2019-07-20,Groundnut,10,Karnataka,29,Bagalkot,556,3610,6120,5736
2019-07-19,Groundnut,10,Karnataka,29,Bagalkot,556,4370,6170,5255
2019-07-18,Groundnut,10,Karnataka,29,Bagalkot,556,5769,6115,5932
2019-07-16,Groundnut,10,Karnataka,29,Bagalkot,556,3530,6319,4909
2019-07-15,Groundnut,10,Karnataka,29,Bagalkot,556,4860,6430,6037
2019-06-25,Groundnut,10,Karnataka,29,Bagalkot,556,5981,6531,6376
2019-06-24,Groundnut,10,Karnataka,29,Bagalkot,556,2770,6411,5830
2019-06-21,Groundnut,10,Karnataka,29,Bagalkot,556,3009,6169,5931
2019-06-20,Groundnut,10,Karnataka,29,Bagalkot,556,5465,6189,5995
2019-06-19,Groundnut,10,Karnataka,29,Bagalkot,556,3229,6189,5827
2019-06-15,Groundnut,10,Karnataka,29,Bagalkot,556,2549,6142,5754
2019-06-14,Groundnut,10,Karnataka,29,Bagalkot,556,2390,6170,5685
2019-06-13,Groundnut,10,Karnataka,29,Bagalkot,556,1829,6169,4000
2019-06-12,Groundnut,10,Karnataka,29,Bagalkot,556,2430,6160,5792
2019-06-11,Groundnut,10,Karnataka,29,Bagalkot,556,2310,6089,5758
2019-06-10,Groundnut,10,Karnataka,29,Bagalkot,556,2590,6060,5599
2019-06-08,Groundnut,10,Karnataka,29,Bagalkot,556,2286,6152,5354
2019-06-07,Groundnut,10,Karnataka,29,Bagalkot,556,2000,5962,5395
2019-06-06,Groundnut,10,Karnataka,29,Bagalkot,556,2350,5992,5364
2019-06-04,Groundnut,10,Karnataka,29,Bagalkot,556,2070,6070,5435
2019-06-01,Groundnut,10,Karnataka,29,Bagalkot,556,2390,6031,5310
2019-05-31,Groundnut,10,Karnataka,29,Bagalkot,556,2420,6031,5147
2019-05-30,Groundnut,10,Karnataka,29,Bagalkot,556,2570,6031,5301
2019-05-29,Groundnut,10,Karnataka,29,Bagalkot,556,2373,5929,5234
2019-05-28,Groundnut,10,Karnataka,29,Bagalkot,556,2615,6031,5453
2019-05-27,Groundnut,10,Karnataka,29,Bagalkot,556,2189,6101,5451
2019-05-25,Groundnut,10,Karnataka,29,Bagalkot,556,2070,6071,5475
2019-05-24,Groundnut,10,Karnataka,29,Bagalkot,556,2269,6041,5279
2019-05-23,Groundnut,10,Karnataka,29,Bagalkot,556,2535,2670,2562
2019-05-22,Groundnut,10,Karnataka,29,Bagalkot,556,2070,6041,5282
2019-05-21,Groundnut,10,Karnataka,29,Bagalkot,556,2675,5920,5426
2019-05-20,Groundnut,10,Karnataka,29,Bagalkot,556,2629,5829,5164
2019-05-18,Groundnut,10,Karnataka,29,Bagalkot,556,2429,5759,5158
2019-05-17,Groundnut,10,Karnataka,29,Bagalkot,556,2709,5741,5461
2019-05-16,Groundnut,10,Karnataka,29,Bagalkot,556,2210,5741,5431
2019-05-15,Groundnut,10,Karnataka,29,Bagalkot,556,1959.5,4514.5,3727
2019-05-13,Groundnut,10,Karnataka,29,Bagalkot,556,2055,5679,5054
2019-05-11,Groundnut,10,Karnataka,29,Bagalkot,556,1525,5675,5033
2019-05-10,Groundnut,10,Karnataka,29,Bagalkot,556,2309,5669,5340
2019-05-09,Groundnut,10,Karnataka,29,Bagalkot,556,2039,5698,5296
2019-05-08,Groundnut,10,Karnataka,29,Bagalkot,556,2172,5692,5326
2019-05-06,Groundnut,10,Karnataka,29,Bagalkot,556,2209,5655,4967
2019-05-03,Groundnut,10,Karnataka,29,Bagalkot,556,2090,5610,5244
2019-05-02,Groundnut,10,Karnataka,29,Bagalkot,556,2399,5629,5166
2019-04-29,Groundnut,10,Karnataka,29,Bagalkot,556,2209,5611,4993
2019-04-27,Groundnut,10,Karnataka,29,Bagalkot,556,2475,5569,4859
2019-04-26,Groundnut,10,Karnataka,29,Bagalkot,556,3046,4521.5,4198.5
2019-04-25,Groundnut,10,Karnataka,29,Bagalkot,556,2075,5790,5331
2019-04-24,Groundnut,10,Karnataka,29,Bagalkot,556,2539,5791,5272
2019-04-22,Groundnut,10,Karnataka,29,Bagalkot,556,2299,5699,5239
2019-04-20,Groundnut,10,Karnataka,29,Bagalkot,556,2111,5504,4950
2019-04-18,Groundnut,10,Karnataka,29,Bagalkot,556,3019.5,3019.5,3019.5
2019-04-15,Groundnut,10,Karnataka,29,Bagalkot,556,2560,5270,4604
2019-04-13,Groundnut,10,Karnataka,29,Bagalkot,556,2161,5101,4341
2019-04-12,Groundnut,10,Karnataka,29,Bagalkot,556,1719,5139,4758
2019-04-11,Groundnut,10,Karnataka,29,Bagalkot,556,2558.5,3908.5,3687
2019-04-10,Groundnut,10,Karnataka,29,Bagalkot,556,2071,5079,4887
2019-04-09,Groundnut,10,Karnataka,29,Bagalkot,556,1969,4989,4595
2019-04-08,Groundnut,10,Karnataka,29,Bagalkot,556,2029,4979,4653
2019-04-06,Groundnut,10,Karnataka,29,Bagalkot,556,2111,4902,4668
2019-04-04,Groundnut,10,Karnataka,29,Bagalkot,556,2567,2567,2567
2019-04-03,Groundnut,10,Karnataka,29,Bagalkot,556,1769,4829,4373
2019-04-02,Groundnut,10,Karnataka,29,Bagalkot,556,1611,4811,4488
2019-04-01,Groundnut,10,Karnataka,29,Bagalkot,556,1415,4769,4291
2019-03-31,Groundnut,10,Karnataka,29,Bagalkot,556,1629,4775,3696
2019-03-30,Groundnut,10,Karnataka,29,Bagalkot,556,2083.5,3658,3118.5
2019-03-29,Groundnut,10,Karnataka,29,Bagalkot,556,1559,4820,3981
2019-03-28,Groundnut,10,Karnataka,29,Bagalkot,556,1445,4749,4072
2019-03-27,Groundnut,10,Karnataka,29,Bagalkot,556,1429.5,3733,3475
2019-03-26,Groundnut,10,Karnataka,29,Bagalkot,556,1469,4760,4194
2019-03-25,Groundnut,10,Karnataka,29,Bagalkot,556,2343.5,3770,3480.5
2019-03-21,Groundnut,10,Karnataka,29,Bagalkot,556,2738,4075,4075
2019-03-19,Groundnut,10,Karnataka,29,Bagalkot,556,1845,4739,3930
2019-03-18,Groundnut,10,Karnataka,29,Bagalkot,556,2529,4721,4294
2019-03-16,Groundnut,10,Karnataka,29,Bagalkot,556,1355,4669,3930
2019-03-15,Groundnut,10,Karnataka,29,Bagalkot,556,1864,4680,3162
2019-03-14,Groundnut,10,Karnataka,29,Bagalkot,556,2092,4679,3229
2019-03-13,Groundnut,10,Karnataka,29,Bagalkot,556,1672.5,3667,2648
2019-03-12,Groundnut,10,Karnataka,29,Bagalkot,556,1738.5,3670,2978
2019-03-11,Groundnut,10,Karnataka,29,Bagalkot,556,1909,4665,3814
2019-03-09,Groundnut,10,Karnataka,29,Bagalkot,556,1735,4739,3822
2019-03-08,Groundnut,10,Karnataka,29,Bagalkot,556,1835,4719,3382
2019-03-07,Groundnut,10,Karnataka,29,Bagalkot,556,1635,4711,3669
2019-03-05,Groundnut,10,Karnataka,29,Bagalkot,556,1615,4669,3094
2019-03-02,Groundnut,10,Karnataka,29,Bagalkot,556,2033,4701,2771
2019-03-01,Groundnut,10,Karnataka,29,Bagalkot,556,2455,4789,3213
2019-02-28,Groundnut,10,Karnataka,29,Bagalkot,556,2169,4809,4385
2019-02-27,Groundnut,10,Karnataka,29,Bagalkot,556,2345,3889,2988
2019-02-26,Groundnut,10,Karnataka,29,Bagalkot,556,2861,4860,3696
2019-02-25,Groundnut,10,Karnataka,29,Bagalkot,556,3421,3729,3538
2019-02-23,Groundnut,10,Karnataka,29,Bagalkot,556,2339,4829,3830
2019-02-22,Groundnut,10,Karnataka,29,Bagalkot,556,2733,4819,3604
2019-02-21,Groundnut,10,Karnataka,29,Bagalkot,556,4869,4869,4869
2019-02-20,Groundnut,10,Karnataka,29,Bagalkot,556,2621,4729,3683
2019-02-18,Groundnut,10,Karnataka,29,Bagalkot,556,2439,4969,4607
2019-02-16,Groundnut,10,Karnataka,29,Bagalkot,556,2091,4329,4037
2019-02-15,Groundnut,10,Karnataka,29,Bagalkot,556,2291,2291,2291
2019-02-14,Groundnut,10,Karnataka,29,Bagalkot,556,3791,4775,4588
2019-02-13,Groundnut,10,Karnataka,29,Bagalkot,556,2449,4679,3941
2019-02-11,Groundnut,10,Karnataka,29,Bagalkot,556,3739,4551,3830
2019-02-09,Groundnut,10,Karnataka,29,Bagalkot,556,2491,2551,2530
2019-02-08,Groundnut,10,Karnataka,29,Bagalkot,556,4519,4671,4611
2019-02-07,Groundnut,10,Karnataka,29,Bagalkot,556,1615,4650,2695
2019-02-05,Groundnut,10,Karnataka,29,Bagalkot,556,3039,4401,3833
2019-02-02,Groundnut,10,Karnataka,29,Bagalkot,556,3629,3629,3629
2019-01-31,Groundnut,10,Karnataka,29,Bagalkot,556,4319,4319,4319
2019-01-24,Groundnut,10,Karnataka,29,Bagalkot,556,4489,4489,4489
2019-01-23,Groundnut,10,Karnataka,29,Bagalkot,556,4425,4425,4425
2019-01-19,Groundnut,10,Karnataka,29,Bagalkot,556,3259,3259,3259
2019-01-18,Groundnut,10,Karnataka,29,Bagalkot,556,3769,3769,3769
2019-01-11,Groundnut,10,Karnataka,29,Bagalkot,556,3350,3350,3350
2019-01-03,Groundnut,10,Karnataka,29,Bagalkot,556,2572,3129,2635
2019-01-02,Groundnut,10,Karnataka,29,Bagalkot,556,2670,2670,2670
2019-01-01,Groundnut,10,Karnataka,29,Bagalkot,556,4389,4389,4389
2018-12-17,Groundnut,10,Karnataka,29,Bagalkot,556,3500,3500,3500
2018-12-13,Groundnut,10,Karnataka,29,Bagalkot,556,3375,3375,3375
2018-12-12,Groundnut,10,Karnataka,29,Bagalkot,556,4401,4401,4401
2018-12-11,Groundnut,10,Karnataka,29,Bagalkot,556,3021,4011,3304
2018-12-10,Groundnut,10,Karnataka,29,Bagalkot,556,4312,4312,4312
2018-12-08,Groundnut,10,Karnataka,29,Bagalkot,556,4211,4211,4211
2018-12-06,Groundnut,10,Karnataka,29,Bagalkot,556,4201,4201,4201
2018-12-04,Groundnut,10,Karnataka,29,Bagalkot,556,3275,3551,3428
2018-12-03,Groundnut,10,Karnataka,29,Bagalkot,556,3351,3351,3351
2018-12-01,Groundnut,10,Karnataka,29,Bagalkot,556,3522,3522,3522
2018-11-28,Groundnut,10,Karnataka,29,Bagalkot,556,2669,2669,2669
2018-11-27,Groundnut,10,Karnataka,29,Bagalkot,556,4369,4369,4369
2018-11-24,Groundnut,10,Karnataka,29,Bagalkot,556,4100,4100,4100
2018-11-23,Groundnut,10,Karnataka,29,Bagalkot,556,3960,4389,4202
2018-11-22,Groundnut,10,Karnataka,29,Bagalkot,556,3069,4019,3766
2018-11-20,Groundnut,10,Karnataka,29,Bagalkot,556,3209,3209,3209
2018-11-17,Groundnut,10,Karnataka,29,Bagalkot,556,4251,4251,4251
2018-11-16,Groundnut,10,Karnataka,29,Bagalkot,556,3889,3989,3944
2018-11-15,Groundnut,10,Karnataka,29,Bagalkot,556,2465,2465,2465
2018-11-13,Groundnut,10,Karnataka,29,Bagalkot,556,3712,3712,3712
2018-11-08,Groundnut,10,Karnataka,29,Bagalkot,556,3639,4145,3921
2018-11-02,Groundnut,10,Karnataka,29,Bagalkot,556,3621,3621,3621
2018-10-31,Groundnut,10,Karnataka,29,Bagalkot,556,2952,4019,3391
2018-10-30,Groundnut,10,Karnataka,29,Bagalkot,556,3309,3859,3585
2018-10-29,Groundnut,10,Karnataka,29,Bagalkot,556,2033,3411,2854
2018-10-27,Groundnut,10,Karnataka,29,Bagalkot,556,3375,3689,3511
2018-10-26,Groundnut,10,Karnataka,29,Bagalkot,556,2555,3659,3309
2018-10-25,Groundnut,10,Karnataka,29,Bagalkot,556,3269,3609,3415
2018-10-23,Groundnut,10,Karnataka,29,Bagalkot,556,3055,3689,3347
2018-10-22,Groundnut,10,Karnataka,29,Bagalkot,556,2459,3639,3078
2018-10-20,Groundnut,10,Karnataka,29,Bagalkot,556,2319,3251,2917
2018-10-19,Groundnut,10,Karnataka,29,Bagalkot,556,2609,3609,2978
2018-10-17,Groundnut,10,Karnataka,29,Bagalkot,556,1759,3375,2841
2018-10-16,Groundnut,10,Karnataka,29,Bagalkot,556,2109,2109,2109
2018-10-15,Groundnut,10,Karnataka,29,Bagalkot,556,2489,3370,3075
2018-10-13,Groundnut,10,Karnataka,29,Bagalkot,556,2611,3611,3314
2018-10-12,Groundnut,10,Karnataka,29,Bagalkot,556,1845,3559,3362
2018-10-11,Groundnut,10,Karnataka,29,Bagalkot,556,2519,3415,2946
2018-10-10,Groundnut,10,Karnataka,29,Bagalkot,556,2459,3511,2961
2018-10-06,Groundnut,10,Karnataka,29,Bagalkot,556,2245,3011,2613
2018-10-05,Groundnut,10,Karnataka,29,Bagalkot,556,2309,2709,2506
2018-10-04,Groundnut,10,Karnataka,29,Bagalkot,556,2629,3501,3192
2018-10-03,Groundnut,10,Karnataka,29,Bagalkot,556,1945,3529,2861
2018-10-01,Groundnut,10,Karnataka,29,Bagalkot,556,2035,2655,2281
2018-09-29,Groundnut,10,Karnataka,29,Bagalkot,556,1972,2615,2454
2018-09-27,Groundnut,10,Karnataka,29,Bagalkot,556,2029,2809,2508
2018-09-25,Groundnut,10,Karnataka,29,Bagalkot,556,3009,3009,3009
2018-09-15,Groundnut,10,Karnataka,29,Bagalkot,556,2211,2211,2211
2018-09-08,Groundnut,10,Karnataka,29,Bagalkot,556,4404,4404,4404
2018-09-06,Groundnut,10,Karnataka,29,Bagalkot,556,3900,4444,4254
2018-09-04,Groundnut,10,Karnataka,29,Bagalkot,556,3521,3521,3521
2018-09-01,Groundnut,10,Karnataka,29,Bagalkot,556,3729,4400,4140
2018-08-30,Groundnut,10,Karnataka,29,Bagalkot,556,4509,4551,4544
2018-08-29,Groundnut,10,Karnataka,29,Bagalkot,556,3550,3550,3550
2018-08-27,Groundnut,10,Karnataka,29,Bagalkot,556,4300,4502,4323
2018-08-25,Groundnut,10,Karnataka,29,Bagalkot,556,4001,4001,4001
2018-08-23,Groundnut,10,Karnataka,29,Bagalkot,556,3759,4801,4030
2018-08-21,Groundnut,10,Karnataka,29,Bagalkot,556,4019,4100,4053
2018-08-18,Groundnut,10,Karnataka,29,Bagalkot,556,4359,4719,4473
2018-08-16,Groundnut,10,Karnataka,29,Bagalkot,556,4400,4655,4522
2018-08-14,Groundnut,10,Karnataka,29,Bagalkot,556,4229,4801,4560
2018-08-13,Groundnut,10,Karnataka,29,Bagalkot,556,3850,4619,4230
2018-08-10,Groundnut,10,Karnataka,29,Bagalkot,556,3200,4501,4091
2018-08-09,Groundnut,10,Karnataka,29,Bagalkot,556,3659,4369,4002
2018-08-08,Groundnut,10,Karnataka,29,Bagalkot,556,3069,4611,3952
2018-08-07,Groundnut,10,Karnataka,29,Bagalkot,556,2300,4701,3946
2018-08-06,Groundnut,10,Karnataka,29,Bagalkot,556,3650,4611,4233
2018-08-04,Groundnut,10,Karnataka,29,Bagalkot,556,3401,4329,3896
2018-08-03,Groundnut,10,Karnataka,29,Bagalkot,556,2809,4421,3933
2018-08-02,Groundnut,10,Karnataka,29,Bagalkot,556,2009,4600,4111
2018-08-01,Groundnut,10,Karnataka,29,Bagalkot,556,3416,4600,4187
2018-07-31,Groundnut,10,Karnataka,29,Bagalkot,556,3311,4380,4072
2018-07-30,Groundnut,10,Karnataka,29,Bagalkot,556,2809,4601,4161
2018-07-28,Groundnut,10,Karnataka,29,Bagalkot,556,3309,4489,4236
2018-07-27,Groundnut,10,Karnataka,29,Bagalkot,556,3550,4600,4234
2018-07-26,Groundnut,10,Karnataka,29,Bagalkot,556,2570.5,3170.5,2972
2018-07-25,Groundnut,10,Karnataka,29,Bagalkot,556,3111,4659,4221
2018-07-24,Groundnut,10,Karnataka,29,Bagalkot,556,3306,4329,4192
2018-07-23,Groundnut,10,Karnataka,29,Bagalkot,556,3206,4639,4245
2018-07-21,Groundnut,10,Karnataka,29,Bagalkot,556,3144.5,3894.5,3600
2018-07-20,Groundnut,10,Karnataka,29,Bagalkot,556,3019,4619,4265
2018-07-19,Groundnut,10,Karnataka,29,Bagalkot,556,3489,4631,4375
2018-07-18,Groundnut,10,Karnataka,29,Bagalkot,556,3216,4636,4212
2018-07-17,Groundnut,10,Karnataka,29,Bagalkot,556,2816,4579,4134
2018-07-16,Groundnut,10,Karnataka,29,Bagalkot,556,3006,4519,4174
2018-07-14,Groundnut,10,Karnataka,29,Bagalkot,556,1509,4428,4145
2018-07-12,Groundnut,10,Karnataka,29,Bagalkot,556,3009,4370,4095
2018-07-11,Groundnut,10,Karnataka,29,Bagalkot,556,2000,4239,3928
2018-07-10,Groundnut,10,Karnataka,29,Bagalkot,556,2209,4259,3908
2018-07-09,Groundnut,10,Karnataka,29,Bagalkot,556,2806,4203,3778
2018-07-07,Groundnut,10,Karnataka,29,Bagalkot,556,2769,4100,3623
2018-07-06,Groundnut,10,Karnataka,29,Bagalkot,556,1800,4169,3626
2018-07-05,Groundnut,10,Karnataka,29,Bagalkot,556,3006,4169,3720
2018-07-04,Groundnut,10,Karnataka,29,Bagalkot,556,2001,4143,3711
2018-07-03,Groundnut,10,Karnataka,29,Bagalkot,556,1601,4159,3726
2018-07-02,Groundnut,10,Karnataka,29,Bagalkot,556,1519,4079,3816
2018-06-30,Groundnut,10,Karnataka,29,Bagalkot,556,2569,4119,3669
2018-06-27,Groundnut,10,Karnataka,29,Bagalkot,556,1509,4099,3702
2018-06-26,Groundnut,10,Karnataka,29,Bagalkot,556,1509,4099,3641
2018-06-25,Groundnut,10,Karnataka,29,Bagalkot,556,1769,4051,3696
2018-06-23,Groundnut,10,Karnataka,29,Bagalkot,556,3206,4011,3790
2018-06-22,Groundnut,10,Karnataka,29,Bagalkot,556,3401,3969,3706
2018-06-21,Groundnut,10,Karnataka,29,Bagalkot,556,1725,4099,3768
2018-06-20,Groundnut,10,Karnataka,29,Bagalkot,556,1285,4079,3795
2018-06-19,Groundnut,10,Karnataka,29,Bagalkot,556,1945,4099,3755
2018-06-18,Groundnut,10,Karnataka,29,Bagalkot,556,1255,4089,3720
2018-06-15,Groundnut,10,Karnataka,29,Bagalkot,556,3259,3900,3688
2018-06-14,Groundnut,10,Karnataka,29,Bagalkot,556,1509,3975,3732
2018-06-12,Groundnut,10,Karnataka,29,Bagalkot,556,1329,4009,3696
2018-06-11,Groundnut,10,Karnataka,29,Bagalkot,556,1025,4059,3750
2018-06-09,Groundnut,10,Karnataka,29,Bagalkot,556,1109,4109,3786
2018-06-08,Groundnut,10,Karnataka,29,Bagalkot,556,3767,3767,3767
2018-06-07,Groundnut,10,Karnataka,29,Bagalkot,556,1519,4149,3784
2018-06-06,Groundnut,10,Karnataka,29,Bagalkot,556,1669,4159,3829
2018-06-05,Groundnut,10,Karnataka,29,Bagalkot,556,1509,4121,3850
2018-06-04,Groundnut,10,Karnataka,29,Bagalkot,556,1469,4069,3804
2018-06-02,Groundnut,10,Karnataka,29,Bagalkot,556,1429,4189,3778
2018-06-01,Groundnut,10,Karnataka,29,Bagalkot,556,1069,4229,3795
2018-05-31,Groundnut,10,Karnataka,29,Bagalkot,556,1399,4261,3848
2018-05-30,Groundnut,10,Karnataka,29,Bagalkot,556,1355,4240,3812
2018-05-29,Groundnut,10,Karnataka,29,Bagalkot,556,1755,4239,3743
2018-05-28,Groundnut,10,Karnataka,29,Bagalkot,556,1572,4259,3776
2018-05-26,Groundnut,10,Karnataka,29,Bagalkot,556,1591,4351,3875
2018-05-25,Groundnut,10,Karnataka,29,Bagalkot,556,1789,4399,3929
2018-05-24,Groundnut,10,Karnataka,29,Bagalkot,556,1659,4801,4018
2018-05-23,Groundnut,10,Karnataka,29,Bagalkot,556,1255,4369,3944
2018-05-21,Groundnut,10,Karnataka,29,Bagalkot,556,3950,4130,4042
2018-05-19,Groundnut,10,Karnataka,29,Bagalkot,556,1375,4300,3905
2018-05-18,Groundnut,10,Karnataka,29,Bagalkot,556,1219,4269,3876
2018-05-17,Groundnut,10,Karnataka,29,Bagalkot,556,1069,4219,3907
2018-05-16,Groundnut,10,Karnataka,29,Bagalkot,556,1375,4129,3738
2018-05-14,Groundnut,10,Karnataka,29,Bagalkot,556,1329,4060,2607
2018-05-11,Groundnut,10,Karnataka,29,Bagalkot,556,1379,4051,3709
2018-05-10,Groundnut,10,Karnataka,29,Bagalkot,556,1646.5,3148.5,2888
2018-05-09,Groundnut,10,Karnataka,29,Bagalkot,556,1369,3921,3695
2018-05-08,Groundnut,10,Karnataka,29,Bagalkot,556,1756,1756,1756
2018-05-07,Groundnut,10,Karnataka,29,Bagalkot,556,1235,3939,3573
2018-05-05,Groundnut,10,Karnataka,29,Bagalkot,556,1139,3859,3589
2018-05-04,Groundnut,10,Karnataka,29,Bagalkot,556,1789,3919,3607
2018-05-03,Groundnut,10,Karnataka,29,Bagalkot,556,1959.5,3015,2807.5
2018-05-02,Groundnut,10,Karnataka,29,Bagalkot,556,1400,2778.5,2585.5
2018-04-30,Groundnut,10,Karnataka,29,Bagalkot,556,1318,3771,3469
2018-04-28,Groundnut,10,Karnataka,29,Bagalkot,556,1169,3789,3418
2018-04-27,Groundnut,10,Karnataka,29,Bagalkot,556,1215,3712,3410
2018-04-26,Groundnut,10,Karnataka,29,Bagalkot,556,1608,3320.5,2693.5
2018-04-17,Groundnut,10,Karnataka,29,Bagalkot,556,1259,4105,3551
2018-04-13,Groundnut,10,Karnataka,29,Bagalkot,556,1355,4089,3229
2018-04-12,Groundnut,10,Karnataka,29,Bagalkot,556,1615,3315.5,2485
2018-04-11,Groundnut,10,Karnataka,29,Bagalkot,556,1669,4169,3563
2018-04-10,Groundnut,10,Karnataka,29,Bagalkot,556,1618,4269,3532
2018-04-09,Groundnut,10,Karnataka,29,Bagalkot,556,1539,4309,3249
2018-04-07,Groundnut,10,Karnataka,29,Bagalkot,556,2040.5,3379.5,2907.5
2018-04-06,Groundnut,10,Karnataka,29,Bagalkot,556,1412,4266,3480
2018-04-05,Groundnut,10,Karnataka,29,Bagalkot,556,2077.5,4107,3677.5
2018-04-04,Groundnut,10,Karnataka,29,Bagalkot,556,1655,4219,3812
2018-04-03,Groundnut,10,Karnataka,29,Bagalkot,556,2919.5,3974.5,3725
2018-04-02,Groundnut,10,Karnataka,29,Bagalkot,556,2047.5,3212.5,3024.5
2018-03-31,Groundnut,10,Karnataka,29,Bagalkot,556,1719.5,3053.5,2453.5
2018-03-28,Groundnut,10,Karnataka,29,Bagalkot,556,1833,3969,3349
2018-03-27,Groundnut,10,Karnataka,29,Bagalkot,556,2018,3942,3451
2018-03-26,Groundnut,10,Karnataka,29,Bagalkot,556,1996.5,3186.5,2604
2018-03-24,Groundnut,10,Karnataka,29,Bagalkot,556,1829,3919,3221
2018-03-23,Groundnut,10,Karnataka,29,Bagalkot,556,2145,3911,3478
2018-03-22,Groundnut,10,Karnataka,29,Bagalkot,556,2149.5,3219.5,2924
2018-03-21,Groundnut,10,Karnataka,29,Bagalkot,556,2226,3504.5,3190.5
2018-03-20,Groundnut,10,Karnataka,29,Bagalkot,556,1871,4005,3688
2018-03-19,Groundnut,10,Karnataka,29,Bagalkot,556,3651,4001,3927
2018-03-17,Groundnut,10,Karnataka,29,Bagalkot,556,2509,2509,2509
2018-03-16,Groundnut,10,Karnataka,29,Bagalkot,556,1355,3575,2536
2018-03-15,Groundnut,10,Karnataka,29,Bagalkot,556,2102.5,3120.5,2886.5
2018-03-14,Groundnut,10,Karnataka,29,Bagalkot,556,1672,4000,3117
2018-03-13,Groundnut,10,Karnataka,29,Bagalkot,556,1622,4069,3714
2018-03-12,Groundnut,10,Karnataka,29,Bagalkot,556,1775,4119,3644
2018-03-10,Groundnut,10,Karnataka,29,Bagalkot,556,1735,4029,3508
2018-03-09,Groundnut,10,Karnataka,29,Bagalkot,556,2269,3859,3482
2018-03-08,Groundnut,10,Karnataka,29,Bagalkot,556,2020.5,3402.5,3077.5
2018-03-07,Groundnut,10,Karnataka,29,Bagalkot,556,1909,4189,3667
2018-03-06,Groundnut,10,Karnataka,29,Bagalkot,556,1800,4201,3700
2018-03-01,Groundnut,10,Karnataka,29,Bagalkot,556,2382.5,3528,2770.5
2018-02-27,Groundnut,10,Karnataka,29,Bagalkot,556,1515,3929,3398
2018-02-26,Groundnut,10,Karnataka,29,Bagalkot,556,1855,4139,3455
2018-02-24,Groundnut,10,Karnataka,29,Bagalkot,556,1875,4169,3391
2018-02-23,Groundnut,10,Karnataka,29,Bagalkot,556,1841,4172,3551
2018-02-22,Groundnut,10,Karnataka,29,Bagalkot,556,2398.5,3505,3317.5
2018-02-21,Groundnut,10,Karnataka,29,Bagalkot,556,2135,4189,3650
2018-02-20,Groundnut,10,Karnataka,29,Bagalkot,556,2300,4181,3574
2018-02-19,Groundnut,10,Karnataka,29,Bagalkot,556,2029,4159,3614
2018-02-17,Groundnut,10,Karnataka,29,Bagalkot,556,2433,4061,3367
2018-02-16,Groundnut,10,Karnataka,29,Bagalkot,556,2075,4079,3679
2018-02-14,Groundnut,10,Karnataka,29,Bagalkot,556,1690,4074,2905
2018-02-12,Groundnut,10,Karnataka,29,Bagalkot,556,2033,4005,3125
2018-02-10,Groundnut,10,Karnataka,29,Bagalkot,556,1918,3781,3009
2018-02-09,Groundnut,10,Karnataka,29,Bagalkot,556,2269,3901,3080
2018-02-08,Groundnut,10,Karnataka,29,Bagalkot,556,2649,3862,3459
2018-02-07,Groundnut,10,Karnataka,29,Bagalkot,556,2670,2820,2747
2018-02-06,Groundnut,10,Karnataka,29,Bagalkot,556,1735,3689,3146
2018-02-05,Groundnut,10,Karnataka,29,Bagalkot,556,1955,3809,3396
2018-02-03,Groundnut,10,Karnataka,29,Bagalkot,556,1845,2575,2497
2018-02-02,Groundnut,10,Karnataka,29,Bagalkot,556,2906.5,3653,3452.5
2018-02-01,Groundnut,10,Karnataka,29,Bagalkot,556,1755,3715,3258
2018-01-30,Groundnut,10,Karnataka,29,Bagalkot,556,1865,3545,2489
2018-01-29,Groundnut,10,Karnataka,29,Bagalkot,556,1833,3609,2926
2018-01-27,Groundnut,10,Karnataka,29,Bagalkot,556,1809,3711,3059
2018-01-24,Groundnut,10,Karnataka,29,Bagalkot,556,3200,3200,3200
2018-01-23,Groundnut,10,Karnataka,29,Bagalkot,556,1521,3701,2907
2018-01-22,Groundnut,10,Karnataka,29,Bagalkot,556,1535,3041,2793
2018-01-20,Groundnut,10,Karnataka,29,Bagalkot,556,1746,2634.5,2077.5
2018-01-19,Groundnut,10,Karnataka,29,Bagalkot,556,1572,3389,2789
2018-01-18,Groundnut,10,Karnataka,29,Bagalkot,556,1762,3329,2394
2018-01-17,Groundnut,10,Karnataka,29,Bagalkot,556,1433,3475,2064
2018-01-13,Groundnut,10,Karnataka,29,Bagalkot,556,1025,3335,2256
2018-01-12,Groundnut,10,Karnataka,29,Bagalkot,556,1233,3269,2401
2018-01-11,Groundnut,10,Karnataka,29,Bagalkot,556,1265,3165,2025
2018-01-10,Groundnut,10,Karnataka,29,Bagalkot,556,1230,2172,1777
2018-01-09,Groundnut,10,Karnataka,29,Bagalkot,556,1455,3301,2322
2018-01-08,Groundnut,10,Karnataka,29,Bagalkot,556,1311,3540,2329
2018-01-06,Groundnut,10,Karnataka,29,Bagalkot,556,1359,2415,1948
2018-01-04,Groundnut,10,Karnataka,29,Bagalkot,556,1615,2979,2253
2018-01-03,Groundnut,10,Karnataka,29,Bagalkot,556,1759,2279,2010
2018-01-02,Groundnut,10,Karnataka,29,Bagalkot,556,3345,3345,3345
2018-01-01,Groundnut,10,Karnataka,29,Bagalkot,556,1565,3389,2381
2017-12-30,Groundnut,10,Karnataka,29,Bagalkot,556,1472,3572,1991
2017-12-29,Groundnut,10,Karnataka,29,Bagalkot,556,1429,3069,2306
2017-12-28,Groundnut,10,Karnataka,29,Bagalkot,556,1572,3759,2464
2017-12-26,Groundnut,10,Karnataka,29,Bagalkot,556,1898,3609,2632
2017-12-22,Groundnut,10,Karnataka,29,Bagalkot,556,1809,1809,1809
2017-12-21,Groundnut,10,Karnataka,29,Bagalkot,556,2609,3204,2940
2017-12-20,Groundnut,10,Karnataka,29,Bagalkot,556,2809,3000,2944
2017-12-19,Groundnut,10,Karnataka,29,Bagalkot,556,3000,3000,3000
2017-12-15,Groundnut,10,Karnataka,29,Bagalkot,556,2900,2900,2900
2017-12-11,Groundnut,10,Karnataka,29,Bagalkot,556,2100,3125,3075
2017-12-07,Groundnut,10,Karnataka,29,Bagalkot,556,2000,2000,2000
2017-12-06,Groundnut,10,Karnataka,29,Bagalkot,556,2509,2761,2730
2017-12-01,Groundnut,10,Karnataka,29,Bagalkot,556,1665,2415,1838
2017-11-29,Groundnut,10,Karnataka,29,Bagalkot,556,2631,2631,2631
2017-11-28,Groundnut,10,Karnataka,29,Bagalkot,556,2931,3401,3263
2017-11-25,Groundnut,10,Karnataka,29,Bagalkot,556,2221,2221,2221
2017-11-24,Groundnut,10,Karnataka,29,Bagalkot,556,2701,2701,2701
2017-11-23,Groundnut,10,Karnataka,29,Bagalkot,556,2961,2961,2961
2017-11-22,Groundnut,10,Karnataka,29,Bagalkot,556,2525,2525,2525
2017-11-20,Groundnut,10,Karnataka,29,Bagalkot,556,2072,3071,2438
2017-11-17,Groundnut,10,Karnataka,29,Bagalkot,556,2033,2880,2476
2017-11-16,Groundnut,10,Karnataka,29,Bagalkot,556,2325,2325,2325
2017-11-15,Groundnut,10,Karnataka,29,Bagalkot,556,2201,2201,2201
2017-11-14,Groundnut,10,Karnataka,29,Bagalkot,556,2359,3045,2787
2017-11-13,Groundnut,10,Karnataka,29,Bagalkot,556,2761,2761,2761
2017-11-11,Groundnut,10,Karnataka,29,Bagalkot,556,2932,3061,3025
2017-11-10,Groundnut,10,Karnataka,29,Bagalkot,556,1501,3018,2550
2017-11-09,Groundnut,10,Karnataka,29,Bagalkot,556,2718,2842,2776
2017-11-08,Groundnut,10,Karnataka,29,Bagalkot,556,2222,2872,2363
2017-11-07,Groundnut,10,Karnataka,29,Bagalkot,556,2009,3021,2721
2017-11-04,Groundnut,10,Karnataka,29,Bagalkot,556,2318,3100,2714
2017-11-03,Groundnut,10,Karnataka,29,Bagalkot,556,2055,2989,2539
2017-11-02,Groundnut,10,Karnataka,29,Bagalkot,556,2109,2970,2555
2017-10-31,Groundnut,10,Karnataka,29,Bagalkot,556,2562,3072,2927
2017-10-30,Groundnut,10,Karnataka,29,Bagalkot,556,1721,3211,2498
2017-10-28,Groundnut,10,Karnataka,29,Bagalkot,556,1929,3219,2468
2017-10-27,Groundnut,10,Karnataka,29,Bagalkot,556,2029,3329,2906
2017-10-26,Groundnut,10,Karnataka,29,Bagalkot,556,1690,3900,2734
2017-10-25,Groundnut,10,Karnataka,29,Bagalkot,556,1601,3261,2221
2017-10-24,Groundnut,10,Karnataka,29,Bagalkot,556,1359,3415,2921
2017-10-23,Groundnut,10,Karnataka,29,Bagalkot,556,1611,3229,2184
2017-10-21,Groundnut,10,Karnataka,29,Bagalkot,556,1939,3800,3366
2017-10-20,Groundnut,10,Karnataka,29,Bagalkot,556,1939,3421,2861
2017-10-17,Groundnut,10,Karnataka,29,Bagalkot,556,1761,3900,3710
2017-10-16,Groundnut,10,Karnataka,29,Bagalkot,556,1365,4000,3358
2017-10-14,Groundnut,10,Karnataka,29,Bagalkot,556,1612,3900,2218
2017-10-13,Groundnut,10,Karnataka,29,Bagalkot,556,1359,3771,3488
2017-10-12,Groundnut,10,Karnataka,29,Bagalkot,556,2800,2800,2800
2017-10-11,Groundnut,10,Karnataka,29,Bagalkot,556,2287.5,3442.5,3110
2017-10-09,Groundnut,10,Karnataka,29,Bagalkot,556,1769,4035,3655
2017-10-07,Groundnut,10,Karnataka,29,Bagalkot,556,3100,4067,3746
2017-10-06,Groundnut,10,Karnataka,29,Bagalkot,556,3350,3901,3581
2017-10-04,Groundnut,10,Karnataka,29,Bagalkot,556,2200,4100,3854
2017-10-03,Groundnut,10,Karnataka,29,Bagalkot,556,3100,3900,3563
2017-09-28,Groundnut,10,Karnataka,29,Bagalkot,556,1552,4001,3803
2017-09-27,Groundnut,10,Karnataka,29,Bagalkot,556,2476,3700.5,3484
2017-09-26,Groundnut,10,Karnataka,29,Bagalkot,556,1572,1572,1572
2017-09-25,Groundnut,10,Karnataka,29,Bagalkot,556,1233,4000,3664
2017-09-23,Groundnut,10,Karnataka,29,Bagalkot,556,3000,4141,3342
2017-09-22,Groundnut,10,Karnataka,29,Bagalkot,556,3251,4050,3894
2017-09-21,Groundnut,10,Karnataka,29,Bagalkot,556,3701,4100,3942
2017-09-20,Groundnut,10,Karnataka,29,Bagalkot,556,3700,4200,4023
2017-09-18,Groundnut,10,Karnataka,29,Bagalkot,556,3000,4000,3692
2017-09-16,Groundnut,10,Karnataka,29,Bagalkot,556,3705.5,4350,3991.5
2017-09-15,Groundnut,10,Karnataka,29,Bagalkot,556,3611,3900,3794
2017-09-14,Groundnut,10,Karnataka,29,Bagalkot,556,3911,4051,3989
2017-09-13,Groundnut,10,Karnataka,29,Bagalkot,556,3621,4051,3954
2017-09-12,Groundnut,10,Karnataka,29,Bagalkot,556,3109.5,3650,3392
2017-09-11,Groundnut,10,Karnataka,29,Bagalkot,556,3035,4025,3668
2017-09-09,Groundnut,10,Karnataka,29,Bagalkot,556,3500,4000,3820
2017-09-08,Groundnut,10,Karnataka,29,Bagalkot,556,2828,4200,3536
2017-09-07,Groundnut,10,Karnataka,29,Bagalkot,556,2055,4101,3580
2017-09-06,Groundnut,10,Karnataka,29,Bagalkot,556,3925,3925,3925
2017-09-05,Groundnut,10,Karnataka,29,Bagalkot,556,3009,4001,3504
2017-09-01,Groundnut,10,Karnataka,29,Bagalkot,556,369,4429,3554
2017-08-31,Groundnut,10,Karnataka,29,Bagalkot,556,3061,4675,3809
2017-08-30,Groundnut,10,Karnataka,29,Bagalkot,556,2733,4800,3835
2017-08-28,Groundnut,10,Karnataka,29,Bagalkot,556,2469,4819,4045
2017-08-18,Groundnut,10,Karnataka,29,Bagalkot,556,4000,4200,4100
2017-08-14,Groundnut,10,Karnataka,29,Bagalkot,556,4308,4308,4308
2017-08-04,Groundnut,10,Karnataka,29,Bagalkot,556,3239,4721,4278
2017-08-03,Groundnut,10,Karnataka,29,Bagalkot,556,3501,4970,4458
2017-08-02,Groundnut,10,Karnataka,29,Bagalkot,556,2469,4880,4251
2017-08-01,Groundnut,10,Karnataka,29,Bagalkot,556,2335,4969,4403
2017-07-31,Groundnut,10,Karnataka,29,Bagalkot,556,2269,5029,4330
2017-07-29,Groundnut,10,Karnataka,29,Bagalkot,556,3101,5025,4107
2017-07-27,Groundnut,10,Karnataka,29,Bagalkot,556,2569,4805,4162
2017-07-25,Groundnut,10,Karnataka,29,Bagalkot,556,2569,4949,4344
2017-07-24,Groundnut,10,Karnataka,29,Bagalkot,556,2525,4995,4444
2017-07-22,Groundnut,10,Karnataka,29,Bagalkot,556,3029,4950,4271
2017-07-21,Groundnut,10,Karnataka,29,Bagalkot,556,2569,4959,4450
2017-07-20,Groundnut,10,Karnataka,29,Bagalkot,556,3859,5000,4735
2017-07-19,Groundnut,10,Karnataka,29,Bagalkot,556,3041,4889,4424
2017-07-18,Groundnut,10,Karnataka,29,Bagalkot,556,1512,4989,4363
2017-07-17,Groundnut,10,Karnataka,29,Bagalkot,556,1669,4999,4342
2017-07-15,Groundnut,10,Karnataka,29,Bagalkot,556,2419,5001,4730
2017-07-14,Groundnut,10,Karnataka,29,Bagalkot,556,3891,4989,4570
2017-07-13,Groundnut,10,Karnataka,29,Bagalkot,556,2252,4979,4524
2017-07-12,Groundnut,10,Karnataka,29,Bagalkot,556,3269,4969,4587
2017-07-11,Groundnut,10,Karnataka,29,Bagalkot,556,3009,4889,4403
2017-07-10,Groundnut,10,Karnataka,29,Bagalkot,556,2709,4909,4395
2017-07-08,Groundnut,10,Karnataka,29,Bagalkot,556,1569,4859,4223
2017-07-07,Groundnut,10,Karnataka,29,Bagalkot,556,2829,4850,4197
2017-07-06,Groundnut,10,Karnataka,29,Bagalkot,556,2871,4771,4338
2017-07-05,Groundnut,10,Karnataka,29,Bagalkot,556,2069,5201,4238
2017-07-04,Groundnut,10,Karnataka,29,Bagalkot,556,1889,4809,4266
2017-07-03,Groundnut,10,Karnataka,29,Bagalkot,556,1689,4839,4392
2017-07-01,Groundnut,10,Karnataka,29,Bagalkot,556,4519,4839,4713
2017-06-30,Groundnut,10,Karnataka,29,Bagalkot,556,3339,4829,4506
2017-06-29,Groundnut,10,Karnataka,29,Bagalkot,556,2135,5059,4446
2017-06-28,Groundnut,10,Karnataka,29,Bagalkot,556,1689,5200,4409
2017-06-27,Groundnut,10,Karnataka,29,Bagalkot,556,1915,5025,4431
2017-06-23,Groundnut,10,Karnataka,29,Bagalkot,556,1789,5051,4408
2017-06-22,Groundnut,10,Karnataka,29,Bagalkot,556,1140,5411,4377
2017-06-21,Groundnut,10,Karnataka,29,Bagalkot,556,1365,5399,4592
2017-06-20,Groundnut,10,Karnataka,29,Bagalkot,556,1365,5405,4788
2017-06-19,Groundnut,10,Karnataka,29,Bagalkot,556,1139,5400,4839
2017-06-17,Groundnut,10,Karnataka,29,Bagalkot,556,1240,5390,4697
2017-06-16,Groundnut,10,Karnataka,29,Bagalkot,556,1355,5390,4612
2017-06-15,Groundnut,10,Karnataka,29,Bagalkot,556,1255,5529,4796
2017-06-14,Groundnut,10,Karnataka,29,Bagalkot,556,1252.5,5620.5,4045.5
2017-06-13,Groundnut,10,Karnataka,29,Bagalkot,556,1112.5,4876.5,3519.5
2017-06-12,Groundnut,10,Karnataka,29,Bagalkot,556,1017.5,5355,3609
2017-06-08,Groundnut,10,Karnataka,29,Bagalkot,556,1139,5349,4670
2017-06-07,Groundnut,10,Karnataka,29,Bagalkot,556,1519,4159.5,3347.5
2017-06-06,Groundnut,10,Karnataka,29,Bagalkot,556,1664.5,3941,3448.5
2017-06-05,Groundnut,10,Karnataka,29,Bagalkot,556,1465,5010,3867
2017-06-03,Groundnut,10,Karnataka,29,Bagalkot,556,1436,4865,3619
2017-06-02,Groundnut,10,Karnataka,29,Bagalkot,556,1542.5,5120,3829.5
2017-06-01,Groundnut,10,Karnataka,29,Bagalkot,556,1512,5360,3747
2017-05-31,Groundnut,10,Karnataka,29,Bagalkot,556,2869.6666666666665,4876,4261
2017-05-30,Groundnut,10,Karnataka,29,Bagalkot,556,1419,5555,4692
2017-05-29,Groundnut,10,Karnataka,29,Bagalkot,556,1732.5,5389,4263
2017-05-27,Groundnut,10,Karnataka,29,Bagalkot,556,1347.5,5268.5,3807
2017-05-26,Groundnut,10,Karnataka,29,Bagalkot,556,1467.5,5415.5,4133
2017-05-24,Groundnut,10,Karnataka,29,Bagalkot,556,1618,5534,3936.5
2017-05-23,Groundnut,10,Karnataka,29,Bagalkot,556,1423,5334,3887.5
2017-05-22,Groundnut,10,Karnataka,29,Bagalkot,556,1469,5634,4426.5
2017-05-20,Groundnut,10,Karnataka,29,Bagalkot,556,1518,5310,3735
2017-05-19,Groundnut,10,Karnataka,29,Bagalkot,556,1542,5454.5,3962
2017-05-18,Groundnut,10,Karnataka,29,Bagalkot,556,1695,5619.5,4208
2017-05-17,Groundnut,10,Karnataka,29,Bagalkot,556,1267.5,5485.5,4155
2017-05-16,Groundnut,10,Karnataka,29,Bagalkot,556,1328,5555,4289.5
2017-05-15,Groundnut,10,Karnataka,29,Bagalkot,556,1605.5,5649.5,4103
2017-05-13,Groundnut,10,Karnataka,29,Bagalkot,556,1269,5989,4862
2017-05-12,Groundnut,10,Karnataka,29,Bagalkot,556,1157,5489,3911.5
2017-05-11,Groundnut,10,Karnataka,29,Bagalkot,556,1207.5,5484,3997
2017-05-10,Groundnut,10,Karnataka,29,Bagalkot,556,1902,5447,4336.5
2017-05-09,Groundnut,10,Karnataka,29,Bagalkot,556,1769,5221,3536
2017-05-08,Groundnut,10,Karnataka,29,Bagalkot,556,1984.5,5485,4068.5
2017-05-06,Groundnut,10,Karnataka,29,Bagalkot,556,1662,5377,3618.5
2017-05-05,Groundnut,10,Karnataka,29,Bagalkot,556,1562,5419,3841
2017-05-04,Groundnut,10,Karnataka,29,Bagalkot,556,1792.5,5494,4272
2017-05-03,Groundnut,10,Karnataka,29,Bagalkot,556,2132.5,5390,4374.5
2017-04-28,Groundnut,10,Karnataka,29,Bagalkot,556,2534,5689.5,4627.5
2017-04-27,Groundnut,10,Karnataka,29,Bagalkot,556,2149,5622,4623
2017-04-25,Groundnut,10,Karnataka,29,Bagalkot,556,2511,5159,3326
2017-04-24,Groundnut,10,Karnataka,29,Bagalkot,556,2125,5649,4583
2017-04-22,Groundnut,10,Karnataka,29,Bagalkot,556,2269.5,5659,4236
2017-04-21,Groundnut,10,Karnataka,29,Bagalkot,556,2093.5,5313.5,3817
2017-04-20,Groundnut,10,Karnataka,29,Bagalkot,556,2177,5687,4105.5
2017-04-19,Groundnut,10,Karnataka,29,Bagalkot,556,2204.5,5620,4137.5
2017-04-18,Groundnut,10,Karnataka,29,Bagalkot,556,2670,5051,3269
2017-04-17,Groundnut,10,Karnataka,29,Bagalkot,556,2287,5749,4123
2017-04-15,Groundnut,10,Karnataka,29,Bagalkot,556,2112.5,5829,4047.5
2017-04-13,Groundnut,10,Karnataka,29,Bagalkot,556,2029.5,5750,4191.5
2017-04-12,Groundnut,10,Karnataka,29,Bagalkot,556,2181,5744.5,4189.5
2017-04-11,Groundnut,10,Karnataka,29,Bagalkot,556,2909,5325,3110
2017-04-10,Groundnut,10,Karnataka,29,Bagalkot,556,2227,5910.5,4225
2017-04-08,Groundnut,10,Karnataka,29,Bagalkot,556,1785,5889,4541
2017-04-07,Groundnut,10,Karnataka,29,Bagalkot,556,2115,5935,4316
2017-04-06,Groundnut,10,Karnataka,29,Bagalkot,556,2285,5738,3874
2017-04-05,Groundnut,10,Karnataka,29,Bagalkot,556,2142.5,5480,4172.5
2017-04-04,Groundnut,10,Karnataka,29,Bagalkot,556,2352.5,5857.5,4131.5
2017-04-03,Groundnut,10,Karnataka,29,Bagalkot,556,2422,5770,4006
2017-04-01,Groundnut,10,Karnataka,29,Bagalkot,556,2455.5,5760.5,3686
2017-03-31,Groundnut,10,Karnataka,29,Bagalkot,556,2611,5921,5165
2017-03-30,Groundnut,10,Karnataka,29,Bagalkot,556,3315,5782,4510.5
2017-03-29,Groundnut,10,Karnataka,29,Bagalkot,556,2533,6039,5560
2017-03-27,Groundnut,10,Karnataka,29,Bagalkot,556,2860,6016,3816
2017-03-25,Groundnut,10,Karnataka,29,Bagalkot,556,2913,5935.5,4319.5
2017-03-24,Groundnut,10,Karnataka,29,Bagalkot,556,3064,6139,4418
2017-03-23,Groundnut,10,Karnataka,29,Bagalkot,556,2655.5,5919,4477.5
2017-03-22,Groundnut,10,Karnataka,29,Bagalkot,556,2399,5867,4254.5
2017-03-21,Groundnut,10,Karnataka,29,Bagalkot,556,2783.5,5859.5,4147
2017-03-20,Groundnut,10,Karnataka,29,Bagalkot,556,2654,5784.5,4134.5
2017-03-18,Groundnut,10,Karnataka,29,Bagalkot,556,2770,5569,5050
2017-03-17,Groundnut,10,Karnataka,29,Bagalkot,556,2559,5505,4993
2017-03-16,Groundnut,10,Karnataka,29,Bagalkot,556,1709,5469,4637
2017-03-11,Groundnut,10,Karnataka,29,Bagalkot,556,3015,5459,4928
2017-03-10,Groundnut,10,Karnataka,29,Bagalkot,556,2691,5438,4553
2017-03-09,Groundnut,10,Karnataka,29,Bagalkot,556,2699,5389,4324
2017-03-08,Groundnut,10,Karnataka,29,Bagalkot,556,3143,4654.5,4016.5
2017-03-07,Groundnut,10,Karnataka,29,Bagalkot,556,2699,5159,3495
2017-03-06,Groundnut,10,Karnataka,29,Bagalkot,556,2011,5309,3989
2017-03-04,Groundnut,10,Karnataka,29,Bagalkot,556,2390,5269,4023
2017-03-03,Groundnut,10,Karnataka,29,Bagalkot,556,2790,5255,4581
2017-03-02,Groundnut,10,Karnataka,29,Bagalkot,556,2629,5215,4064
2017-03-01,Groundnut,10,Karnataka,29,Bagalkot,556,2321,5009,3706
2017-02-28,Groundnut,10,Karnataka,29,Bagalkot,556,2670,5182,4475
2017-02-27,Groundnut,10,Karnataka,29,Bagalkot,556,3355.5,4580.5,4122
2017-02-23,Groundnut,10,Karnataka,29,Bagalkot,556,2169,5005,4052
2017-02-22,Groundnut,10,Karnataka,29,Bagalkot,556,2769,5129,4394
2017-02-21,Groundnut,10,Karnataka,29,Bagalkot,556,3279,5189,4551
2017-02-18,Groundnut,10,Karnataka,29,Bagalkot,556,2529,5019,4658
2017-02-17,Groundnut,10,Karnataka,29,Bagalkot,556,2735,5201,4578
2017-02-16,Groundnut,10,Karnataka,29,Bagalkot,556,2959,4855,4070
2017-02-15,Groundnut,10,Karnataka,29,Bagalkot,556,2599,4479,3141
2017-02-14,Groundnut,10,Karnataka,29,Bagalkot,556,2769,5009,4478
2017-02-13,Groundnut,10,Karnataka,29,Bagalkot,556,2489,4939,3405
2017-02-11,Groundnut,10,Karnataka,29,Bagalkot,556,2231,4859,3307
2017-02-10,Groundnut,10,Karnataka,29,Bagalkot,556,2749,4919,4144
2017-02-09,Groundnut,10,Karnataka,29,Bagalkot,556,2531,4911,3192
2017-02-08,Groundnut,10,Karnataka,29,Bagalkot,556,2311,4851,3668
2017-02-07,Groundnut,10,Karnataka,29,Bagalkot,556,2055,4905,3844
2017-02-06,Groundnut,10,Karnataka,29,Bagalkot,556,2681,5001,3164
2017-02-04,Groundnut,10,Karnataka,29,Bagalkot,556,4729,4729,4729
2017-02-03,Groundnut,10,Karnataka,29,Bagalkot,556,2055,4609,3130
2017-02-02,Groundnut,10,Karnataka,29,Bagalkot,556,2739,4681,3985
2017-02-01,Groundnut,10,Karnataka,29,Bagalkot,556,2492,4929,3326
2017-01-31,Groundnut,10,Karnataka,29,Bagalkot,556,5019,5019,5019
2017-01-30,Groundnut,10,Karnataka,29,Bagalkot,556,2519,3039,2876
2017-01-28,Groundnut,10,Karnataka,29,Bagalkot,556,2455,3900,2773
2017-01-25,Groundnut,10,Karnataka,29,Bagalkot,556,3769,4021,3895
2017-01-18,Groundnut,10,Karnataka,29,Bagalkot,556,4000,4000,4000
2017-01-17,Groundnut,10,Karnataka,29,Bagalkot,556,1692,1692,1692
2017-01-16,Groundnut,10,Karnataka,29,Bagalkot,556,4421,4421,4421
2017-01-11,Groundnut,10,Karnataka,29,Bagalkot,556,3235,4699,3545
2017-01-09,Groundnut,10,Karnataka,29,Bagalkot,556,4109,4209,4160
2017-01-06,Groundnut,10,Karnataka,29,Bagalkot,556,3329,3329,3329
2017-01-05,Groundnut,10,Karnataka,29,Bagalkot,556,3801,3801,3801
2017-01-04,Groundnut,10,Karnataka,29,Bagalkot,556,3105,3105,3105
2017-01-02,Groundnut,10,Karnataka,29,Bagalkot,556,4625,4625,4625
2016-12-27,Groundnut,10,Karnataka,29,Bagalkot,556,2950,2950,2950
2016-12-24,Groundnut,10,Karnataka,29,Bagalkot,556,2861,2861,2861
2016-12-19,Groundnut,10,Karnataka,29,Bagalkot,556,4100,4100,4100
2016-12-16,Groundnut,10,Karnataka,29,Bagalkot,556,4000,4200,4023
2016-12-15,Groundnut,10,Karnataka,29,Bagalkot,556,1821,1821,1821
2016-12-14,Groundnut,10,Karnataka,29,Bagalkot,556,2461,2461,2461
2016-12-09,Groundnut,10,Karnataka,29,Bagalkot,556,3309,3309,3309
2016-12-08,Groundnut,10,Karnataka,29,Bagalkot,556,4769,4769,4769
2016-12-07,Groundnut,10,Karnataka,29,Bagalkot,556,2421,4502,3371
2016-12-05,Groundnut,10,Karnataka,29,Bagalkot,556,2502,2752,2717
2016-12-02,Groundnut,10,Karnataka,29,Bagalkot,556,3609,3609,3609
2016-12-01,Groundnut,10,Karnataka,29,Bagalkot,556,3709,3912,3888
2016-11-28,Groundnut,10,Karnataka,29,Bagalkot,556,4069,4209,4135
2016-11-26,Groundnut,10,Karnataka,29,Bagalkot,556,3429,3709,3483
2016-11-25,Groundnut,10,Karnataka,29,Bagalkot,556,3121,3121,3121
2016-11-24,Groundnut,10,Karnataka,29,Bagalkot,556,2200,3501,2326
2016-11-23,Groundnut,10,Karnataka,29,Bagalkot,556,2461,3420,2879
2016-11-22,Groundnut,10,Karnataka,29,Bagalkot,556,2209,3769,2922
2016-11-21,Groundnut,10,Karnataka,29,Bagalkot,556,2625,3011,2829
2016-11-19,Groundnut,10,Karnataka,29,Bagalkot,556,2680,4200,3640
2016-11-18,Groundnut,10,Karnataka,29,Bagalkot,556,3609,4151,4048
2016-11-16,Groundnut,10,Karnataka,29,Bagalkot,556,4131,4131,4131
2016-11-15,Groundnut,10,Karnataka,29,Bagalkot,556,1879,3909,2870
2016-11-14,Groundnut,10,Karnataka,29,Bagalkot,556,2211,3511,2898
2016-11-12,Groundnut,10,Karnataka,29,Bagalkot,556,2759,3009,2917
2016-11-11,Groundnut,10,Karnataka,29,Bagalkot,556,3033,3379,3191
2016-11-08,Groundnut,10,Karnataka,29,Bagalkot,556,2589,3389,2993
2016-11-07,Groundnut,10,Karnataka,29,Bagalkot,556,1931,3721,2528
2016-11-05,Groundnut,10,Karnataka,29,Bagalkot,556,2682,4379,3833
2016-11-04,Groundnut,10,Karnataka,29,Bagalkot,556,2345,4011,3530
2016-11-03,Groundnut,10,Karnataka,29,Bagalkot,556,1886,4369,3796
2016-11-02,Groundnut,10,Karnataka,29,Bagalkot,556,1301,3355,2999
2016-10-31,Groundnut,10,Karnataka,29,Bagalkot,556,1389,4211,2955
2016-10-28,Groundnut,10,Karnataka,29,Bagalkot,556,2121,2689,2383
2016-10-27,Groundnut,10,Karnataka,29,Bagalkot,556,2635,2635,2635
2016-10-26,Groundnut,10,Karnataka,29,Bagalkot,556,2309,3129,2709
2016-10-25,Groundnut,10,Karnataka,29,Bagalkot,556,2033,2752,2478
2016-10-24,Groundnut,10,Karnataka,29,Bagalkot,556,1950,4070,2511
2016-10-22,Groundnut,10,Karnataka,29,Bagalkot,556,2289,2789,2630
2016-10-21,Groundnut,10,Karnataka,29,Bagalkot,556,2075,3809,2931
2016-10-20,Groundnut,10,Karnataka,29,Bagalkot,556,2469,2719,2651
2016-10-19,Groundnut,10,Karnataka,29,Bagalkot,556,1789,3215,2595
2016-10-18,Groundnut,10,Karnataka,29,Bagalkot,556,1821,3301,2375
2016-10-17,Groundnut,10,Karnataka,29,Bagalkot,556,1575,3641,2475
2016-10-14,Groundnut,10,Karnataka,29,Bagalkot,556,1550,3721,2693
2016-10-13,Groundnut,10,Karnataka,29,Bagalkot,556,2070,3611,2630
2016-10-11,Groundnut,10,Karnataka,29,Bagalkot,556,1811,4625,3043
2016-10-08,Groundnut,10,Karnataka,29,Bagalkot,556,2059,2611,2270
2016-10-07,Groundnut,10,Karnataka,29,Bagalkot,556,1225,3825,2307
2016-10-06,Groundnut,10,Karnataka,29,Bagalkot,556,1921,2561,2381
2016-10-05,Groundnut,10,Karnataka,29,Bagalkot,556,1301,4380,2509
2016-10-04,Groundnut,10,Karnataka,29,Bagalkot,556,1425,2651,2030
2016-10-03,Groundnut,10,Karnataka,29,Bagalkot,556,1375,4561,2032
2016-10-01,Groundnut,10,Karnataka,29,Bagalkot,556,1231,2861,2375
2016-09-29,Groundnut,10,Karnataka,29,Bagalkot,556,1950,2641,2309
2016-09-28,Groundnut,10,Karnataka,29,Bagalkot,556,2450,2450,2450
2016-09-26,Groundnut,10,Karnataka,29,Bagalkot,556,1431,4001,2600
2016-09-24,Groundnut,10,Karnataka,29,Bagalkot,556,1421,3329,1946
2016-09-23,Groundnut,10,Karnataka,29,Bagalkot,556,2469,2629,2544
2016-09-22,Groundnut,10,Karnataka,29,Bagalkot,556,1421,2411,1858
2016-09-21,Groundnut,10,Karnataka,29,Bagalkot,556,2421,4400,3948
2016-09-20,Groundnut,10,Karnataka,29,Bagalkot,556,2261,4621,3205
2016-09-19,Groundnut,10,Karnataka,29,Bagalkot,556,1741,4389,2801
2016-09-16,Groundnut,10,Karnataka,29,Bagalkot,556,2371,2371,2371
2016-09-15,Groundnut,10,Karnataka,29,Bagalkot,556,2161,4571,3928
2016-09-14,Groundnut,10,Karnataka,29,Bagalkot,556,2901,4691,3983
2016-09-12,Groundnut,10,Karnataka,29,Bagalkot,556,4231,4511,4473
2016-09-08,Groundnut,10,Karnataka,29,Bagalkot,556,4721,4721,4721
2016-09-07,Groundnut,10,Karnataka,29,Bagalkot,556,5300,5300,5300
2016-09-06,Groundnut,10,Karnataka,29,Bagalkot,556,4000,5000,4526
2016-09-03,Groundnut,10,Karnataka,29,Bagalkot,556,2389,5311,3297
2016-08-30,Groundnut,10,Karnataka,29,Bagalkot,556,3541,4621,4229
2016-08-27,Groundnut,10,Karnataka,29,Bagalkot,556,2471,2471,2471
2016-08-26,Groundnut,10,Karnataka,29,Bagalkot,556,2421,3918,3570
2016-08-25,Groundnut,10,Karnataka,29,Bagalkot,556,4900,5300,5237
2016-08-24,Groundnut,10,Karnataka,29,Bagalkot,556,4861,5259,5196
2016-08-23,Groundnut,10,Karnataka,29,Bagalkot,556,3605,3605,3605
2016-08-20,Groundnut,10,Karnataka,29,Bagalkot,556,3000,3000,3000
2016-08-16,Groundnut,10,Karnataka,29,Bagalkot,556,5089,5089,5089
2016-08-13,Groundnut,10,Karnataka,29,Bagalkot,556,2133,4631,3862
2016-08-12,Groundnut,10,Karnataka,29,Bagalkot,556,5045,5252,5214
2016-08-11,Groundnut,10,Karnataka,29,Bagalkot,556,4255,5545,4959
2016-08-10,Groundnut,10,Karnataka,29,Bagalkot,556,3521,3521,3521
2016-08-09,Groundnut,10,Karnataka,29,Bagalkot,556,4255,5535,4915
2016-08-08,Groundnut,10,Karnataka,29,Bagalkot,556,2100,5481,2849
2016-08-06,Groundnut,10,Karnataka,29,Bagalkot,556,5000,5400,5167
2016-08-05,Groundnut,10,Karnataka,29,Bagalkot,556,2621,5311,3695
2016-08-04,Groundnut,10,Karnataka,29,Bagalkot,556,3609,5611,4961
2016-08-03,Groundnut,10,Karnataka,29,Bagalkot,556,2590,5515,4668
2016-08-01,Groundnut,10,Karnataka,29,Bagalkot,556,2531,4871,2984
2016-07-29,Groundnut,10,Karnataka,29,Bagalkot,556,2655,5545,3836
2016-07-27,Groundnut,10,Karnataka,29,Bagalkot,556,2341,6100,5046
2016-07-26,Groundnut,10,Karnataka,29,Bagalkot,556,2489,5329,4100
2016-07-25,Groundnut,10,Karnataka,29,Bagalkot,556,2621,5161,4085
2016-07-23,Groundnut,10,Karnataka,29,Bagalkot,556,1621,6100,5355
2016-07-22,Groundnut,10,Karnataka,29,Bagalkot,556,1711,6059,5273
2016-07-21,Groundnut,10,Karnataka,29,Bagalkot,556,2879,6100,5429
2016-07-20,Groundnut,10,Karnataka,29,Bagalkot,556,1821,6059,5361
2016-07-19,Groundnut,10,Karnataka,29,Bagalkot,556,4200,6029,5673
2016-07-18,Groundnut,10,Karnataka,29,Bagalkot,556,3719.5,5725,5291.5
2016-07-16,Groundnut,10,Karnataka,29,Bagalkot,556,3835.5,5529.5,5108
2016-07-15,Groundnut,10,Karnataka,29,Bagalkot,556,2209,5759,4873
2016-07-14,Groundnut,10,Karnataka,29,Bagalkot,556,2461,5711,5402
2016-07-13,Groundnut,10,Karnataka,29,Bagalkot,556,2531,5901,5360
2016-07-12,Groundnut,10,Karnataka,29,Bagalkot,556,2541,5900,5196
2016-07-11,Groundnut,10,Karnataka,29,Bagalkot,556,2871,5959,5377
2016-07-09,Groundnut,10,Karnataka,29,Bagalkot,556,2671,5739,4701
2016-07-08,Groundnut,10,Karnataka,29,Bagalkot,556,2421,5529,4545
2016-07-06,Groundnut,10,Karnataka,29,Bagalkot,556,4289,5518,5090
2016-07-05,Groundnut,10,Karnataka,29,Bagalkot,556,2669,5861,4193
2016-07-02,Groundnut,10,Karnataka,29,Bagalkot,556,1835,5969,5415
2016-07-01,Groundnut,10,Karnataka,29,Bagalkot,556,2872,5931,5399
2016-06-30,Groundnut,10,Karnataka,29,Bagalkot,556,2482.5,4231,3779.5
2016-06-29,Groundnut,10,Karnataka,29,Bagalkot,556,2731,5859,5466
2016-06-28,Groundnut,10,Karnataka,29,Bagalkot,556,2661,5962,5307
2016-06-27,Groundnut,10,Karnataka,29,Bagalkot,556,2133,5801,5064
2016-06-25,Groundnut,10,Karnataka,29,Bagalkot,556,2531,5672,4747
2016-06-24,Groundnut,10,Karnataka,29,Bagalkot,556,2532,5980,4945
2016-06-23,Groundnut,10,Karnataka,29,Bagalkot,556,2589,5970,5469
2016-06-22,Groundnut,10,Karnataka,29,Bagalkot,556,3830.5,5818,5305
2016-06-18,Groundnut,10,Karnataka,29,Bagalkot,556,3315.5,4905.5,4589.5
2016-06-17,Groundnut,10,Karnataka,29,Bagalkot,556,2689,6000,5438
2016-06-16,Groundnut,10,Karnataka,29,Bagalkot,556,2231,6152,5302
2016-06-15,Groundnut,10,Karnataka,29,Bagalkot,556,1831,6106,5547
2016-06-14,Groundnut,10,Karnataka,29,Bagalkot,556,1821,6059,5743
2016-06-13,Groundnut,10,Karnataka,29,Bagalkot,556,1841,6029,5419
2016-06-11,Groundnut,10,Karnataka,29,Bagalkot,556,2211,5950,5482
2016-06-10,Groundnut,10,Karnataka,29,Bagalkot,556,2239,5900,4962
2016-06-09,Groundnut,10,Karnataka,29,Bagalkot,556,2389,5919,5400
2016-06-08,Groundnut,10,Karnataka,29,Bagalkot,556,3585.5,5469.5,5249.5
2016-06-07,Groundnut,10,Karnataka,29,Bagalkot,556,2731,5969,5602
2016-06-06,Groundnut,10,Karnataka,29,Bagalkot,556,2171,5961,5507
2016-06-04,Groundnut,10,Karnataka,29,Bagalkot,556,2011,6011,5103
2016-06-03,Groundnut,10,Karnataka,29,Bagalkot,556,2689,6162,5638
2016-06-02,Groundnut,10,Karnataka,29,Bagalkot,556,2411,6216,5808
2016-06-01,Groundnut,10,Karnataka,29,Bagalkot,556,2570.5,4606,4364.5
2016-05-31,Groundnut,10,Karnataka,29,Bagalkot,556,2889,6191,5730
2016-05-30,Groundnut,10,Karnataka,29,Bagalkot,556,2071,6129,5716
2016-05-28,Groundnut,10,Karnataka,29,Bagalkot,556,2439,6079,5742
2016-05-27,Groundnut,10,Karnataka,29,Bagalkot,556,2029,6055,5583
2016-05-26,Groundnut,10,Karnataka,29,Bagalkot,556,2511,6029,5530
2016-05-25,Groundnut,10,Karnataka,29,Bagalkot,556,1900,6029,5501
2016-05-24,Groundnut,10,Karnataka,29,Bagalkot,556,2321,6042,5507
2016-05-23,Groundnut,10,Karnataka,29,Bagalkot,556,1871,6095,5502
2016-05-21,Groundnut,10,Karnataka,29,Bagalkot,556,1739,6056,5594
2016-05-20,Groundnut,10,Karnataka,29,Bagalkot,556,1861,6001,5522
2016-05-19,Groundnut,10,Karnataka,29,Bagalkot,556,2009,5970,5579
2016-05-18,Groundnut,10,Karnataka,29,Bagalkot,556,2289,5849,5513
2016-05-16,Groundnut,10,Karnataka,29,Bagalkot,556,2061,5755,5171
2016-05-14,Groundnut,10,Karnataka,29,Bagalkot,556,2055,5730,5209
2016-05-13,Groundnut,10,Karnataka,29,Bagalkot,556,2061,5737,5220
2016-05-12,Groundnut,10,Karnataka,29,Bagalkot,556,2689,5705,5380
2016-05-11,Groundnut,10,Karnataka,29,Bagalkot,556,2031,5769,5414
2016-05-07,Groundnut,10,Karnataka,29,Bagalkot,556,2120.5,5610.5,4302
2016-05-05,Groundnut,10,Karnataka,29,Bagalkot,556,2402.5,5673,4315
2016-05-04,Groundnut,10,Karnataka,29,Bagalkot,556,2455,5775,5378
2016-05-03,Groundnut,10,Karnataka,29,Bagalkot,556,2670,5500,3039
2016-05-02,Groundnut,10,Karnataka,29,Bagalkot,556,1821,5756,5200
2016-04-30,Groundnut,10,Karnataka,29,Bagalkot,556,1931,5739,5097
2016-04-29,Groundnut,10,Karnataka,29,Bagalkot,556,2339,5701,5117
2016-04-28,Groundnut,10,Karnataka,29,Bagalkot,556,2311,5689,5096
2016-04-27,Groundnut,10,Karnataka,29,Bagalkot,556,2687,5587,4266
2016-04-26,Groundnut,10,Karnataka,29,Bagalkot,556,2967,4384,3249.5
2016-04-25,Groundnut,10,Karnataka,29,Bagalkot,556,2270,5562,4143.5
2016-04-23,Groundnut,10,Karnataka,29,Bagalkot,556,2381,5653,4268
2016-04-22,Groundnut,10,Karnataka,29,Bagalkot,556,2552,5589.5,4294.5
2016-04-21,Groundnut,10,Karnataka,29,Bagalkot,556,2342,5442,4219.5
2016-04-20,Groundnut,10,Karnataka,29,Bagalkot,556,2820,5355,4815
2016-04-18,Groundnut,10,Karnataka,29,Bagalkot,556,2447,5673.5,4147
2016-04-16,Groundnut,10,Karnataka,29,Bagalkot,556,2660,5435,3734
2016-04-15,Groundnut,10,Karnataka,29,Bagalkot,556,2355,5520,4111
2016-04-13,Groundnut,10,Karnataka,29,Bagalkot,556,2509.5,5557,4189.5
2016-04-12,Groundnut,10,Karnataka,29,Bagalkot,556,2265,5522,4018.5
2016-04-11,Groundnut,10,Karnataka,29,Bagalkot,556,2459.5,5520,4107
2016-04-09,Groundnut,10,Karnataka,29,Bagalkot,556,2229,5690,4904
2016-04-08,Groundnut,10,Karnataka,29,Bagalkot,556,2389,5675,5252
2016-04-06,Groundnut,10,Karnataka,29,Bagalkot,556,2632.5,5612.5,3943.5
2016-04-05,Groundnut,10,Karnataka,29,Bagalkot,556,2750,5722,4391
2016-04-04,Groundnut,10,Karnataka,29,Bagalkot,556,2674.5,5614.5,4365.5
2016-04-02,Groundnut,10,Karnataka,29,Bagalkot,556,2700,4734.5,4148.5
2016-04-01,Groundnut,10,Karnataka,29,Bagalkot,556,2435.5,5712.5,4293.5
2016-03-31,Groundnut,10,Karnataka,29,Bagalkot,556,2647.5,5574.5,4280.5
2016-03-30,Groundnut,10,Karnataka,29,Bagalkot,556,2601.5,4525.5,4092
2016-03-29,Groundnut,10,Karnataka,29,Bagalkot,556,2678.5,5155,4354
2016-03-28,Groundnut,10,Karnataka,29,Bagalkot,556,2339.5,5155,4332
2016-03-26,Groundnut,10,Karnataka,29,Bagalkot,556,2650,5120,2910
2016-03-23,Groundnut,10,Karnataka,29,Bagalkot,556,2765,5235,2989
2016-03-22,Groundnut,10,Karnataka,29,Bagalkot,556,2447.5,5456,3414.5
2016-03-21,Groundnut,10,Karnataka,29,Bagalkot,556,2524.5,5462.5,3980.5
2016-03-19,Groundnut,10,Karnataka,29,Bagalkot,556,2700.5,5757,4013
2016-03-18,Groundnut,10,Karnataka,29,Bagalkot,556,2736.5,5668,4201
2016-03-17,Groundnut,10,Karnataka,29,Bagalkot,556,2849,5685.5,4323.5
2016-03-16,Groundnut,10,Karnataka,29,Bagalkot,556,2949,5732,4529
2016-03-15,Groundnut,10,Karnataka,29,Bagalkot,556,2965,5687.5,4424
2016-03-14,Groundnut,10,Karnataka,29,Bagalkot,556,2671,5512,4293
2016-03-12,Groundnut,10,Karnataka,29,Bagalkot,556,2533,5679,5026
2016-03-11,Groundnut,10,Karnataka,29,Bagalkot,556,2869,5175,3181
2016-03-10,Groundnut,10,Karnataka,29,Bagalkot,556,2960,5029,3191
2016-03-08,Groundnut,10,Karnataka,29,Bagalkot,556,2449,5421,4948
2016-03-05,Groundnut,10,Karnataka,29,Bagalkot,556,2847,4412,4040
2016-03-04,Groundnut,10,Karnataka,29,Bagalkot,556,2506,5282,3510.5
2016-03-03,Groundnut,10,Karnataka,29,Bagalkot,556,2545.5,4521,4002
2016-03-02,Groundnut,10,Karnataka,29,Bagalkot,556,2809.5,5106,3786
2016-03-01,Groundnut,10,Karnataka,29,Bagalkot,556,2889,5109,4804
2016-02-29,Groundnut,10,Karnataka,29,Bagalkot,556,2590,4942,3768.5
2016-02-27,Groundnut,10,Karnataka,29,Bagalkot,556,2489,3159,2876
2016-02-26,Groundnut,10,Karnataka,29,Bagalkot,556,2574.5,4922,3994
2016-02-25,Groundnut,10,Karnataka,29,Bagalkot,556,2455,4929,4307
2016-02-24,Groundnut,10,Karnataka,29,Bagalkot,556,2669.5,3900.5,3571
2016-02-23,Groundnut,10,Karnataka,29,Bagalkot,556,2289,4901,4264
2016-02-22,Groundnut,10,Karnataka,29,Bagalkot,556,2569,4735,3130
2016-02-20,Groundnut,10,Karnataka,29,Bagalkot,556,2390.5,4684.5,3241
2016-02-19,Groundnut,10,Karnataka,29,Bagalkot,556,2471.5,4597,3384
2016-02-18,Groundnut,10,Karnataka,29,Bagalkot,556,2547,3880.5,3559.5
2016-02-17,Groundnut,10,Karnataka,29,Bagalkot,556,2303.5,3935.5,3458
2016-02-16,Groundnut,10,Karnataka,29,Bagalkot,556,2859,4750,4408
2016-02-15,Groundnut,10,Karnataka,29,Bagalkot,556,2211,4715,4152
2016-02-12,Groundnut,10,Karnataka,29,Bagalkot,556,2269,4820,3611
2016-01-23,Groundnut,10,Karnataka,29,Bagalkot,556,2271,4859,2662
2016-01-22,Groundnut,10,Karnataka,29,Bagalkot,556,2399,4372,2915
2016-01-21,Groundnut,10,Karnataka,29,Bagalkot,556,2279,4361,3351
2016-01-20,Groundnut,10,Karnataka,29,Bagalkot,556,2251,3909,3259
2016-01-18,Groundnut,10,Karnataka,29,Bagalkot,556,2245,4261,3480
2016-01-16,Groundnut,10,Karnataka,29,Bagalkot,556,2009,4750,2957
2016-01-14,Groundnut,10,Karnataka,29,Bagalkot,556,2431,2739,2597
2016-01-13,Groundnut,10,Karnataka,29,Bagalkot,556,3760.5,4950,4321
2016-01-12,Groundnut,10,Karnataka,29,Bagalkot,556,2859,3299,2971
2016-01-11,Groundnut,10,Karnataka,29,Bagalkot,556,5021,5021,5021
2016-01-09,Groundnut,10,Karnataka,29,Bagalkot,556,2445,3021,2740
2016-01-08,Groundnut,10,Karnataka,29,Bagalkot,556,3519,3519,3519
2016-01-06,Groundnut,10,Karnataka,29,Bagalkot,556,2790,3012,2858
2016-01-05,Groundnut,10,Karnataka,29,Bagalkot,556,2471,5111,3978
2016-01-04,Groundnut,10,Karnataka,29,Bagalkot,556,3524.5,4264.5,3925.5
2016-01-02,Groundnut,10,Karnataka,29,Bagalkot,556,2829,2869,2846
2016-01-01,Groundnut,10,Karnataka,29,Bagalkot,556,2831,4429,3538
2015-12-31,Groundnut,10,Karnataka,29,Bagalkot,556,2831,4369,4132
2015-12-28,Groundnut,10,Karnataka,29,Bagalkot,556,4000,4089,4000
2015-12-26,Groundnut,10,Karnataka,29,Bagalkot,556,3790,4061,3809
2015-12-23,Groundnut,10,Karnataka,29,Bagalkot,556,4039,4051,4048
2015-12-22,Groundnut,10,Karnataka,29,Bagalkot,556,2721,3601,2843
2015-12-21,Groundnut,10,Karnataka,29,Bagalkot,556,4059.5,4330.5,4136.5
2015-12-18,Groundnut,10,Karnataka,29,Bagalkot,556,3739,4341,4140
2015-12-15,Groundnut,10,Karnataka,29,Bagalkot,556,3731,3731,3731
2015-12-14,Groundnut,10,Karnataka,29,Bagalkot,556,2611,2611,2611
2015-12-12,Groundnut,10,Karnataka,29,Bagalkot,556,4341,4341,4341
2015-12-10,Groundnut,10,Karnataka,29,Bagalkot,556,3769,4409,3876
2015-12-09,Groundnut,10,Karnataka,29,Bagalkot,556,3021,3861,3408
2015-12-08,Groundnut,10,Karnataka,29,Bagalkot,556,3939,3939,3939
2015-12-07,Groundnut,10,Karnataka,29,Bagalkot,556,3061,3961,3682
2015-12-05,Groundnut,10,Karnataka,29,Bagalkot,556,2831,4261,3798
2015-12-03,Groundnut,10,Karnataka,29,Bagalkot,556,3115,4321,4098
2015-12-02,Groundnut,10,Karnataka,29,Bagalkot,556,2271,2271,2271
2015-11-30,Groundnut,10,Karnataka,29,Bagalkot,556,2161,4369,3784
2015-11-25,Groundnut,10,Karnataka,29,Bagalkot,556,2341,3161,2751
2015-11-24,Groundnut,10,Karnataka,29,Bagalkot,556,2433,4215,3729
2015-11-23,Groundnut,10,Karnataka,29,Bagalkot,556,2533,2915,2652
2015-11-21,Groundnut,10,Karnataka,29,Bagalkot,556,2592,2592,2592
2015-11-20,Groundnut,10,Karnataka,29,Bagalkot,556,2421,2799,2610
2015-11-19,Groundnut,10,Karnataka,29,Bagalkot,556,2482,3039,2900
2015-11-18,Groundnut,10,Karnataka,29,Bagalkot,556,3011,3492,3235
2015-11-17,Groundnut,10,Karnataka,29,Bagalkot,556,2533,3459,2974
2015-11-16,Groundnut,10,Karnataka,29,Bagalkot,556,2461,2680,2562
2015-11-13,Groundnut,10,Karnataka,29,Bagalkot,556,2229,3652,3398
2015-11-12,Groundnut,10,Karnataka,29,Bagalkot,556,1711,4269,3553
2015-11-09,Groundnut,10,Karnataka,29,Bagalkot,556,2471,3631,2895
2015-11-05,Groundnut,10,Karnataka,29,Bagalkot,556,2211,2790,2546
2015-11-03,Groundnut,10,Karnataka,29,Bagalkot,556,2499,3259,2560
2015-11-02,Groundnut,10,Karnataka,29,Bagalkot,556,2129,3389,2464
2015-10-31,Groundnut,10,Karnataka,29,Bagalkot,556,2252,4201,3055
2015-10-30,Groundnut,10,Karnataka,29,Bagalkot,556,1809,3141,2580
2015-10-29,Groundnut,10,Karnataka,29,Bagalkot,556,1831,2700,2540
2015-10-28,Groundnut,10,Karnataka,29,Bagalkot,556,2059,4189,3416
2015-10-26,Groundnut,10,Karnataka,29,Bagalkot,556,1861,3639,3006
2015-10-23,Groundnut,10,Karnataka,29,Bagalkot,556,2035,4429,3688
2015-10-21,Groundnut,10,Karnataka,29,Bagalkot,556,2601,3611,3351
2015-10-20,Groundnut,10,Karnataka,29,Bagalkot,556,2659,2659,2659
2015-10-19,Groundnut,10,Karnataka,29,Bagalkot,556,2035,4859,3698
2015-10-17,Groundnut,10,Karnataka,29,Bagalkot,556,2371,2371,2371
2015-10-16,Groundnut,10,Karnataka,29,Bagalkot,556,2471,3889,3357
2015-10-15,Groundnut,10,Karnataka,29,Bagalkot,556,2671,4811,3479
2015-10-14,Groundnut,10,Karnataka,29,Bagalkot,556,2621,5311,4739
2015-10-13,Groundnut,10,Karnataka,29,Bagalkot,556,2411,5231,3509
2015-10-10,Groundnut,10,Karnataka,29,Bagalkot,556,2031,5261,3969
2015-10-08,Groundnut,10,Karnataka,29,Bagalkot,556,2231,6001,5466
2015-10-07,Groundnut,10,Karnataka,29,Bagalkot,556,2021,5111,4332
2015-10-06,Groundnut,10,Karnataka,29,Bagalkot,556,2061,2961,2524
2015-10-05,Groundnut,10,Karnataka,29,Bagalkot,556,2595,4001,3151
2015-09-29,Groundnut,10,Karnataka,29,Bagalkot,556,2671,4921,4262
2015-09-28,Groundnut,10,Karnataka,29,Bagalkot,556,2521,4561,4327
2015-09-24,Groundnut,10,Karnataka,29,Bagalkot,556,2641,2641,2641
2015-09-22,Groundnut,10,Karnataka,29,Bagalkot,556,2735,2735,2735
2015-09-15,Groundnut,10,Karnataka,29,Bagalkot,556,2585,2585,2585
2015-09-14,Groundnut,10,Karnataka,29,Bagalkot,556,2845,5125,3600
2015-09-01,Groundnut,10,Karnataka,29,Bagalkot,556,4266,4266,4266
2015-08-31,Groundnut,10,Karnataka,29,Bagalkot,556,3111,3111,3111
2015-08-27,Groundnut,10,Karnataka,29,Bagalkot,556,5741,6109,6073
2015-08-26,Groundnut,10,Karnataka,29,Bagalkot,556,3588,3588,3588
2015-08-25,Groundnut,10,Karnataka,29,Bagalkot,556,5851,5851,5851
2015-08-24,Groundnut,10,Karnataka,29,Bagalkot,556,5200,5200,5200
2015-08-19,Groundnut,10,Karnataka,29,Bagalkot,556,5000,5000,5000
2015-08-18,Groundnut,10,Karnataka,29,Bagalkot,556,5509,5809,5787
2015-08-17,Groundnut,10,Karnataka,29,Bagalkot,556,5000,5000,5000
2015-08-12,Groundnut,10,Karnataka,29,Bagalkot,556,5250,5500,5316.5
2015-08-10,Groundnut,10,Karnataka,29,Bagalkot,556,3039,3039,3039
2015-08-08,Groundnut,10,Karnataka,29,Bagalkot,556,2161,2161,2161
2015-08-07,Groundnut,10,Karnataka,29,Bagalkot,556,2521,2521,2521
2015-08-05,Groundnut,10,Karnataka,29,Bagalkot,556,2945.5,4367,3757.5
2015-08-04,Groundnut,10,Karnataka,29,Bagalkot,556,5189.5,5189.5,5189.5
2015-08-03,Groundnut,10,Karnataka,29,Bagalkot,556,4525.666666666667,4653,4625.666666666667
2015-07-31,Groundnut,10,Karnataka,29,Bagalkot,556,4231,5600,5303
2015-07-29,Groundnut,10,Karnataka,29,Bagalkot,556,5180.5,5180.5,5180.5
2015-07-28,Groundnut,10,Karnataka,29,Bagalkot,556,5225,5225,5225
2015-07-25,Groundnut,10,Karnataka,29,Bagalkot,556,5001,5201,5068
2015-07-24,Groundnut,10,Karnataka,29,Bagalkot,556,6049,6255,6173
2015-07-22,Groundnut,10,Karnataka,29,Bagalkot,556,5069,6199,6029
2015-07-21,Groundnut,10,Karnataka,29,Bagalkot,556,835,6189,5521
2015-07-20,Groundnut,10,Karnataka,29,Bagalkot,556,6000,6000,6000
2015-07-17,Groundnut,10,Karnataka,29,Bagalkot,556,2331,6049,5878
2015-07-16,Groundnut,10,Karnataka,29,Bagalkot,556,5000,5000,5000
2015-07-15,Groundnut,10,Karnataka,29,Bagalkot,556,5070.333333333333,5813,5586.333333333333
2015-07-14,Groundnut,10,Karnataka,29,Bagalkot,556,4250,4979.5,4867.5
2015-07-11,Groundnut,10,Karnataka,29,Bagalkot,556,2859,5748,5444
2015-07-10,Groundnut,10,Karnataka,29,Bagalkot,556,2901,5840,5568
2015-07-09,Groundnut,10,Karnataka,29,Bagalkot,556,3867.5,5404.5,5296.5
2015-07-08,Groundnut,10,Karnataka,29,Bagalkot,556,4669,5812,5536
2015-07-07,Groundnut,10,Karnataka,29,Bagalkot,556,5219,5812,5618
2015-07-06,Groundnut,10,Karnataka,29,Bagalkot,556,2321,5759,5565
2015-07-04,Groundnut,10,Karnataka,29,Bagalkot,556,4197.5,6104.5,5826
2015-07-03,Groundnut,10,Karnataka,29,Bagalkot,556,5219,5829,5627
2015-07-02,Groundnut,10,Karnataka,29,Bagalkot,556,4100,5809,5589
2015-07-01,Groundnut,10,Karnataka,29,Bagalkot,556,4869,5879,5615
2015-06-30,Groundnut,10,Karnataka,29,Bagalkot,556,3081,5879,5648
2015-06-29,Groundnut,10,Karnataka,29,Bagalkot,556,3865.5,5484.5,5357.5
2015-06-27,Groundnut,10,Karnataka,29,Bagalkot,556,3845.5,5454.5,5260
2015-06-25,Groundnut,10,Karnataka,29,Bagalkot,556,4603.666666666667,5863,5705.666666666667
2015-06-24,Groundnut,10,Karnataka,29,Bagalkot,556,3161,6159,5933
2015-06-23,Groundnut,10,Karnataka,29,Bagalkot,556,2600,6079,5786
2015-06-22,Groundnut,10,Karnataka,29,Bagalkot,556,2561,5929,5700
2015-06-20,Groundnut,10,Karnataka,29,Bagalkot,556,2411,5859,5451
2015-06-19,Groundnut,10,Karnataka,29,Bagalkot,556,2055,5829,5446
2015-06-18,Groundnut,10,Karnataka,29,Bagalkot,556,3309.5,5370,5147.5
2015-06-17,Groundnut,10,Karnataka,29,Bagalkot,556,2881,5911,5408
2015-06-16,Groundnut,10,Karnataka,29,Bagalkot,556,5600,5600,5600
2015-06-15,Groundnut,10,Karnataka,29,Bagalkot,556,4154.5,6044.5,5756.5
2015-06-13,Groundnut,10,Karnataka,29,Bagalkot,556,3058,5025.5,4809
2015-06-12,Groundnut,10,Karnataka,29,Bagalkot,556,4000,5000,4800
2015-06-11,Groundnut,10,Karnataka,29,Bagalkot,556,1531,6219,5526
2015-06-10,Groundnut,10,Karnataka,29,Bagalkot,556,1821,6191,5649
2015-06-09,Groundnut,10,Karnataka,29,Bagalkot,556,2963,4221.666666666667,4085.3333333333335
2015-06-08,Groundnut,10,Karnataka,29,Bagalkot,556,1809,6160,5804
2015-06-06,Groundnut,10,Karnataka,29,Bagalkot,556,2974.5,4819.5,4583.5
2015-06-05,Groundnut,10,Karnataka,29,Bagalkot,556,4369.5,6009.5,5810
2015-06-04,Groundnut,10,Karnataka,29,Bagalkot,556,3410.5,5784.5,5227.5
2015-06-01,Groundnut,10,Karnataka,29,Bagalkot,556,3109,6151,5716
2015-05-30,Groundnut,10,Karnataka,29,Bagalkot,556,3170,5069.5,4880.5
2015-05-29,Groundnut,10,Karnataka,29,Bagalkot,556,2889,6089,5671
2015-05-28,Groundnut,10,Karnataka,29,Bagalkot,556,3080,5999,5406
2015-05-27,Groundnut,10,Karnataka,29,Bagalkot,556,3089,5911,5436
2015-05-26,Groundnut,10,Karnataka,29,Bagalkot,556,4169.5,5664.5,5507
2015-05-25,Groundnut,10,Karnataka,29,Bagalkot,556,2759,5809,5367
2015-05-23,Groundnut,10,Karnataka,29,Bagalkot,556,2679,5730,5061
2015-05-22,Groundnut,10,Karnataka,29,Bagalkot,556,2729,5759,5257
2015-05-21,Groundnut,10,Karnataka,29,Bagalkot,556,3139.5,4900.5,4648.5
2015-05-20,Groundnut,10,Karnataka,29,Bagalkot,556,2565,5504,4521
2015-05-19,Groundnut,10,Karnataka,29,Bagalkot,556,1979,5850,5172
2015-05-16,Groundnut,10,Karnataka,29,Bagalkot,556,2411,5881,5104
2015-05-15,Groundnut,10,Karnataka,29,Bagalkot,556,2530.5,4329.5,3992.5
2015-05-14,Groundnut,10,Karnataka,29,Bagalkot,556,2370.5,5522,4370.5
2015-05-13,Groundnut,10,Karnataka,29,Bagalkot,556,2709,5839,5286
2015-05-12,Groundnut,10,Karnataka,29,Bagalkot,556,1425,5859,5428
2015-05-11,Groundnut,10,Karnataka,29,Bagalkot,556,2736,5594,4260
2015-05-09,Groundnut,10,Karnataka,29,Bagalkot,556,2449,5760,5055
2015-05-08,Groundnut,10,Karnataka,29,Bagalkot,556,2658,5352,4404
2015-05-07,Groundnut,10,Karnataka,29,Bagalkot,556,2947,5460,4293
2015-05-06,Groundnut,10,Karnataka,29,Bagalkot,556,2709,5481.5,4294.5
2015-05-05,Groundnut,10,Karnataka,29,Bagalkot,556,2317,5378,4204
2015-04-30,Groundnut,10,Karnataka,29,Bagalkot,556,3514.5,4896,4651.5
2015-04-29,Groundnut,10,Karnataka,29,Bagalkot,556,3083.6666666666665,4808,3970
2015-04-27,Groundnut,10,Karnataka,29,Bagalkot,556,2194,5210,3732.5
2015-04-25,Groundnut,10,Karnataka,29,Bagalkot,556,2307,4834,3909
2015-04-24,Groundnut,10,Karnataka,29,Bagalkot,556,2185.5,5182,3925
2015-04-23,Groundnut,10,Karnataka,29,Bagalkot,556,2532,5250.5,3976.5
2015-04-22,Groundnut,10,Karnataka,29,Bagalkot,556,3340,4719.5,4466
2015-04-20,Groundnut,10,Karnataka,29,Bagalkot,556,2796.6666666666665,4595,3916.6666666666665
2015-04-17,Groundnut,10,Karnataka,29,Bagalkot,556,2100.5,4920.5,3448.5
2015-04-16,Groundnut,10,Karnataka,29,Bagalkot,556,2240.5,4360,3604.5
2015-04-15,Groundnut,10,Karnataka,29,Bagalkot,556,2159,4549,3817
2015-04-13,Groundnut,10,Karnataka,29,Bagalkot,556,2055.5,4471.5,3501.5
2015-04-11,Groundnut,10,Karnataka,29,Bagalkot,556,1889,5121,4532
2015-04-10,Groundnut,10,Karnataka,29,Bagalkot,556,2039,4284.5,3517.5
2015-04-09,Groundnut,10,Karnataka,29,Bagalkot,556,2310,3969,2715
2015-04-07,Groundnut,10,Karnataka,29,Bagalkot,556,2405,3859,2670
2015-04-06,Groundnut,10,Karnataka,29,Bagalkot,556,2256,4250,2883
2015-04-04,Groundnut,10,Karnataka,29,Bagalkot,556,2350,4559,2810
2015-04-01,Groundnut,10,Karnataka,29,Bagalkot,556,2375,4102,2689
2015-03-31,Groundnut,10,Karnataka,29,Bagalkot,556,2260,4660,2802
2015-03-30,Groundnut,10,Karnataka,29,Bagalkot,556,2301,4603,2600
2015-03-28,Groundnut,10,Karnataka,29,Bagalkot,556,2269,3309,2532
2015-03-27,Groundnut,10,Karnataka,29,Bagalkot,556,2325,3132,2659
2015-03-26,Groundnut,10,Karnataka,29,Bagalkot,556,2429,4152,2659
2015-03-25,Groundnut,10,Karnataka,29,Bagalkot,556,2291,4370,2840
2015-03-24,Groundnut,10,Karnataka,29,Bagalkot,556,2033,4250,2576
2015-03-23,Groundnut,10,Karnataka,29,Bagalkot,556,2369,4510,2591
2015-03-19,Groundnut,10,Karnataka,29,Bagalkot,556,2215,2911,2425
2015-03-18,Groundnut,10,Karnataka,29,Bagalkot,556,2009,4640,2690
2015-03-17,Groundnut,10,Karnataka,29,Bagalkot,556,3334,4614.5,3560
2015-03-16,Groundnut,10,Karnataka,29,Bagalkot,556,2269,4530,2730
2015-03-13,Groundnut,10,Karnataka,29,Bagalkot,556,2279,3170,2875
2015-03-12,Groundnut,10,Karnataka,29,Bagalkot,556,2982.5,3645,3370
2015-03-11,Groundnut,10,Karnataka,29,Bagalkot,556,2250,4209,2820
2015-03-05,Groundnut,10,Karnataka,29,Bagalkot,556,1899,4459,2896
2015-02-23,Groundnut,10,Karnataka,29,Bagalkot,556,2001,4589,3329
2015-02-14,Groundnut,10,Karnataka,29,Bagalkot,556,2119,3909,2798
2015-02-13,Groundnut,10,Karnataka,29,Bagalkot,556,2040,3469,2861
2015-02-12,Groundnut,10,Karnataka,29,Bagalkot,556,2219,4589,3084
2015-02-11,Groundnut,10,Karnataka,29,Bagalkot,556,2189,4689,3184
2015-02-10,Groundnut,10,Karnataka,29,Bagalkot,556,2219,4669,3765
2015-02-09,Groundnut,10,Karnataka,29,Bagalkot,556,2289,4629,3227
2015-02-07,Groundnut,10,Karnataka,29,Bagalkot,556,3072.5,4424.5,3780.5
2015-02-06,Groundnut,10,Karnataka,29,Bagalkot,556,2691,3189,2740
2015-02-05,Groundnut,10,Karnataka,29,Bagalkot,556,2152,2799,2600
2015-02-04,Groundnut,10,Karnataka,29,Bagalkot,556,2189,2779,2506
2015-01-02,Groundnut,10,Karnataka,29,Bagalkot,556,2859,3841,3160
