date,commodity,commodity_id,state,state_id,district,district_id,price_min,price_max,price_modal
2025-07-25,Guar Seed (Cluster Beans Seed),413,Rajasthan,8,Pali,118,5000,5049,5021
2025-07-21,Guar Seed (Cluster Beans Seed),413,Rajasthan,8,Pali,118,5021,5023,5022
2025-07-12,Guar Seed (Cluster Beans Seed),413,Rajasthan,8,Pali,118,4876,4876,4876
2025-07-09,Guar Seed (Cluster Beans Seed),413,Rajasthan,8,Pali,118,4969,4969,4969
2025-07-07,Guar Seed (Cluster Beans Seed),413,Rajasthan,8,Pali,118,4500,5044,4772
2025-07-05,Guar Seed (Cluster Beans Seed),413,Rajasthan,8,Pali,118,4990,4990,4990
2025-07-04,Guar Seed (Cluster Beans Seed),413,Rajasthan,8,Pali,118,4900,4900,4900
2025-06-30,Guar Seed (Cluster Beans Seed),413,Rajasthan,8,Pali,118,4746,4831,4801
2025-04-28,Guar Seed (Cluster Beans Seed),413,Rajasthan,8,Pali,118,4700,4700,4700
2025-04-25,Guar Seed (Cluster Beans Seed),413,Rajasthan,8,Pali,118,4600,4600,4600
2025-04-21,Guar Seed (Cluster Beans Seed),413,Rajasthan,8,Pali,118,4716,4716,4716
2025-04-19,Guar Seed (Cluster Beans Seed),413,Rajasthan,8,Pali,118,4715,4715,4715
2025-04-15,Guar Seed (Cluster Beans Seed),413,Rajasthan,8,Pali,118,4800,4800,4800
2025-04-09,Guar Seed (Cluster Beans Seed),413,Rajasthan,8,Pali,118,5021,5021,5021
2025-04-08,Guar Seed (Cluster Beans Seed),413,Rajasthan,8,Pali,118,4700,4750,4750
2025-04-07,Guar Seed (Cluster Beans Seed),413,Rajasthan,8,Pali,118,4700,4700,4700
2025-04-05,Guar Seed (Cluster Beans Seed),413,Rajasthan,8,Pali,118,4730,4830,4760
2025-04-04,Guar Seed (Cluster Beans Seed),413,Rajasthan,8,Pali,118,4800,4800,4800
2025-03-29,Guar Seed (Cluster Beans Seed),413,Rajasthan,8,Pali,118,4800,4800,4800
2025-03-26,Guar Seed (Cluster Beans Seed),413,Rajasthan,8,Pali,118,4700,4700,4700
2025-03-19,Guar Seed (Cluster Beans Seed),413,Rajasthan,8,Pali,118,4701,4701,4701
2025-03-18,Guar Seed (Cluster Beans Seed),413,Rajasthan,8,Pali,118,4815,4845,4815
2025-03-05,Guar Seed (Cluster Beans Seed),413,Rajasthan,8,Pali,118,4732,4735,4734
2025-03-04,Guar Seed (Cluster Beans Seed),413,Rajasthan,8,Pali,118,4670,4670,4670
2025-02-21,Guar Seed (Cluster Beans Seed),413,Rajasthan,8,Pali,118,4621,4700,4650
2025-02-19,Guar Seed (Cluster Beans Seed),413,Rajasthan,8,Pali,118,4800,4800,4800
2025-02-14,Guar Seed (Cluster Beans Seed),413,Rajasthan,8,Pali,118,4672,4990,4875
2025-02-13,Guar Seed (Cluster Beans Seed),413,Rajasthan,8,Pali,118,4771,4997,4900
2025-02-06,Guar Seed (Cluster Beans Seed),413,Rajasthan,8,Pali,118,4952,5042,5001
2025-02-05,Guar Seed (Cluster Beans Seed),413,Rajasthan,8,Pali,118,4761,4761,4761
2025-02-04,Guar Seed (Cluster Beans Seed),413,Rajasthan,8,Pali,118,4921,4970.5,4955.5
2025-02-03,Guar Seed (Cluster Beans Seed),413,Rajasthan,8,Pali,118,4811,4811,4811
2025-02-01,Guar Seed (Cluster Beans Seed),413,Rajasthan,8,Pali,118,4950.5,4950.5,4950.5
2025-01-30,Guar Seed (Cluster Beans Seed),413,Rajasthan,8,Pali,118,4790,4790,4790
2025-01-24,Guar Seed (Cluster Beans Seed),413,Rajasthan,8,Pali,118,4940,5100.5,4987.5
2025-01-22,Guar Seed (Cluster Beans Seed),413,Rajasthan,8,Pali,118,4951,4951,4951
2025-01-17,Guar Seed (Cluster Beans Seed),413,Rajasthan,8,Pali,118,4721,5021,5000
2025-01-10,Guar Seed (Cluster Beans Seed),413,Rajasthan,8,Pali,118,4430,4480,4465
2025-01-09,Guar Seed (Cluster Beans Seed),413,Rajasthan,8,Pali,118,4875,4875,4875
2025-01-07,Guar Seed (Cluster Beans Seed),413,Rajasthan,8,Pali,118,4840,4840,4840
2025-01-04,Guar Seed (Cluster Beans Seed),413,Rajasthan,8,Pali,118,4640,4690,4670
2025-01-03,Guar Seed (Cluster Beans Seed),413,Rajasthan,8,Pali,118,4510,4523,4510
2024-12-30,Guar Seed (Cluster Beans Seed),413,Rajasthan,8,Pali,118,4650,5301,5301
2024-12-28,Guar Seed (Cluster Beans Seed),413,Rajasthan,8,Pali,118,4430,4534,4520
2024-12-27,Guar Seed (Cluster Beans Seed),413,Rajasthan,8,Pali,118,4651,4651,4651
2024-12-12,Guar Seed (Cluster Beans Seed),413,Rajasthan,8,Pali,118,4456,4490,4476
2024-12-10,Guar Seed (Cluster Beans Seed),413,Rajasthan,8,Pali,118,4300,4557,4500
2024-12-09,Guar Seed (Cluster Beans Seed),413,Rajasthan,8,Pali,118,4521,4552,4540
2024-12-05,Guar Seed (Cluster Beans Seed),413,Rajasthan,8,Pali,118,4521,4621,4550
2024-12-04,Guar Seed (Cluster Beans Seed),413,Rajasthan,8,Pali,118,4201,4401,4400
2024-12-03,Guar Seed (Cluster Beans Seed),413,Rajasthan,8,Pali,118,4630,4677,4645
2024-12-02,Guar Seed (Cluster Beans Seed),413,Rajasthan,8,Pali,118,4515,4570,4551
2024-11-19,Guar Seed (Cluster Beans Seed),413,Rajasthan,8,Pali,118,4550,4635,4600
2024-11-18,Guar Seed (Cluster Beans Seed),413,Rajasthan,8,Pali,118,4500,4683,4600
2024-11-16,Guar Seed (Cluster Beans Seed),413,Rajasthan,8,Pali,118,4600,4700,4650
2024-11-15,Guar Seed (Cluster Beans Seed),413,Rajasthan,8,Pali,118,4552,4711,4650
2024-11-09,Guar Seed (Cluster Beans Seed),413,Rajasthan,8,Pali,118,4480,4561,4500
2024-11-08,Guar Seed (Cluster Beans Seed),413,Rajasthan,8,Pali,118,4590,4660,4600
2024-11-07,Guar Seed (Cluster Beans Seed),413,Rajasthan,8,Pali,118,4500,4600,4600
2024-11-06,Guar Seed (Cluster Beans Seed),413,Rajasthan,8,Pali,118,4500,4761,4600
2024-10-28,Guar Seed (Cluster Beans Seed),413,Rajasthan,8,Pali,118,4710,4765,4750
2024-10-26,Guar Seed (Cluster Beans Seed),413,Rajasthan,8,Pali,118,4790,4790,4790
2024-10-25,Guar Seed (Cluster Beans Seed),413,Rajasthan,8,Pali,118,4800,4860,4850
2024-10-17,Guar Seed (Cluster Beans Seed),413,Rajasthan,8,Pali,118,4989,4989,4989
2024-10-16,Guar Seed (Cluster Beans Seed),413,Rajasthan,8,Pali,118,5001,5091,5050
2024-08-29,Guar Seed (Cluster Beans Seed),413,Rajasthan,8,Pali,118,5000,5000,5000
2024-06-19,Guar Seed (Cluster Beans Seed),413,Rajasthan,8,Pali,118,4700,4700,4700
2024-06-05,Guar Seed (Cluster Beans Seed),413,Rajasthan,8,Pali,118,4700,5100,5000
2024-05-13,Guar Seed (Cluster Beans Seed),413,Rajasthan,8,Pali,118,4700,5100,4800
2024-04-29,Guar Seed (Cluster Beans Seed),413,Rajasthan,8,Pali,118,4980,4980,4980
2024-04-13,Guar Seed (Cluster Beans Seed),413,Rajasthan,8,Pali,118,5100,5100,5100
2024-04-12,Guar Seed (Cluster Beans Seed),413,Rajasthan,8,Pali,118,4600,4600,4600
2024-04-08,Guar Seed (Cluster Beans Seed),413,Rajasthan,8,Pali,118,5100,5100,5100
2024-03-19,Guar Seed (Cluster Beans Seed),413,Rajasthan,8,Pali,118,4600,4600,4600
2024-03-18,Guar Seed (Cluster Beans Seed),413,Rajasthan,8,Pali,118,4900,4900,4900
2024-03-15,Guar Seed (Cluster Beans Seed),413,Rajasthan,8,Pali,118,4400,4651,4500
2024-03-14,Guar Seed (Cluster Beans Seed),413,Rajasthan,8,Pali,118,5050,5050,5050
2024-03-06,Guar Seed (Cluster Beans Seed),413,Rajasthan,8,Pali,118,4780,4780,4780
2024-02-27,Guar Seed (Cluster Beans Seed),413,Rajasthan,8,Pali,118,5050,5050,5050
2024-01-08,Guar Seed (Cluster Beans Seed),413,Rajasthan,8,Pali,118,4000,4872,4872
2023-12-11,Guar Seed (Cluster Beans Seed),413,Rajasthan,8,Pali,118,5120,5120,5120
2023-11-02,Guar Seed (Cluster Beans Seed),413,Rajasthan,8,Pali,118,5000,5302,5250
2023-10-16,Guar Seed (Cluster Beans Seed),413,Rajasthan,8,Pali,118,4851,5020,5000
2023-09-15,Guar Seed (Cluster Beans Seed),413,Rajasthan,8,Pali,118,5701,5701,5701
2023-09-11,Guar Seed (Cluster Beans Seed),413,Rajasthan,8,Pali,118,5600,5600,5600
2023-07-03,Guar Seed (Cluster Beans Seed),413,Rajasthan,8,Pali,118,5096,5096,5096
2023-04-18,Guar Seed (Cluster Beans Seed),413,Rajasthan,8,Pali,118,5100,5100,5100
2023-04-12,Guar Seed (Cluster Beans Seed),413,Rajasthan,8,Pali,118,5200,5200,5200
2023-04-11,Guar Seed (Cluster Beans Seed),413,Rajasthan,8,Pali,118,5760,5760,5760
2023-03-27,Guar Seed (Cluster Beans Seed),413,Rajasthan,8,Pali,118,5050,5100,5100
2023-02-23,Guar Seed (Cluster Beans Seed),413,Rajasthan,8,Pali,118,4801,5500,5000
2023-02-22,Guar Seed (Cluster Beans Seed),413,Rajasthan,8,Pali,118,5500,5800,5800
2023-01-06,Guar Seed (Cluster Beans Seed),413,Rajasthan,8,Pali,118,5536,5536,5536
2023-01-04,Guar Seed (Cluster Beans Seed),413,Rajasthan,8,Pali,118,5507,5507,5507
2023-01-03,Guar Seed (Cluster Beans Seed),413,Rajasthan,8,Pali,118,5501,5501,5501
2022-12-27,Guar Seed (Cluster Beans Seed),413,Rajasthan,8,Pali,118,5393,5550,5511
2022-12-25,Guar Seed (Cluster Beans Seed),413,Rajasthan,8,Pali,118,5451,5451,5451
2022-12-22,Guar Seed (Cluster Beans Seed),413,Rajasthan,8,Pali,118,5252,5471,5453
2022-12-21,Guar Seed (Cluster Beans Seed),413,Rajasthan,8,Pali,118,5360,5390,5370
2022-12-20,Guar Seed (Cluster Beans Seed),413,Rajasthan,8,Pali,118,5551,5552,5551
2022-12-16,Guar Seed (Cluster Beans Seed),413,Rajasthan,8,Pali,118,5451,5540,5500
2022-12-15,Guar Seed (Cluster Beans Seed),413,Rajasthan,8,Pali,118,5200,5500,5250
2022-12-14,Guar Seed (Cluster Beans Seed),413,Rajasthan,8,Pali,118,5200,5200,5200
2022-12-13,Guar Seed (Cluster Beans Seed),413,Rajasthan,8,Pali,118,5600,5600,5600
2022-12-12,Guar Seed (Cluster Beans Seed),413,Rajasthan,8,Pali,118,5531,5600,5550
2022-12-06,Guar Seed (Cluster Beans Seed),413,Rajasthan,8,Pali,118,5500,5500,5500
2022-12-05,Guar Seed (Cluster Beans Seed),413,Rajasthan,8,Pali,118,4700,5610,5600
2022-12-03,Guar Seed (Cluster Beans Seed),413,Rajasthan,8,Pali,118,5600,5621,5600
2022-12-01,Guar Seed (Cluster Beans Seed),413,Rajasthan,8,Pali,118,5391,5705,5500
2022-11-30,Guar Seed (Cluster Beans Seed),413,Rajasthan,8,Pali,118,5800,5800,5800
2022-11-29,Guar Seed (Cluster Beans Seed),413,Rajasthan,8,Pali,118,5550,5700,5600
2022-11-28,Guar Seed (Cluster Beans Seed),413,Rajasthan,8,Pali,118,5382,5382,5382
2022-11-07,Guar Seed (Cluster Beans Seed),413,Rajasthan,8,Pali,118,4300,4463,4302
2022-11-05,Guar Seed (Cluster Beans Seed),413,Rajasthan,8,Pali,118,4250,4426,4300
2022-11-04,Guar Seed (Cluster Beans Seed),413,Rajasthan,8,Pali,118,4300,4395,4361
2022-10-20,Guar Seed (Cluster Beans Seed),413,Rajasthan,8,Pali,118,4250,4250,4250
2022-10-18,Guar Seed (Cluster Beans Seed),413,Rajasthan,8,Pali,118,3853,4201,4201
2022-10-14,Guar Seed (Cluster Beans Seed),413,Rajasthan,8,Pali,118,4367,4367,4367
2022-10-10,Guar Seed (Cluster Beans Seed),413,Rajasthan,8,Pali,118,4451,4451,4451
2022-10-06,Guar Seed (Cluster Beans Seed),413,Rajasthan,8,Pali,118,4400,4400,4400
2022-09-20,Guar Seed (Cluster Beans Seed),413,Rajasthan,8,Pali,118,4800,4800,4800
2022-09-19,Guar Seed (Cluster Beans Seed),413,Rajasthan,8,Pali,118,4350,4350,4350
2022-09-14,Guar Seed (Cluster Beans Seed),413,Rajasthan,8,Pali,118,4400,4400,4400
2022-09-07,Guar Seed (Cluster Beans Seed),413,Rajasthan,8,Pali,118,4250,4250,4250
2022-08-18,Guar Seed (Cluster Beans Seed),413,Rajasthan,8,Pali,118,4150,4150,4150
2022-08-01,Guar Seed (Cluster Beans Seed),413,Rajasthan,8,Pali,118,4000,4000,4000
2022-07-08,Guar Seed (Cluster Beans Seed),413,Rajasthan,8,Pali,118,4750,4750,4750
2022-07-06,Guar Seed (Cluster Beans Seed),413,Rajasthan,8,Pali,118,4865,4865,4865
2022-06-15,Guar Seed (Cluster Beans Seed),413,Rajasthan,8,Pali,118,5400,5400,5400
2022-06-09,Guar Seed (Cluster Beans Seed),413,Rajasthan,8,Pali,118,5400,5400,5400
2022-06-07,Guar Seed (Cluster Beans Seed),413,Rajasthan,8,Pali,118,5000,5000,5000
2022-05-27,Guar Seed (Cluster Beans Seed),413,Rajasthan,8,Pali,118,5000,5000,5000
2022-05-26,Guar Seed (Cluster Beans Seed),413,Rajasthan,8,Pali,118,5500,5500,5500
2022-05-25,Guar Seed (Cluster Beans Seed),413,Rajasthan,8,Pali,118,5400,5400,5400
2022-05-23,Guar Seed (Cluster Beans Seed),413,Rajasthan,8,Pali,118,5100,5100,5100
2022-05-17,Guar Seed (Cluster Beans Seed),413,Rajasthan,8,Pali,118,5350,5350,5350
2022-05-12,Guar Seed (Cluster Beans Seed),413,Rajasthan,8,Pali,118,5600,5600,5600
2022-05-02,Guar Seed (Cluster Beans Seed),413,Rajasthan,8,Pali,118,5850,5850,5850
2022-04-25,Guar Seed (Cluster Beans Seed),413,Rajasthan,8,Pali,118,5000,5000,5000
2022-04-23,Guar Seed (Cluster Beans Seed),413,Rajasthan,8,Pali,118,5500,5500,5500
2022-04-19,Guar Seed (Cluster Beans Seed),413,Rajasthan,8,Pali,118,5000,5000,5000
2022-04-06,Guar Seed (Cluster Beans Seed),413,Rajasthan,8,Pali,118,5800,5800,5800
2022-03-30,Guar Seed (Cluster Beans Seed),413,Rajasthan,8,Pali,118,5698,5698,5698
2022-03-21,Guar Seed (Cluster Beans Seed),413,Rajasthan,8,Pali,118,5602,5602,5602
2022-03-08,Guar Seed (Cluster Beans Seed),413,Rajasthan,8,Pali,118,5500,5500,5500
2022-02-24,Guar Seed (Cluster Beans Seed),413,Rajasthan,8,Pali,118,5450,5450,5450
2022-02-22,Guar Seed (Cluster Beans Seed),413,Rajasthan,8,Pali,118,5701,5701,5701
2022-02-03,Guar Seed (Cluster Beans Seed),413,Rajasthan,8,Pali,118,5601,5601,5601
2022-02-01,Guar Seed (Cluster Beans Seed),413,Rajasthan,8,Pali,118,5200,5200,5200
2022-01-28,Guar Seed (Cluster Beans Seed),413,Rajasthan,8,Pali,118,5761,5761,5761
2022-01-20,Guar Seed (Cluster Beans Seed),413,Rajasthan,8,Pali,118,5632,5632,5632
2022-01-19,Guar Seed (Cluster Beans Seed),413,Rajasthan,8,Pali,118,5600,5600,5600
2022-01-13,Guar Seed (Cluster Beans Seed),413,Rajasthan,8,Pali,118,5600,5600,5600
2022-01-08,Guar Seed (Cluster Beans Seed),413,Rajasthan,8,Pali,118,5500,5500,5500
2022-01-07,Guar Seed (Cluster Beans Seed),413,Rajasthan,8,Pali,118,5100,5100,5100
2022-01-05,Guar Seed (Cluster Beans Seed),413,Rajasthan,8,Pali,118,5551,5551,5551
2022-01-03,Guar Seed (Cluster Beans Seed),413,Rajasthan,8,Pali,118,5300,5300,5300
2021-12-24,Guar Seed (Cluster Beans Seed),413,Rajasthan,8,Pali,118,5100,5100,5100
2021-12-23,Guar Seed (Cluster Beans Seed),413,Rajasthan,8,Pali,118,5001,5001,5001
2021-12-22,Guar Seed (Cluster Beans Seed),413,Rajasthan,8,Pali,118,5291,5398,5291
2021-12-21,Guar Seed (Cluster Beans Seed),413,Rajasthan,8,Pali,118,5391,5391,5391
2021-12-10,Guar Seed (Cluster Beans Seed),413,Rajasthan,8,Pali,118,5000,5000,5000
2021-12-09,Guar Seed (Cluster Beans Seed),413,Rajasthan,8,Pali,118,5480,5480,5480
2021-12-08,Guar Seed (Cluster Beans Seed),413,Rajasthan,8,Pali,118,5050,5371,5352
2021-12-07,Guar Seed (Cluster Beans Seed),413,Rajasthan,8,Pali,118,5300,5300,5300
2021-12-06,Guar Seed (Cluster Beans Seed),413,Rajasthan,8,Pali,118,5100,5100,5100
2021-12-04,Guar Seed (Cluster Beans Seed),413,Rajasthan,8,Pali,118,5051,5100,5100
2021-12-03,Guar Seed (Cluster Beans Seed),413,Rajasthan,8,Pali,118,5091,5211,5211
2021-12-02,Guar Seed (Cluster Beans Seed),413,Rajasthan,8,Pali,118,5251,5251,5251
2021-12-01,Guar Seed (Cluster Beans Seed),413,Rajasthan,8,Pali,118,5000,5350,5350
2021-11-16,Guar Seed (Cluster Beans Seed),413,Rajasthan,8,Pali,118,5800,5800,5800
2021-11-15,Guar Seed (Cluster Beans Seed),413,Rajasthan,8,Pali,118,5991,6001,6000
2021-11-11,Guar Seed (Cluster Beans Seed),413,Rajasthan,8,Pali,118,5860,6051,5981
2021-11-10,Guar Seed (Cluster Beans Seed),413,Rajasthan,8,Pali,118,6200,6200,6200
2021-11-09,Guar Seed (Cluster Beans Seed),413,Rajasthan,8,Pali,118,6050,6191,6191
2021-10-28,Guar Seed (Cluster Beans Seed),413,Rajasthan,8,Pali,118,6192,6192,6192
2021-10-26,Guar Seed (Cluster Beans Seed),413,Rajasthan,8,Pali,118,5651,5651,5651
2021-10-25,Guar Seed (Cluster Beans Seed),413,Rajasthan,8,Pali,118,5800,5800,5800
2021-10-20,Guar Seed (Cluster Beans Seed),413,Rajasthan,8,Pali,118,5341,5341,5341
2021-10-19,Guar Seed (Cluster Beans Seed),413,Rajasthan,8,Pali,118,5225,5225,5225
2021-09-27,Guar Seed (Cluster Beans Seed),413,Rajasthan,8,Pali,118,5500,5500,5500
2021-09-22,Guar Seed (Cluster Beans Seed),413,Rajasthan,8,Pali,118,5000,5000,5000
2021-09-07,Guar Seed (Cluster Beans Seed),413,Rajasthan,8,Pali,118,5500,5500,5500
2021-09-06,Guar Seed (Cluster Beans Seed),413,Rajasthan,8,Pali,118,5480,5480,5480
2021-09-02,Guar Seed (Cluster Beans Seed),413,Rajasthan,8,Pali,118,5000,5000,5000
2021-08-18,Guar Seed (Cluster Beans Seed),413,Rajasthan,8,Pali,118,4000,4000,4000
2021-08-11,Guar Seed (Cluster Beans Seed),413,Rajasthan,8,Pali,118,4350,4350,4350
2021-07-14,Guar Seed (Cluster Beans Seed),413,Rajasthan,8,Pali,118,3670,3670,3670
2021-04-13,Guar Seed (Cluster Beans Seed),413,Rajasthan,8,Pali,118,3600,3600,3600
2021-04-12,Guar Seed (Cluster Beans Seed),413,Rajasthan,8,Pali,118,3600,3600,3600
2021-04-06,Guar Seed (Cluster Beans Seed),413,Rajasthan,8,Pali,118,3550,3581,3551
2021-04-02,Guar Seed (Cluster Beans Seed),413,Rajasthan,8,Pali,118,3460,3460,3460
2021-03-25,Guar Seed (Cluster Beans Seed),413,Rajasthan,8,Pali,118,3200,3200,3200
2021-03-24,Guar Seed (Cluster Beans Seed),413,Rajasthan,8,Pali,118,3444,3461,3450
2021-03-19,Guar Seed (Cluster Beans Seed),413,Rajasthan,8,Pali,118,3481,3481,3481
2021-03-18,Guar Seed (Cluster Beans Seed),413,Rajasthan,8,Pali,118,3400,3400,3400
2021-03-17,Guar Seed (Cluster Beans Seed),413,Rajasthan,8,Pali,118,3500,3500,3500
2021-03-15,Guar Seed (Cluster Beans Seed),413,Rajasthan,8,Pali,118,2000,3550,3500
2021-03-13,Guar Seed (Cluster Beans Seed),413,Rajasthan,8,Pali,118,3570,3570,3570
2021-03-11,Guar Seed (Cluster Beans Seed),413,Rajasthan,8,Pali,118,3400,3480,3470
2021-03-10,Guar Seed (Cluster Beans Seed),413,Rajasthan,8,Pali,118,3501,3501,3501
2021-03-09,Guar Seed (Cluster Beans Seed),413,Rajasthan,8,Pali,118,3550,3550,3550
2021-03-08,Guar Seed (Cluster Beans Seed),413,Rajasthan,8,Pali,118,3551,3551,3551
2021-03-04,Guar Seed (Cluster Beans Seed),413,Rajasthan,8,Pali,118,3471,3471,3471
2021-03-03,Guar Seed (Cluster Beans Seed),413,Rajasthan,8,Pali,118,2500,3400,3400
2021-03-02,Guar Seed (Cluster Beans Seed),413,Rajasthan,8,Pali,118,3501,3501,3501
2021-03-01,Guar Seed (Cluster Beans Seed),413,Rajasthan,8,Pali,118,3480,3480,3480
2021-02-25,Guar Seed (Cluster Beans Seed),413,Rajasthan,8,Pali,118,3501,3501,3501
2021-02-23,Guar Seed (Cluster Beans Seed),413,Rajasthan,8,Pali,118,3500,3500,3500
2021-02-15,Guar Seed (Cluster Beans Seed),413,Rajasthan,8,Pali,118,3550,3550,3550
2021-02-06,Guar Seed (Cluster Beans Seed),413,Rajasthan,8,Pali,118,3500,3500,3500
2021-02-02,Guar Seed (Cluster Beans Seed),413,Rajasthan,8,Pali,118,3582,3582,3582
2021-01-28,Guar Seed (Cluster Beans Seed),413,Rajasthan,8,Pali,118,3500,3500,3500
2021-01-19,Guar Seed (Cluster Beans Seed),413,Rajasthan,8,Pali,118,3581,3581,3581
2021-01-18,Guar Seed (Cluster Beans Seed),413,Rajasthan,8,Pali,118,3617,3617,3617
2021-01-15,Guar Seed (Cluster Beans Seed),413,Rajasthan,8,Pali,118,3500,3500,3500
2021-01-12,Guar Seed (Cluster Beans Seed),413,Rajasthan,8,Pali,118,3460,3460,3460
2021-01-11,Guar Seed (Cluster Beans Seed),413,Rajasthan,8,Pali,118,3430,3430,3430
2021-01-09,Guar Seed (Cluster Beans Seed),413,Rajasthan,8,Pali,118,3500,3500,3500
2021-01-08,Guar Seed (Cluster Beans Seed),413,Rajasthan,8,Pali,118,3301,3301,3301
2021-01-04,Guar Seed (Cluster Beans Seed),413,Rajasthan,8,Pali,118,3600,3600,3600
2021-01-01,Guar Seed (Cluster Beans Seed),413,Rajasthan,8,Pali,118,3500,3500,3500
2020-12-25,Guar Seed (Cluster Beans Seed),413,Rajasthan,8,Pali,118,3500,3500,3500
2020-12-24,Guar Seed (Cluster Beans Seed),413,Rajasthan,8,Pali,118,3400,3511,3500
2020-12-23,Guar Seed (Cluster Beans Seed),413,Rajasthan,8,Pali,118,3201,3201,3201
2020-12-22,Guar Seed (Cluster Beans Seed),413,Rajasthan,8,Pali,118,3257,3530,3400
2020-12-21,Guar Seed (Cluster Beans Seed),413,Rajasthan,8,Pali,118,3450,3450,3450
2020-12-19,Guar Seed (Cluster Beans Seed),413,Rajasthan,8,Pali,118,3400,3400,3400
2020-12-14,Guar Seed (Cluster Beans Seed),413,Rajasthan,8,Pali,118,3000,3395,3395
2020-12-02,Guar Seed (Cluster Beans Seed),413,Rajasthan,8,Pali,118,3400,3400,3400
2020-11-24,Guar Seed (Cluster Beans Seed),413,Rajasthan,8,Pali,118,3500,3500,3500
2020-11-20,Guar Seed (Cluster Beans Seed),413,Rajasthan,8,Pali,118,3600,3600,3600
2020-11-09,Guar Seed (Cluster Beans Seed),413,Rajasthan,8,Pali,118,3600,3825,3800
2020-11-03,Guar Seed (Cluster Beans Seed),413,Rajasthan,8,Pali,118,3831,3831,3831
2020-10-31,Guar Seed (Cluster Beans Seed),413,Rajasthan,8,Pali,118,3595,3595,3595
2020-10-28,Guar Seed (Cluster Beans Seed),413,Rajasthan,8,Pali,118,3550,3550,3550
2020-10-21,Guar Seed (Cluster Beans Seed),413,Rajasthan,8,Pali,118,3600,3600,3600
2020-10-20,Guar Seed (Cluster Beans Seed),413,Rajasthan,8,Pali,118,3611,3611,3611
2020-10-13,Guar Seed (Cluster Beans Seed),413,Rajasthan,8,Pali,118,3500,3500,3500
2020-10-10,Guar Seed (Cluster Beans Seed),413,Rajasthan,8,Pali,118,3574,3574,3574
2020-10-09,Guar Seed (Cluster Beans Seed),413,Rajasthan,8,Pali,118,3550,3550,3550
2020-09-29,Guar Seed (Cluster Beans Seed),413,Rajasthan,8,Pali,118,3531,3531,3531
2020-09-15,Guar Seed (Cluster Beans Seed),413,Rajasthan,8,Pali,118,3548,3548,3548
2020-09-10,Guar Seed (Cluster Beans Seed),413,Rajasthan,8,Pali,118,3522,3522,3522
2020-07-23,Guar Seed (Cluster Beans Seed),413,Rajasthan,8,Pali,118,3500,3500,3500
2020-07-09,Guar Seed (Cluster Beans Seed),413,Rajasthan,8,Pali,118,3291,3291,3291
2020-07-02,Guar Seed (Cluster Beans Seed),413,Rajasthan,8,Pali,118,3311,3311,3311
2020-06-17,Guar Seed (Cluster Beans Seed),413,Rajasthan,8,Pali,118,3130,3130,3130
2020-06-15,Guar Seed (Cluster Beans Seed),413,Rajasthan,8,Pali,118,3165,3165,3165
2020-06-11,Guar Seed (Cluster Beans Seed),413,Rajasthan,8,Pali,118,3230,3230,3230
2020-06-10,Guar Seed (Cluster Beans Seed),413,Rajasthan,8,Pali,118,3160,3201,3201
2020-06-05,Guar Seed (Cluster Beans Seed),413,Rajasthan,8,Pali,118,3201,3201,3201
2020-03-16,Guar Seed (Cluster Beans Seed),413,Rajasthan,8,Pali,118,3200,3200,3200
2020-02-27,Guar Seed (Cluster Beans Seed),413,Rajasthan,8,Pali,118,3400,3400,3400
2020-02-26,Guar Seed (Cluster Beans Seed),413,Rajasthan,8,Pali,118,3365,3365,3365
2020-02-25,Guar Seed (Cluster Beans Seed),413,Rajasthan,8,Pali,118,3311,3311,3311
2020-02-24,Guar Seed (Cluster Beans Seed),413,Rajasthan,8,Pali,118,3332,3461,3461
2020-02-17,Guar Seed (Cluster Beans Seed),413,Rajasthan,8,Pali,118,3110,3470,3470
2020-01-29,Guar Seed (Cluster Beans Seed),413,Rajasthan,8,Pali,118,3481,3490,3490
2020-01-28,Guar Seed (Cluster Beans Seed),413,Rajasthan,8,Pali,118,3496,3496,3496
2020-01-23,Guar Seed (Cluster Beans Seed),413,Rajasthan,8,Pali,118,3522,3522,3522
2020-01-15,Guar Seed (Cluster Beans Seed),413,Rajasthan,8,Pali,118,3600,3641,3641
2020-01-03,Guar Seed (Cluster Beans Seed),413,Rajasthan,8,Pali,118,3581,3620,3620
2020-01-01,Guar Seed (Cluster Beans Seed),413,Rajasthan,8,Pali,118,3648,3648,3648
2019-12-30,Guar Seed (Cluster Beans Seed),413,Rajasthan,8,Pali,118,3425,3595,3595
2019-12-27,Guar Seed (Cluster Beans Seed),413,Rajasthan,8,Pali,118,3599,3600,3600
2019-12-26,Guar Seed (Cluster Beans Seed),413,Rajasthan,8,Pali,118,3301,3573,3400
2019-12-25,Guar Seed (Cluster Beans Seed),413,Rajasthan,8,Pali,118,3100,3462,3400
2019-12-24,Guar Seed (Cluster Beans Seed),413,Rajasthan,8,Pali,118,3600,3650,3650
2019-12-20,Guar Seed (Cluster Beans Seed),413,Rajasthan,8,Pali,118,3200,3600,3600
2019-12-18,Guar Seed (Cluster Beans Seed),413,Rajasthan,8,Pali,118,3226,3497,3400
2019-12-17,Guar Seed (Cluster Beans Seed),413,Rajasthan,8,Pali,118,3250,3526,3400
2019-12-16,Guar Seed (Cluster Beans Seed),413,Rajasthan,8,Pali,118,3360,3380,3380
2019-12-03,Guar Seed (Cluster Beans Seed),413,Rajasthan,8,Pali,118,3250,3419,3300
2019-12-02,Guar Seed (Cluster Beans Seed),413,Rajasthan,8,Pali,118,3321,3451,3350
2019-11-29,Guar Seed (Cluster Beans Seed),413,Rajasthan,8,Pali,118,3300,3600,3500
2019-11-28,Guar Seed (Cluster Beans Seed),413,Rajasthan,8,Pali,118,3200,3552,3500
2019-11-27,Guar Seed (Cluster Beans Seed),413,Rajasthan,8,Pali,118,3300,3607,3500
2019-11-26,Guar Seed (Cluster Beans Seed),413,Rajasthan,8,Pali,118,2201,3611,3600
2019-11-25,Guar Seed (Cluster Beans Seed),413,Rajasthan,8,Pali,118,3400,3721,3600
2019-11-23,Guar Seed (Cluster Beans Seed),413,Rajasthan,8,Pali,118,3521,3774,3600
2019-11-21,Guar Seed (Cluster Beans Seed),413,Rajasthan,8,Pali,118,3661,3791,3700
2019-11-20,Guar Seed (Cluster Beans Seed),413,Rajasthan,8,Pali,118,3700,3800,3700
2019-11-19,Guar Seed (Cluster Beans Seed),413,Rajasthan,8,Pali,118,3650,3780,3700
2019-11-18,Guar Seed (Cluster Beans Seed),413,Rajasthan,8,Pali,118,3552,3771,3700
2019-11-16,Guar Seed (Cluster Beans Seed),413,Rajasthan,8,Pali,118,3650,3973,3840
2019-11-15,Guar Seed (Cluster Beans Seed),413,Rajasthan,8,Pali,118,3791,3871,3838
2019-11-11,Guar Seed (Cluster Beans Seed),413,Rajasthan,8,Pali,118,3531,3895,3700
2019-11-09,Guar Seed (Cluster Beans Seed),413,Rajasthan,8,Pali,118,3510,3785,3510
2019-11-08,Guar Seed (Cluster Beans Seed),413,Rajasthan,8,Pali,118,3545,3742,3545
2019-11-04,Guar Seed (Cluster Beans Seed),413,Rajasthan,8,Pali,118,3351,3712,3351
2019-11-02,Guar Seed (Cluster Beans Seed),413,Rajasthan,8,Pali,118,3546,3640,3546
2019-11-01,Guar Seed (Cluster Beans Seed),413,Rajasthan,8,Pali,118,3363,3601,3363
2019-10-22,Guar Seed (Cluster Beans Seed),413,Rajasthan,8,Pali,118,3600,4000,3800
2019-10-21,Guar Seed (Cluster Beans Seed),413,Rajasthan,8,Pali,118,3541,3541,3541
2019-09-17,Guar Seed (Cluster Beans Seed),413,Rajasthan,8,Pali,118,3500,3773,3773
2019-07-30,Guar Seed (Cluster Beans Seed),413,Rajasthan,8,Pali,118,3821,3821,3821
2019-06-27,Guar Seed (Cluster Beans Seed),413,Rajasthan,8,Pali,118,3701,3701,3701
2019-06-24,Guar Seed (Cluster Beans Seed),413,Rajasthan,8,Pali,118,3800,3811,3811
2019-06-18,Guar Seed (Cluster Beans Seed),413,Rajasthan,8,Pali,118,3847,3847,3847
2019-06-12,Guar Seed (Cluster Beans Seed),413,Rajasthan,8,Pali,118,3770,3791,3791
2019-05-31,Guar Seed (Cluster Beans Seed),413,Rajasthan,8,Pali,118,3870,3870,3870
2019-05-30,Guar Seed (Cluster Beans Seed),413,Rajasthan,8,Pali,118,3720,3720,3720
2019-05-29,Guar Seed (Cluster Beans Seed),413,Rajasthan,8,Pali,118,3890,3890,3890
2019-05-25,Guar Seed (Cluster Beans Seed),413,Rajasthan,8,Pali,118,3881,3930,3926
2019-05-20,Guar Seed (Cluster Beans Seed),413,Rajasthan,8,Pali,118,3880,3880,3880
2019-05-15,Guar Seed (Cluster Beans Seed),413,Rajasthan,8,Pali,118,3921,3992,3991
2019-05-09,Guar Seed (Cluster Beans Seed),413,Rajasthan,8,Pali,118,3300,3940,3842
2019-05-06,Guar Seed (Cluster Beans Seed),413,Rajasthan,8,Pali,118,3898,3995,3898
2019-05-04,Guar Seed (Cluster Beans Seed),413,Rajasthan,8,Pali,118,3890,3915,3915
2019-04-26,Guar Seed (Cluster Beans Seed),413,Rajasthan,8,Pali,118,3885,4015,3885
2019-04-25,Guar Seed (Cluster Beans Seed),413,Rajasthan,8,Pali,118,3900,4021,4021
2019-04-24,Guar Seed (Cluster Beans Seed),413,Rajasthan,8,Pali,118,3875,3875,3875
2019-04-23,Guar Seed (Cluster Beans Seed),413,Rajasthan,8,Pali,118,3790,3900,3790
2019-04-22,Guar Seed (Cluster Beans Seed),413,Rajasthan,8,Pali,118,3840,3907,3840
2019-04-20,Guar Seed (Cluster Beans Seed),413,Rajasthan,8,Pali,118,3870,3870,3870
2019-04-16,Guar Seed (Cluster Beans Seed),413,Rajasthan,8,Pali,118,4000,4000,4000
2019-04-15,Guar Seed (Cluster Beans Seed),413,Rajasthan,8,Pali,118,3950,4001,3950
2019-04-12,Guar Seed (Cluster Beans Seed),413,Rajasthan,8,Pali,118,3930,4006,4000
2019-04-11,Guar Seed (Cluster Beans Seed),413,Rajasthan,8,Pali,118,4022,4034,4034
2019-04-09,Guar Seed (Cluster Beans Seed),413,Rajasthan,8,Pali,118,3880,3951,3920
2019-04-08,Guar Seed (Cluster Beans Seed),413,Rajasthan,8,Pali,118,3911,3911,3911
2019-04-06,Guar Seed (Cluster Beans Seed),413,Rajasthan,8,Pali,118,3900,3966,3966
2019-04-05,Guar Seed (Cluster Beans Seed),413,Rajasthan,8,Pali,118,3906,3906,3906
2019-04-03,Guar Seed (Cluster Beans Seed),413,Rajasthan,8,Pali,118,3961,3961,3961
2019-04-02,Guar Seed (Cluster Beans Seed),413,Rajasthan,8,Pali,118,3841,3912,3900
2019-04-01,Guar Seed (Cluster Beans Seed),413,Rajasthan,8,Pali,118,3839,3866,3861
2019-03-26,Guar Seed (Cluster Beans Seed),413,Rajasthan,8,Pali,118,3800,3950,3950
2019-03-25,Guar Seed (Cluster Beans Seed),413,Rajasthan,8,Pali,118,3340,3900,3900
2019-03-23,Guar Seed (Cluster Beans Seed),413,Rajasthan,8,Pali,118,3871,3871,3871
2019-03-22,Guar Seed (Cluster Beans Seed),413,Rajasthan,8,Pali,118,1631,1631,1631
2019-03-19,Guar Seed (Cluster Beans Seed),413,Rajasthan,8,Pali,118,3590,3880,3880
2019-03-11,Guar Seed (Cluster Beans Seed),413,Rajasthan,8,Pali,118,3851,3911,3900
2019-03-09,Guar Seed (Cluster Beans Seed),413,Rajasthan,8,Pali,118,3860,3860,3860
2019-03-08,Guar Seed (Cluster Beans Seed),413,Rajasthan,8,Pali,118,3789,3816,3816
2019-02-15,Guar Seed (Cluster Beans Seed),413,Rajasthan,8,Pali,118,3835,3835,3835
2019-02-06,Guar Seed (Cluster Beans Seed),413,Rajasthan,8,Pali,118,3800,3800,3800
2019-02-05,Guar Seed (Cluster Beans Seed),413,Rajasthan,8,Pali,118,3856,3906,3860
2019-02-04,Guar Seed (Cluster Beans Seed),413,Rajasthan,8,Pali,118,3595,3919,3855
2019-01-31,Guar Seed (Cluster Beans Seed),413,Rajasthan,8,Pali,118,3759,3951,3890
2019-01-30,Guar Seed (Cluster Beans Seed),413,Rajasthan,8,Pali,118,3924,3975,3975
2019-01-29,Guar Seed (Cluster Beans Seed),413,Rajasthan,8,Pali,118,2950,3970,3970
2019-01-24,Guar Seed (Cluster Beans Seed),413,Rajasthan,8,Pali,118,3909,4016,4016
2019-01-23,Guar Seed (Cluster Beans Seed),413,Rajasthan,8,Pali,118,3961,4000,3991
2019-01-22,Guar Seed (Cluster Beans Seed),413,Rajasthan,8,Pali,118,3921,4010,4010
2019-01-21,Guar Seed (Cluster Beans Seed),413,Rajasthan,8,Pali,118,3862,4062,4041
2019-01-19,Guar Seed (Cluster Beans Seed),413,Rajasthan,8,Pali,118,3951,3951,3951
2019-01-16,Guar Seed (Cluster Beans Seed),413,Rajasthan,8,Pali,118,3931,3951,3931
2019-01-15,Guar Seed (Cluster Beans Seed),413,Rajasthan,8,Pali,118,3870,3931,3905
2019-01-14,Guar Seed (Cluster Beans Seed),413,Rajasthan,8,Pali,118,3701,3900,3900
2019-01-02,Guar Seed (Cluster Beans Seed),413,Rajasthan,8,Pali,118,3901,3987,3941
2019-01-01,Guar Seed (Cluster Beans Seed),413,Rajasthan,8,Pali,118,3551,4021,4021
2018-12-27,Guar Seed (Cluster Beans Seed),413,Rajasthan,8,Pali,118,3900,3905,3905
2018-12-21,Guar Seed (Cluster Beans Seed),413,Rajasthan,8,Pali,118,3900,3900,3900
2018-12-20,Guar Seed (Cluster Beans Seed),413,Rajasthan,8,Pali,118,3701,3871,3871
2018-12-19,Guar Seed (Cluster Beans Seed),413,Rajasthan,8,Pali,118,3690,3936,3936
2018-12-17,Guar Seed (Cluster Beans Seed),413,Rajasthan,8,Pali,118,3990,4030,4028
2018-12-15,Guar Seed (Cluster Beans Seed),413,Rajasthan,8,Pali,118,3970,3993,3970
2018-12-10,Guar Seed (Cluster Beans Seed),413,Rajasthan,8,Pali,118,3951,4053,4011
2018-12-07,Guar Seed (Cluster Beans Seed),413,Rajasthan,8,Pali,118,3961,3968,3961
2018-12-06,Guar Seed (Cluster Beans Seed),413,Rajasthan,8,Pali,118,3979,4000,3979
2018-11-27,Guar Seed (Cluster Beans Seed),413,Rajasthan,8,Pali,118,3897,3930,3916
2018-11-26,Guar Seed (Cluster Beans Seed),413,Rajasthan,8,Pali,118,3801,4000,3960
2018-11-24,Guar Seed (Cluster Beans Seed),413,Rajasthan,8,Pali,118,3941,4000,3941
2018-11-23,Guar Seed (Cluster Beans Seed),413,Rajasthan,8,Pali,118,3926,4010,3971
2018-11-22,Guar Seed (Cluster Beans Seed),413,Rajasthan,8,Pali,118,3580,4100,4100
2018-11-21,Guar Seed (Cluster Beans Seed),413,Rajasthan,8,Pali,118,3914,3960,3914
2018-11-19,Guar Seed (Cluster Beans Seed),413,Rajasthan,8,Pali,118,4012,4220,4214
2018-11-17,Guar Seed (Cluster Beans Seed),413,Rajasthan,8,Pali,118,4000,4232,4151
2018-11-16,Guar Seed (Cluster Beans Seed),413,Rajasthan,8,Pali,118,4096,5517,4243
2018-11-15,Guar Seed (Cluster Beans Seed),413,Rajasthan,8,Pali,118,3600,4241,4161
2018-11-13,Guar Seed (Cluster Beans Seed),413,Rajasthan,8,Pali,118,4222,4326,4311
2018-11-12,Guar Seed (Cluster Beans Seed),413,Rajasthan,8,Pali,118,3900,4351,4347
2018-10-25,Guar Seed (Cluster Beans Seed),413,Rajasthan,8,Pali,118,3917,4080,4080
2018-10-24,Guar Seed (Cluster Beans Seed),413,Rajasthan,8,Pali,118,3960,4071,4049
2018-10-23,Guar Seed (Cluster Beans Seed),413,Rajasthan,8,Pali,118,3785,4012,4000
2018-10-22,Guar Seed (Cluster Beans Seed),413,Rajasthan,8,Pali,118,3870,3870,3870
2018-10-13,Guar Seed (Cluster Beans Seed),413,Rajasthan,8,Pali,118,3712,3712,3712
2018-10-11,Guar Seed (Cluster Beans Seed),413,Rajasthan,8,Pali,118,3721,3721,3721
2018-10-08,Guar Seed (Cluster Beans Seed),413,Rajasthan,8,Pali,118,3710,3710,3710
2018-10-06,Guar Seed (Cluster Beans Seed),413,Rajasthan,8,Pali,118,3620,3620,3620
2018-10-05,Guar Seed (Cluster Beans Seed),413,Rajasthan,8,Pali,118,3651,3651,3651
2018-09-25,Guar Seed (Cluster Beans Seed),413,Rajasthan,8,Pali,118,3660,3660,3660
2018-08-13,Guar Seed (Cluster Beans Seed),413,Rajasthan,8,Pali,118,3853,3853,3853
2018-08-10,Guar Seed (Cluster Beans Seed),413,Rajasthan,8,Pali,118,3732,3740,3732
2018-08-02,Guar Seed (Cluster Beans Seed),413,Rajasthan,8,Pali,118,3780,3780,3780
2018-07-30,Guar Seed (Cluster Beans Seed),413,Rajasthan,8,Pali,118,3722,3722,3722
2018-07-24,Guar Seed (Cluster Beans Seed),413,Rajasthan,8,Pali,118,3686,3700,3700
2018-07-05,Guar Seed (Cluster Beans Seed),413,Rajasthan,8,Pali,118,3366,3523,3523
2018-07-03,Guar Seed (Cluster Beans Seed),413,Rajasthan,8,Pali,118,3300,3550,3550
2018-07-02,Guar Seed (Cluster Beans Seed),413,Rajasthan,8,Pali,118,2650,3480,3480
2018-06-29,Guar Seed (Cluster Beans Seed),413,Rajasthan,8,Pali,118,3250,3321,3250
2018-06-22,Guar Seed (Cluster Beans Seed),413,Rajasthan,8,Pali,118,3221,3221,3221
2018-06-19,Guar Seed (Cluster Beans Seed),413,Rajasthan,8,Pali,118,3260,3260,3260
2018-06-18,Guar Seed (Cluster Beans Seed),413,Rajasthan,8,Pali,118,3301,3372,3372
2018-06-16,Guar Seed (Cluster Beans Seed),413,Rajasthan,8,Pali,118,3200,3280,3280
2018-06-15,Guar Seed (Cluster Beans Seed),413,Rajasthan,8,Pali,118,3240,3280,3240
2018-06-12,Guar Seed (Cluster Beans Seed),413,Rajasthan,8,Pali,118,3166,3300,3300
2018-06-08,Guar Seed (Cluster Beans Seed),413,Rajasthan,8,Pali,118,3100,3100,3100
2018-06-07,Guar Seed (Cluster Beans Seed),413,Rajasthan,8,Pali,118,3300,3300,3300
2018-06-06,Guar Seed (Cluster Beans Seed),413,Rajasthan,8,Pali,118,3246,3591,3411
2018-06-05,Guar Seed (Cluster Beans Seed),413,Rajasthan,8,Pali,118,3200,3200,3200
2018-05-26,Guar Seed (Cluster Beans Seed),413,Rajasthan,8,Pali,118,3531,3531,3531
2018-05-24,Guar Seed (Cluster Beans Seed),413,Rajasthan,8,Pali,118,3403,3403,3403
2018-05-23,Guar Seed (Cluster Beans Seed),413,Rajasthan,8,Pali,118,3401,3401,3401
2018-05-22,Guar Seed (Cluster Beans Seed),413,Rajasthan,8,Pali,118,3000,3430,3430
2018-05-21,Guar Seed (Cluster Beans Seed),413,Rajasthan,8,Pali,118,3421,3440,3440
2018-05-18,Guar Seed (Cluster Beans Seed),413,Rajasthan,8,Pali,118,3300,3300,3300
2018-05-08,Guar Seed (Cluster Beans Seed),413,Rajasthan,8,Pali,118,2710,3500,3500
2018-05-05,Guar Seed (Cluster Beans Seed),413,Rajasthan,8,Pali,118,3437,3437,3437
2018-04-25,Guar Seed (Cluster Beans Seed),413,Rajasthan,8,Pali,118,3620,3620,3620
2018-04-09,Guar Seed (Cluster Beans Seed),413,Rajasthan,8,Pali,118,3610,3714,3714
2018-04-06,Guar Seed (Cluster Beans Seed),413,Rajasthan,8,Pali,118,3600,3746,3746
2018-04-05,Guar Seed (Cluster Beans Seed),413,Rajasthan,8,Pali,118,3670,3742,3690
2018-04-04,Guar Seed (Cluster Beans Seed),413,Rajasthan,8,Pali,118,3350,3350,3350
2018-03-24,Guar Seed (Cluster Beans Seed),413,Rajasthan,8,Pali,118,3825,3825,3825
2018-03-23,Guar Seed (Cluster Beans Seed),413,Rajasthan,8,Pali,118,1100,3768,3768
2018-03-22,Guar Seed (Cluster Beans Seed),413,Rajasthan,8,Pali,118,3150,3800,3800
2018-03-21,Guar Seed (Cluster Beans Seed),413,Rajasthan,8,Pali,118,3700,3700,3700
2018-03-12,Guar Seed (Cluster Beans Seed),413,Rajasthan,8,Pali,118,3650,3891,3891
2018-03-10,Guar Seed (Cluster Beans Seed),413,Rajasthan,8,Pali,118,3822,3822,3822
2018-03-09,Guar Seed (Cluster Beans Seed),413,Rajasthan,8,Pali,118,3730,3838,3838
2018-02-24,Guar Seed (Cluster Beans Seed),413,Rajasthan,8,Pali,118,3781,3971,3971
2018-02-23,Guar Seed (Cluster Beans Seed),413,Rajasthan,8,Pali,118,3950,4051,4051
2018-02-22,Guar Seed (Cluster Beans Seed),413,Rajasthan,8,Pali,118,3200,3946,3700
2018-02-21,Guar Seed (Cluster Beans Seed),413,Rajasthan,8,Pali,118,3920,3960,3960
2018-02-20,Guar Seed (Cluster Beans Seed),413,Rajasthan,8,Pali,118,3610,3970,3875
2018-02-19,Guar Seed (Cluster Beans Seed),413,Rajasthan,8,Pali,118,3910,4050,4050
2018-02-17,Guar Seed (Cluster Beans Seed),413,Rajasthan,8,Pali,118,3921,4030,4030
2018-02-05,Guar Seed (Cluster Beans Seed),413,Rajasthan,8,Pali,118,4205,4205,4205
2018-02-03,Guar Seed (Cluster Beans Seed),413,Rajasthan,8,Pali,118,3991,4281,4281
2018-02-02,Guar Seed (Cluster Beans Seed),413,Rajasthan,8,Pali,118,4021,4312,4280
2018-02-01,Guar Seed (Cluster Beans Seed),413,Rajasthan,8,Pali,118,4172,4225,4191
2018-01-30,Guar Seed (Cluster Beans Seed),413,Rajasthan,8,Pali,118,4121,4150,4121
2018-01-24,Guar Seed (Cluster Beans Seed),413,Rajasthan,8,Pali,118,4070,4141,4070
2018-01-23,Guar Seed (Cluster Beans Seed),413,Rajasthan,8,Pali,118,3734,4141,4141
2018-01-22,Guar Seed (Cluster Beans Seed),413,Rajasthan,8,Pali,118,4055,4100,4055
2018-01-20,Guar Seed (Cluster Beans Seed),413,Rajasthan,8,Pali,118,3500,3922,3922
2018-01-18,Guar Seed (Cluster Beans Seed),413,Rajasthan,8,Pali,118,3900,3900,3900
2018-01-17,Guar Seed (Cluster Beans Seed),413,Rajasthan,8,Pali,118,3685,3890,3685
2018-01-15,Guar Seed (Cluster Beans Seed),413,Rajasthan,8,Pali,118,3840,4000,4000
2018-01-13,Guar Seed (Cluster Beans Seed),413,Rajasthan,8,Pali,118,3700,3960,3960
2018-01-12,Guar Seed (Cluster Beans Seed),413,Rajasthan,8,Pali,118,3900,3985,3985
2018-01-11,Guar Seed (Cluster Beans Seed),413,Rajasthan,8,Pali,118,4100,4100,4100
2018-01-10,Guar Seed (Cluster Beans Seed),413,Rajasthan,8,Pali,118,4036,4036,4036
2018-01-09,Guar Seed (Cluster Beans Seed),413,Rajasthan,8,Pali,118,3970,4032,3970
2018-01-05,Guar Seed (Cluster Beans Seed),413,Rajasthan,8,Pali,118,3870,3900,3897
2018-01-04,Guar Seed (Cluster Beans Seed),413,Rajasthan,8,Pali,118,3867,3867,3867
2018-01-03,Guar Seed (Cluster Beans Seed),413,Rajasthan,8,Pali,118,3790,3815,3815
2018-01-02,Guar Seed (Cluster Beans Seed),413,Rajasthan,8,Pali,118,3600,3861,3836
2018-01-01,Guar Seed (Cluster Beans Seed),413,Rajasthan,8,Pali,118,3750,3816,3816
2017-12-30,Guar Seed (Cluster Beans Seed),413,Rajasthan,8,Pali,118,3759,3790,3759
2017-12-29,Guar Seed (Cluster Beans Seed),413,Rajasthan,8,Pali,118,3691,3831,3740
2017-12-26,Guar Seed (Cluster Beans Seed),413,Rajasthan,8,Pali,118,3550,3821,3821
2017-12-25,Guar Seed (Cluster Beans Seed),413,Rajasthan,8,Pali,118,3560,3726,3726
2017-12-22,Guar Seed (Cluster Beans Seed),413,Rajasthan,8,Pali,118,3660,3681,3681
2017-12-21,Guar Seed (Cluster Beans Seed),413,Rajasthan,8,Pali,118,3400,3660,3625
2017-12-20,Guar Seed (Cluster Beans Seed),413,Rajasthan,8,Pali,118,3490,3634,3634
2017-12-14,Guar Seed (Cluster Beans Seed),413,Rajasthan,8,Pali,118,3301,3637,3568
2017-12-13,Guar Seed (Cluster Beans Seed),413,Rajasthan,8,Pali,118,3400,3501,3490
2017-12-12,Guar Seed (Cluster Beans Seed),413,Rajasthan,8,Pali,118,3451,3501,3501
2017-12-11,Guar Seed (Cluster Beans Seed),413,Rajasthan,8,Pali,118,3050,3551,3502
2017-12-09,Guar Seed (Cluster Beans Seed),413,Rajasthan,8,Pali,118,3300,3550,3535
2017-12-08,Guar Seed (Cluster Beans Seed),413,Rajasthan,8,Pali,118,3400,3460,3460
2017-12-06,Guar Seed (Cluster Beans Seed),413,Rajasthan,8,Pali,118,3301,3601,3564
2017-12-05,Guar Seed (Cluster Beans Seed),413,Rajasthan,8,Pali,118,3300,3654,3654
2017-12-04,Guar Seed (Cluster Beans Seed),413,Rajasthan,8,Pali,118,3481,3481,3481
2017-12-02,Guar Seed (Cluster Beans Seed),413,Rajasthan,8,Pali,118,3441,3580,3580
2017-12-01,Guar Seed (Cluster Beans Seed),413,Rajasthan,8,Pali,118,3400,3564,3564
2017-11-29,Guar Seed (Cluster Beans Seed),413,Rajasthan,8,Pali,118,3500,3562,3547
2017-11-28,Guar Seed (Cluster Beans Seed),413,Rajasthan,8,Pali,118,3481,3601,3561
2017-11-27,Guar Seed (Cluster Beans Seed),413,Rajasthan,8,Pali,118,3391,3521,3521
2017-11-25,Guar Seed (Cluster Beans Seed),413,Rajasthan,8,Pali,118,3150,3481,3481
2017-11-22,Guar Seed (Cluster Beans Seed),413,Rajasthan,8,Pali,118,3280,3390,3351
2017-11-21,Guar Seed (Cluster Beans Seed),413,Rajasthan,8,Pali,118,3200,3371,3365
2017-11-20,Guar Seed (Cluster Beans Seed),413,Rajasthan,8,Pali,118,3334,3368,3368
2017-11-18,Guar Seed (Cluster Beans Seed),413,Rajasthan,8,Pali,118,2101,3350,3261
2017-11-17,Guar Seed (Cluster Beans Seed),413,Rajasthan,8,Pali,118,3299,3358,3335
2017-11-16,Guar Seed (Cluster Beans Seed),413,Rajasthan,8,Pali,118,2701,3383,3376
2017-11-13,Guar Seed (Cluster Beans Seed),413,Rajasthan,8,Pali,118,3000,3385,3301
2017-11-11,Guar Seed (Cluster Beans Seed),413,Rajasthan,8,Pali,118,3100,3376,3364
2017-11-10,Guar Seed (Cluster Beans Seed),413,Rajasthan,8,Pali,118,3153,3316,3300
2017-11-09,Guar Seed (Cluster Beans Seed),413,Rajasthan,8,Pali,118,2800,3350,3310
2017-11-08,Guar Seed (Cluster Beans Seed),413,Rajasthan,8,Pali,118,2905,3345,3345
2017-11-07,Guar Seed (Cluster Beans Seed),413,Rajasthan,8,Pali,118,2650,3600,3341
2017-11-06,Guar Seed (Cluster Beans Seed),413,Rajasthan,8,Pali,118,3031,3396,3320
2017-11-04,Guar Seed (Cluster Beans Seed),413,Rajasthan,8,Pali,118,3150,3336,3276
2017-11-03,Guar Seed (Cluster Beans Seed),413,Rajasthan,8,Pali,118,3100,3341,3336
2017-11-02,Guar Seed (Cluster Beans Seed),413,Rajasthan,8,Pali,118,3000,3230,3175
2017-11-01,Guar Seed (Cluster Beans Seed),413,Rajasthan,8,Pali,118,2990,3200,3162
2017-10-16,Guar Seed (Cluster Beans Seed),413,Rajasthan,8,Pali,118,2300,3930,3290
2017-10-14,Guar Seed (Cluster Beans Seed),413,Rajasthan,8,Pali,118,2630,3351,3351
2017-10-13,Guar Seed (Cluster Beans Seed),413,Rajasthan,8,Pali,118,3181,3181,3181
2017-10-12,Guar Seed (Cluster Beans Seed),413,Rajasthan,8,Pali,118,3200,3300,3270
2017-10-11,Guar Seed (Cluster Beans Seed),413,Rajasthan,8,Pali,118,3200,3200,3200
2017-09-30,Guar Seed (Cluster Beans Seed),413,Rajasthan,8,Pali,118,3321,3321,3321
2017-09-29,Guar Seed (Cluster Beans Seed),413,Rajasthan,8,Pali,118,3300,3300,3300
2017-09-22,Guar Seed (Cluster Beans Seed),413,Rajasthan,8,Pali,118,3200,3200,3200
2017-09-21,Guar Seed (Cluster Beans Seed),413,Rajasthan,8,Pali,118,3200,3200,3200
2017-09-20,Guar Seed (Cluster Beans Seed),413,Rajasthan,8,Pali,118,3298,3338,3298
2017-09-18,Guar Seed (Cluster Beans Seed),413,Rajasthan,8,Pali,118,3081,3200,3200
2017-06-27,Guar Seed (Cluster Beans Seed),413,Rajasthan,8,Pali,118,2900,2990,2900
2017-06-26,Guar Seed (Cluster Beans Seed),413,Rajasthan,8,Pali,118,2911,3035,3035
2017-06-24,Guar Seed (Cluster Beans Seed),413,Rajasthan,8,Pali,118,2500,3089,3089
2017-06-20,Guar Seed (Cluster Beans Seed),413,Rajasthan,8,Pali,118,2800,3080,2998
2017-06-19,Guar Seed (Cluster Beans Seed),413,Rajasthan,8,Pali,118,3100,3146,3125
2017-06-18,Guar Seed (Cluster Beans Seed),413,Rajasthan,8,Pali,118,3195,3236,3195
2017-06-17,Guar Seed (Cluster Beans Seed),413,Rajasthan,8,Pali,118,2990,3255,3216
2017-06-16,Guar Seed (Cluster Beans Seed),413,Rajasthan,8,Pali,118,3221,3251,3251
2017-06-15,Guar Seed (Cluster Beans Seed),413,Rajasthan,8,Pali,118,3326,3326,3326
2017-06-13,Guar Seed (Cluster Beans Seed),413,Rajasthan,8,Pali,118,3320,3321,3321
2017-06-08,Guar Seed (Cluster Beans Seed),413,Rajasthan,8,Pali,118,2990,3035,2990
2017-06-07,Guar Seed (Cluster Beans Seed),413,Rajasthan,8,Pali,118,2412,3100,3075
2017-06-06,Guar Seed (Cluster Beans Seed),413,Rajasthan,8,Pali,118,3002,3091,3091
2017-06-05,Guar Seed (Cluster Beans Seed),413,Rajasthan,8,Pali,118,2005,3111,3111
2017-06-04,Guar Seed (Cluster Beans Seed),413,Rajasthan,8,Pali,118,2005,3111,3111
2017-06-03,Guar Seed (Cluster Beans Seed),413,Rajasthan,8,Pali,118,2990,2990,2990
2017-06-02,Guar Seed (Cluster Beans Seed),413,Rajasthan,8,Pali,118,3134,3134,3134
2017-05-25,Guar Seed (Cluster Beans Seed),413,Rajasthan,8,Pali,118,3090,3152,3090
2017-05-24,Guar Seed (Cluster Beans Seed),413,Rajasthan,8,Pali,118,2982,3131,2982
2017-05-23,Guar Seed (Cluster Beans Seed),413,Rajasthan,8,Pali,118,3080,3255,3240
2017-05-22,Guar Seed (Cluster Beans Seed),413,Rajasthan,8,Pali,118,3000,3243,3243
2017-05-19,Guar Seed (Cluster Beans Seed),413,Rajasthan,8,Pali,118,3195,3236,3195
2017-05-18,Guar Seed (Cluster Beans Seed),413,Rajasthan,8,Pali,118,3195,3236,3195
2017-05-17,Guar Seed (Cluster Beans Seed),413,Rajasthan,8,Pali,118,2990,3255,3216
2017-05-16,Guar Seed (Cluster Beans Seed),413,Rajasthan,8,Pali,118,3221,3251,3251
2017-05-15,Guar Seed (Cluster Beans Seed),413,Rajasthan,8,Pali,118,3326,3326,3326
2017-05-13,Guar Seed (Cluster Beans Seed),413,Rajasthan,8,Pali,118,3320,3321,3321
2017-05-12,Guar Seed (Cluster Beans Seed),413,Rajasthan,8,Pali,118,3225,3350,3350
2017-05-06,Guar Seed (Cluster Beans Seed),413,Rajasthan,8,Pali,118,2300,3317,3230
2017-05-04,Guar Seed (Cluster Beans Seed),413,Rajasthan,8,Pali,118,3351,3351,3351
2017-05-03,Guar Seed (Cluster Beans Seed),413,Rajasthan,8,Pali,118,3433,3476,3441
2017-04-22,Guar Seed (Cluster Beans Seed),413,Rajasthan,8,Pali,118,3000,3621,3621
2017-04-21,Guar Seed (Cluster Beans Seed),413,Rajasthan,8,Pali,118,3511,3665,3600
2017-04-20,Guar Seed (Cluster Beans Seed),413,Rajasthan,8,Pali,118,3510,3640,3611
2017-04-19,Guar Seed (Cluster Beans Seed),413,Rajasthan,8,Pali,118,3400,3668,3648
2017-04-18,Guar Seed (Cluster Beans Seed),413,Rajasthan,8,Pali,118,3570,3634,3571
2017-04-15,Guar Seed (Cluster Beans Seed),413,Rajasthan,8,Pali,118,3300,3700,3700
2017-04-14,Guar Seed (Cluster Beans Seed),413,Rajasthan,8,Pali,118,3260,3716,3711
2017-04-13,Guar Seed (Cluster Beans Seed),413,Rajasthan,8,Pali,118,3450,3723,3723
2017-04-11,Guar Seed (Cluster Beans Seed),413,Rajasthan,8,Pali,118,3400,3661,3661
2017-04-07,Guar Seed (Cluster Beans Seed),413,Rajasthan,8,Pali,118,3670,3721,3694
2017-04-06,Guar Seed (Cluster Beans Seed),413,Rajasthan,8,Pali,118,3371,3670,3631
2017-04-05,Guar Seed (Cluster Beans Seed),413,Rajasthan,8,Pali,118,3431,3700,3431
2017-04-04,Guar Seed (Cluster Beans Seed),413,Rajasthan,8,Pali,118,3661,3761,3761
2017-04-03,Guar Seed (Cluster Beans Seed),413,Rajasthan,8,Pali,118,3250,3715,3710
2017-03-24,Guar Seed (Cluster Beans Seed),413,Rajasthan,8,Pali,118,3100,3490,3480
2017-03-23,Guar Seed (Cluster Beans Seed),413,Rajasthan,8,Pali,118,3430,3521,3470
2017-03-22,Guar Seed (Cluster Beans Seed),413,Rajasthan,8,Pali,118,3371,3450,3371
2017-03-21,Guar Seed (Cluster Beans Seed),413,Rajasthan,8,Pali,118,3200,3500,3481
2017-03-20,Guar Seed (Cluster Beans Seed),413,Rajasthan,8,Pali,118,3000,3503,3500
2017-03-18,Guar Seed (Cluster Beans Seed),413,Rajasthan,8,Pali,118,3401,3558,3541
2017-03-17,Guar Seed (Cluster Beans Seed),413,Rajasthan,8,Pali,118,3386,3451,3440
2017-03-16,Guar Seed (Cluster Beans Seed),413,Rajasthan,8,Pali,118,2400,3511,3511
2017-03-15,Guar Seed (Cluster Beans Seed),413,Rajasthan,8,Pali,118,3443,3443,3443
2017-03-14,Guar Seed (Cluster Beans Seed),413,Rajasthan,8,Pali,118,3475,3475,3475
2017-03-06,Guar Seed (Cluster Beans Seed),413,Rajasthan,8,Pali,118,3401,3575,3540
2017-03-04,Guar Seed (Cluster Beans Seed),413,Rajasthan,8,Pali,118,3200,3420,3411
2017-02-28,Guar Seed (Cluster Beans Seed),413,Rajasthan,8,Pali,118,3130,3251,3240
2017-02-27,Guar Seed (Cluster Beans Seed),413,Rajasthan,8,Pali,118,3041,3274,3271
2017-02-25,Guar Seed (Cluster Beans Seed),413,Rajasthan,8,Pali,118,2700,3225,3200
2017-02-23,Guar Seed (Cluster Beans Seed),413,Rajasthan,8,Pali,118,2731,3131,3131
2017-02-22,Guar Seed (Cluster Beans Seed),413,Rajasthan,8,Pali,118,2902,3116,3066
2017-02-21,Guar Seed (Cluster Beans Seed),413,Rajasthan,8,Pali,118,3040,3120,3086
2017-02-17,Guar Seed (Cluster Beans Seed),413,Rajasthan,8,Pali,118,2935,3024,3024
2017-02-16,Guar Seed (Cluster Beans Seed),413,Rajasthan,8,Pali,118,2600,3006,3006
2017-02-15,Guar Seed (Cluster Beans Seed),413,Rajasthan,8,Pali,118,2691,6125,5000
2017-02-14,Guar Seed (Cluster Beans Seed),413,Rajasthan,8,Pali,118,2800,2980,2960
2017-02-13,Guar Seed (Cluster Beans Seed),413,Rajasthan,8,Pali,118,2631,2968,2920
2017-02-11,Guar Seed (Cluster Beans Seed),413,Rajasthan,8,Pali,118,2750,2975,2975
2017-02-10,Guar Seed (Cluster Beans Seed),413,Rajasthan,8,Pali,118,2950,2950,2950
2017-02-09,Guar Seed (Cluster Beans Seed),413,Rajasthan,8,Pali,118,2814,2968,2968
2017-02-08,Guar Seed (Cluster Beans Seed),413,Rajasthan,8,Pali,118,2935,2944,2944
2017-02-07,Guar Seed (Cluster Beans Seed),413,Rajasthan,8,Pali,118,2401,2950,2948
2017-02-06,Guar Seed (Cluster Beans Seed),413,Rajasthan,8,Pali,118,2825,3000,3000
2017-02-04,Guar Seed (Cluster Beans Seed),413,Rajasthan,8,Pali,118,2685,2990,2941
2017-02-03,Guar Seed (Cluster Beans Seed),413,Rajasthan,8,Pali,118,2883,2940,2940
2017-01-31,Guar Seed (Cluster Beans Seed),413,Rajasthan,8,Pali,118,2600,3009,2970
2017-01-30,Guar Seed (Cluster Beans Seed),413,Rajasthan,8,Pali,118,2939,3015,2989
2017-01-28,Guar Seed (Cluster Beans Seed),413,Rajasthan,8,Pali,118,2721,3008,2961
2017-01-27,Guar Seed (Cluster Beans Seed),413,Rajasthan,8,Pali,118,2600,3010,3007
2017-01-25,Guar Seed (Cluster Beans Seed),413,Rajasthan,8,Pali,118,2920,3025,3025
2017-01-24,Guar Seed (Cluster Beans Seed),413,Rajasthan,8,Pali,118,3000,3080,3040
2017-01-23,Guar Seed (Cluster Beans Seed),413,Rajasthan,8,Pali,118,2941,3076,3000
2017-01-21,Guar Seed (Cluster Beans Seed),413,Rajasthan,8,Pali,118,3031,3055,3055
2017-01-20,Guar Seed (Cluster Beans Seed),413,Rajasthan,8,Pali,118,2451,3085,3046
2017-01-18,Guar Seed (Cluster Beans Seed),413,Rajasthan,8,Pali,118,2660,3041,2975
2017-01-17,Guar Seed (Cluster Beans Seed),413,Rajasthan,8,Pali,118,2876,2960,2900
2017-01-12,Guar Seed (Cluster Beans Seed),413,Rajasthan,8,Pali,118,2956,2956,2956
2017-01-11,Guar Seed (Cluster Beans Seed),413,Rajasthan,8,Pali,118,2930,2979,2979
2017-01-09,Guar Seed (Cluster Beans Seed),413,Rajasthan,8,Pali,118,2900,3030,3018
2017-01-06,Guar Seed (Cluster Beans Seed),413,Rajasthan,8,Pali,118,2300,3023,3018
2017-01-05,Guar Seed (Cluster Beans Seed),413,Rajasthan,8,Pali,118,3023,3023,3023
2017-01-04,Guar Seed (Cluster Beans Seed),413,Rajasthan,8,Pali,118,2951,3050,3050
2017-01-03,Guar Seed (Cluster Beans Seed),413,Rajasthan,8,Pali,118,2951,3045,3031
2017-01-02,Guar Seed (Cluster Beans Seed),413,Rajasthan,8,Pali,118,2500,3015,3000
2016-12-30,Guar Seed (Cluster Beans Seed),413,Rajasthan,8,Pali,118,2910,2910,2910
2016-12-29,Guar Seed (Cluster Beans Seed),413,Rajasthan,8,Pali,118,2875,2940,2925
2016-12-28,Guar Seed (Cluster Beans Seed),413,Rajasthan,8,Pali,118,2761,2900,2900
2016-12-27,Guar Seed (Cluster Beans Seed),413,Rajasthan,8,Pali,118,2769,2870,2769
2016-12-26,Guar Seed (Cluster Beans Seed),413,Rajasthan,8,Pali,118,2856,2880,2856
2016-12-24,Guar Seed (Cluster Beans Seed),413,Rajasthan,8,Pali,118,2700,2870,2870
2016-12-22,Guar Seed (Cluster Beans Seed),413,Rajasthan,8,Pali,118,2200,2911,2859
2016-12-21,Guar Seed (Cluster Beans Seed),413,Rajasthan,8,Pali,118,2880,2926,2880
2016-12-20,Guar Seed (Cluster Beans Seed),413,Rajasthan,8,Pali,118,2900,2901,2901
2016-12-19,Guar Seed (Cluster Beans Seed),413,Rajasthan,8,Pali,118,2400,2956,2900
2016-12-17,Guar Seed (Cluster Beans Seed),413,Rajasthan,8,Pali,118,2800,2960,2900
2016-12-16,Guar Seed (Cluster Beans Seed),413,Rajasthan,8,Pali,118,2600,3016,3016
2016-12-15,Guar Seed (Cluster Beans Seed),413,Rajasthan,8,Pali,118,2976,3026,3001
2016-12-14,Guar Seed (Cluster Beans Seed),413,Rajasthan,8,Pali,118,2631,3019,3019
2016-12-13,Guar Seed (Cluster Beans Seed),413,Rajasthan,8,Pali,118,2900,2941,2911
2016-12-12,Guar Seed (Cluster Beans Seed),413,Rajasthan,8,Pali,118,2500,2938,2919
2016-12-10,Guar Seed (Cluster Beans Seed),413,Rajasthan,8,Pali,118,2826,2968,2968
2016-12-09,Guar Seed (Cluster Beans Seed),413,Rajasthan,8,Pali,118,2870,2890,2890
2016-12-08,Guar Seed (Cluster Beans Seed),413,Rajasthan,8,Pali,118,2860,2916,2870
2016-12-06,Guar Seed (Cluster Beans Seed),413,Rajasthan,8,Pali,118,2800,2900,2900
2016-12-03,Guar Seed (Cluster Beans Seed),413,Rajasthan,8,Pali,118,2500,2925,2917
2016-12-02,Guar Seed (Cluster Beans Seed),413,Rajasthan,8,Pali,118,2730,2985,2940
2016-11-30,Guar Seed (Cluster Beans Seed),413,Rajasthan,8,Pali,118,2892,2919,2905
2016-11-29,Guar Seed (Cluster Beans Seed),413,Rajasthan,8,Pali,118,2772,2971,2971
2016-11-24,Guar Seed (Cluster Beans Seed),413,Rajasthan,8,Pali,118,2500,2930,2911
2016-11-23,Guar Seed (Cluster Beans Seed),413,Rajasthan,8,Pali,118,2700,2950,2950
2016-11-22,Guar Seed (Cluster Beans Seed),413,Rajasthan,8,Pali,118,2570,2961,2951
2016-11-21,Guar Seed (Cluster Beans Seed),413,Rajasthan,8,Pali,118,2640,2973,2940
2016-11-18,Guar Seed (Cluster Beans Seed),413,Rajasthan,8,Pali,118,2601,2880,2851
2016-11-08,Guar Seed (Cluster Beans Seed),413,Rajasthan,8,Pali,118,2200,2910,2800
2016-11-07,Guar Seed (Cluster Beans Seed),413,Rajasthan,8,Pali,118,2500,2948,2840
2016-10-27,Guar Seed (Cluster Beans Seed),413,Rajasthan,8,Pali,118,2830,2960,2934
2016-10-26,Guar Seed (Cluster Beans Seed),413,Rajasthan,8,Pali,118,2700,2980,2900
2016-10-25,Guar Seed (Cluster Beans Seed),413,Rajasthan,8,Pali,118,2610,2971,2970
2016-10-24,Guar Seed (Cluster Beans Seed),413,Rajasthan,8,Pali,118,2870,2950,2920
2016-10-22,Guar Seed (Cluster Beans Seed),413,Rajasthan,8,Pali,118,2800,2979,2908
2016-10-21,Guar Seed (Cluster Beans Seed),413,Rajasthan,8,Pali,118,2950,2980,2980
2016-10-20,Guar Seed (Cluster Beans Seed),413,Rajasthan,8,Pali,118,2500,3040,3040
2016-10-19,Guar Seed (Cluster Beans Seed),413,Rajasthan,8,Pali,118,2802,3057,3031
2016-10-18,Guar Seed (Cluster Beans Seed),413,Rajasthan,8,Pali,118,2450,3030,3011
2016-10-17,Guar Seed (Cluster Beans Seed),413,Rajasthan,8,Pali,118,2800,3141,3112
2016-10-10,Guar Seed (Cluster Beans Seed),413,Rajasthan,8,Pali,118,2842,3172,2842
2016-10-07,Guar Seed (Cluster Beans Seed),413,Rajasthan,8,Pali,118,3216,3216,3216
2016-10-06,Guar Seed (Cluster Beans Seed),413,Rajasthan,8,Pali,118,3112,3112,3112
2016-10-05,Guar Seed (Cluster Beans Seed),413,Rajasthan,8,Pali,118,3050,3050,3050
2016-10-04,Guar Seed (Cluster Beans Seed),413,Rajasthan,8,Pali,118,2600,3210,3210
2016-10-03,Guar Seed (Cluster Beans Seed),413,Rajasthan,8,Pali,118,2668,3250,2668
2016-10-01,Guar Seed (Cluster Beans Seed),413,Rajasthan,8,Pali,118,3230,3240,3240
2016-09-29,Guar Seed (Cluster Beans Seed),413,Rajasthan,8,Pali,118,3171,3316,3281
2016-09-28,Guar Seed (Cluster Beans Seed),413,Rajasthan,8,Pali,118,3300,3300,3300
2016-09-27,Guar Seed (Cluster Beans Seed),413,Rajasthan,8,Pali,118,3211,3311,3301
2016-09-26,Guar Seed (Cluster Beans Seed),413,Rajasthan,8,Pali,118,3200,3362,3360
2016-09-23,Guar Seed (Cluster Beans Seed),413,Rajasthan,8,Pali,118,3190,3410,3410
2016-09-21,Guar Seed (Cluster Beans Seed),413,Rajasthan,8,Pali,118,3100,3415,3408
2016-09-19,Guar Seed (Cluster Beans Seed),413,Rajasthan,8,Pali,118,3060,3060,3060
2016-09-15,Guar Seed (Cluster Beans Seed),413,Rajasthan,8,Pali,118,3251,3251,3251
2016-09-09,Guar Seed (Cluster Beans Seed),413,Rajasthan,8,Pali,118,3151,3151,3151
2016-09-08,Guar Seed (Cluster Beans Seed),413,Rajasthan,8,Pali,118,3196,3200,3200
2016-09-07,Guar Seed (Cluster Beans Seed),413,Rajasthan,8,Pali,118,3000,3250,3000
2016-08-31,Guar Seed (Cluster Beans Seed),413,Rajasthan,8,Pali,118,2600,3150,3150
2016-08-26,Guar Seed (Cluster Beans Seed),413,Rajasthan,8,Pali,118,3212,3225,3225
2016-08-23,Guar Seed (Cluster Beans Seed),413,Rajasthan,8,Pali,118,3171,3200,3171
2016-08-17,Guar Seed (Cluster Beans Seed),413,Rajasthan,8,Pali,118,3300,3350,3325
2016-08-16,Guar Seed (Cluster Beans Seed),413,Rajasthan,8,Pali,118,3150,3390,3390
2016-08-13,Guar Seed (Cluster Beans Seed),413,Rajasthan,8,Pali,118,2525,3270,3270
2016-08-05,Guar Seed (Cluster Beans Seed),413,Rajasthan,8,Pali,118,3447,3447,3447
2016-08-04,Guar Seed (Cluster Beans Seed),413,Rajasthan,8,Pali,118,3301,3397,3301
2016-08-02,Guar Seed (Cluster Beans Seed),413,Rajasthan,8,Pali,118,3270,3270,3270
2016-08-01,Guar Seed (Cluster Beans Seed),413,Rajasthan,8,Pali,118,3322,3322,3322
2016-07-29,Guar Seed (Cluster Beans Seed),413,Rajasthan,8,Pali,118,3121,3121,3121
2016-07-25,Guar Seed (Cluster Beans Seed),413,Rajasthan,8,Pali,118,3100,3100,3100
2016-07-21,Guar Seed (Cluster Beans Seed),413,Rajasthan,8,Pali,118,3150,3391,3391
2016-07-20,Guar Seed (Cluster Beans Seed),413,Rajasthan,8,Pali,118,3200,3401,3401
2016-07-19,Guar Seed (Cluster Beans Seed),413,Rajasthan,8,Pali,118,3200,3316,3316
2016-07-15,Guar Seed (Cluster Beans Seed),413,Rajasthan,8,Pali,118,3171,3300,3265
2016-07-12,Guar Seed (Cluster Beans Seed),413,Rajasthan,8,Pali,118,3035,3133,3133
2016-07-11,Guar Seed (Cluster Beans Seed),413,Rajasthan,8,Pali,118,3031,3051,3040
2016-07-09,Guar Seed (Cluster Beans Seed),413,Rajasthan,8,Pali,118,2897,3080,3015
2016-07-08,Guar Seed (Cluster Beans Seed),413,Rajasthan,8,Pali,118,3041,3080,3080
2016-07-06,Guar Seed (Cluster Beans Seed),413,Rajasthan,8,Pali,118,2711,3640,3640
2016-07-05,Guar Seed (Cluster Beans Seed),413,Rajasthan,8,Pali,118,2800,2870,2870
2016-07-04,Guar Seed (Cluster Beans Seed),413,Rajasthan,8,Pali,118,2800,2800,2800
2016-07-01,Guar Seed (Cluster Beans Seed),413,Rajasthan,8,Pali,118,2840,2840,2840
2016-06-30,Guar Seed (Cluster Beans Seed),413,Rajasthan,8,Pali,118,2511,2862,2700
2016-06-27,Guar Seed (Cluster Beans Seed),413,Rajasthan,8,Pali,118,2350,2834,2825
2016-06-24,Guar Seed (Cluster Beans Seed),413,Rajasthan,8,Pali,118,2760,2800,2800
2016-06-23,Guar Seed (Cluster Beans Seed),413,Rajasthan,8,Pali,118,2780,2840,2840
2016-06-22,Guar Seed (Cluster Beans Seed),413,Rajasthan,8,Pali,118,2770,2770,2770
2016-06-21,Guar Seed (Cluster Beans Seed),413,Rajasthan,8,Pali,118,2700,2700,2700
2016-06-20,Guar Seed (Cluster Beans Seed),413,Rajasthan,8,Pali,118,2650,2734,2734
2016-06-18,Guar Seed (Cluster Beans Seed),413,Rajasthan,8,Pali,118,2730,2730,2730
2016-06-17,Guar Seed (Cluster Beans Seed),413,Rajasthan,8,Pali,118,2720,2816,2816
2016-06-16,Guar Seed (Cluster Beans Seed),413,Rajasthan,8,Pali,118,2821,2821,2821
2016-06-15,Guar Seed (Cluster Beans Seed),413,Rajasthan,8,Pali,118,2775,2811,2811
2016-06-14,Guar Seed (Cluster Beans Seed),413,Rajasthan,8,Pali,118,2791,2825,2810
2016-06-13,Guar Seed (Cluster Beans Seed),413,Rajasthan,8,Pali,118,2650,2836,2836
2016-06-10,Guar Seed (Cluster Beans Seed),413,Rajasthan,8,Pali,118,2470,2800,2470
2016-06-08,Guar Seed (Cluster Beans Seed),413,Rajasthan,8,Pali,118,2751,2751,2751
2016-06-06,Guar Seed (Cluster Beans Seed),413,Rajasthan,8,Pali,118,2400,2750,2750
2016-06-03,Guar Seed (Cluster Beans Seed),413,Rajasthan,8,Pali,118,2451,2800,2800
2016-06-02,Guar Seed (Cluster Beans Seed),413,Rajasthan,8,Pali,118,2728,2851,2753
2016-05-31,Guar Seed (Cluster Beans Seed),413,Rajasthan,8,Pali,118,2802,2802,2802
2016-05-30,Guar Seed (Cluster Beans Seed),413,Rajasthan,8,Pali,118,2791,2860,2860
2016-05-27,Guar Seed (Cluster Beans Seed),413,Rajasthan,8,Pali,118,2630,2800,2800
2016-05-26,Guar Seed (Cluster Beans Seed),413,Rajasthan,8,Pali,118,2351,2801,2700
2016-05-25,Guar Seed (Cluster Beans Seed),413,Rajasthan,8,Pali,118,2751,2800,2800
2016-05-24,Guar Seed (Cluster Beans Seed),413,Rajasthan,8,Pali,118,2750,2840,2840
2016-05-23,Guar Seed (Cluster Beans Seed),413,Rajasthan,8,Pali,118,2710,2830,2821
2016-05-21,Guar Seed (Cluster Beans Seed),413,Rajasthan,8,Pali,118,2310,2835,2310
2016-05-20,Guar Seed (Cluster Beans Seed),413,Rajasthan,8,Pali,118,2830,2835,2835
2016-05-19,Guar Seed (Cluster Beans Seed),413,Rajasthan,8,Pali,118,2700,2700,2700
2016-05-17,Guar Seed (Cluster Beans Seed),413,Rajasthan,8,Pali,118,2751,2850,2850
2016-05-16,Guar Seed (Cluster Beans Seed),413,Rajasthan,8,Pali,118,2790,2850,2790
2016-05-14,Guar Seed (Cluster Beans Seed),413,Rajasthan,8,Pali,118,2500,2500,2500
2016-05-13,Guar Seed (Cluster Beans Seed),413,Rajasthan,8,Pali,118,2881,2925,2900
2016-05-12,Guar Seed (Cluster Beans Seed),413,Rajasthan,8,Pali,118,2500,2920,2900
2016-05-11,Guar Seed (Cluster Beans Seed),413,Rajasthan,8,Pali,118,2900,2900,2900
2016-05-09,Guar Seed (Cluster Beans Seed),413,Rajasthan,8,Pali,118,2960,2960,2960
2016-05-06,Guar Seed (Cluster Beans Seed),413,Rajasthan,8,Pali,118,2950,3025,3020
2016-05-05,Guar Seed (Cluster Beans Seed),413,Rajasthan,8,Pali,118,2480,3070,3060
2016-05-04,Guar Seed (Cluster Beans Seed),413,Rajasthan,8,Pali,118,2700,3060,3060
2016-05-03,Guar Seed (Cluster Beans Seed),413,Rajasthan,8,Pali,118,2550,3120,3030
2016-05-02,Guar Seed (Cluster Beans Seed),413,Rajasthan,8,Pali,118,3000,3200,3200
2016-04-29,Guar Seed (Cluster Beans Seed),413,Rajasthan,8,Pali,118,2921,3151,3150
2016-04-27,Guar Seed (Cluster Beans Seed),413,Rajasthan,8,Pali,118,3080,3080,3080
2016-04-26,Guar Seed (Cluster Beans Seed),413,Rajasthan,8,Pali,118,3170,3248,3233
2016-04-25,Guar Seed (Cluster Beans Seed),413,Rajasthan,8,Pali,118,3153,3270,3270
2016-04-23,Guar Seed (Cluster Beans Seed),413,Rajasthan,8,Pali,118,3153,3153,3153
2016-04-22,Guar Seed (Cluster Beans Seed),413,Rajasthan,8,Pali,118,2800,3181,2800
2016-04-21,Guar Seed (Cluster Beans Seed),413,Rajasthan,8,Pali,118,3121,3122,3122
2016-04-20,Guar Seed (Cluster Beans Seed),413,Rajasthan,8,Pali,118,3000,3135,3135
2016-04-18,Guar Seed (Cluster Beans Seed),413,Rajasthan,8,Pali,118,3020,3165,3091
2016-04-16,Guar Seed (Cluster Beans Seed),413,Rajasthan,8,Pali,118,2700,3161,3161
2016-04-15,Guar Seed (Cluster Beans Seed),413,Rajasthan,8,Pali,118,3000,3000,3000
2016-04-14,Guar Seed (Cluster Beans Seed),413,Rajasthan,8,Pali,118,3068,3078,3078
2016-04-13,Guar Seed (Cluster Beans Seed),413,Rajasthan,8,Pali,118,3010,3052,3010
2016-04-12,Guar Seed (Cluster Beans Seed),413,Rajasthan,8,Pali,118,2990,3080,3065
2016-04-11,Guar Seed (Cluster Beans Seed),413,Rajasthan,8,Pali,118,2700,3061,3041
2016-04-06,Guar Seed (Cluster Beans Seed),413,Rajasthan,8,Pali,118,2830,2909,2850
2016-04-05,Guar Seed (Cluster Beans Seed),413,Rajasthan,8,Pali,118,2759,2921,2900
2016-04-02,Guar Seed (Cluster Beans Seed),413,Rajasthan,8,Pali,118,2806,2860,2860
2016-04-01,Guar Seed (Cluster Beans Seed),413,Rajasthan,8,Pali,118,2635,2876,2876
2016-03-29,Guar Seed (Cluster Beans Seed),413,Rajasthan,8,Pali,118,2300,2837,2837
2016-03-28,Guar Seed (Cluster Beans Seed),413,Rajasthan,8,Pali,118,2750,2862,2862
2016-03-21,Guar Seed (Cluster Beans Seed),413,Rajasthan,8,Pali,118,2651,2800,2800
2016-03-19,Guar Seed (Cluster Beans Seed),413,Rajasthan,8,Pali,118,2500,2780,2740
2016-03-18,Guar Seed (Cluster Beans Seed),413,Rajasthan,8,Pali,118,2650,2800,2750
2016-03-16,Guar Seed (Cluster Beans Seed),413,Rajasthan,8,Pali,118,2841,2877,2853
2016-03-15,Guar Seed (Cluster Beans Seed),413,Rajasthan,8,Pali,118,2700,2821,2791
2016-03-14,Guar Seed (Cluster Beans Seed),413,Rajasthan,8,Pali,118,2700,2835,2811
2016-03-12,Guar Seed (Cluster Beans Seed),413,Rajasthan,8,Pali,118,2400,2780,2780
2016-03-11,Guar Seed (Cluster Beans Seed),413,Rajasthan,8,Pali,118,2400,2760,2760
2016-03-10,Guar Seed (Cluster Beans Seed),413,Rajasthan,8,Pali,118,2760,2780,2760
2016-03-09,Guar Seed (Cluster Beans Seed),413,Rajasthan,8,Pali,118,2500,2791,2780
2016-03-08,Guar Seed (Cluster Beans Seed),413,Rajasthan,8,Pali,118,2500,2750,2700
2016-03-01,Guar Seed (Cluster Beans Seed),413,Rajasthan,8,Pali,118,2770,2825,2800
2016-02-29,Guar Seed (Cluster Beans Seed),413,Rajasthan,8,Pali,118,2500,2821,2800
2016-02-26,Guar Seed (Cluster Beans Seed),413,Rajasthan,8,Pali,118,2771,2801,2771
2016-02-24,Guar Seed (Cluster Beans Seed),413,Rajasthan,8,Pali,118,2800,2881,2881
2016-02-23,Guar Seed (Cluster Beans Seed),413,Rajasthan,8,Pali,118,2800,2861,2800
2016-02-22,Guar Seed (Cluster Beans Seed),413,Rajasthan,8,Pali,118,2450,2885,2800
2016-02-19,Guar Seed (Cluster Beans Seed),413,Rajasthan,8,Pali,118,2846,2898,2846
2016-02-18,Guar Seed (Cluster Beans Seed),413,Rajasthan,8,Pali,118,2808,2831,2831
2016-02-17,Guar Seed (Cluster Beans Seed),413,Rajasthan,8,Pali,118,2838,2838,2838
2016-02-16,Guar Seed (Cluster Beans Seed),413,Rajasthan,8,Pali,118,2700,2939,2939
2016-02-12,Guar Seed (Cluster Beans Seed),413,Rajasthan,8,Pali,118,2781,2860,2851
2016-02-11,Guar Seed (Cluster Beans Seed),413,Rajasthan,8,Pali,118,2700,2816,2800
2016-02-09,Guar Seed (Cluster Beans Seed),413,Rajasthan,8,Pali,118,2789,2789,2789
2016-02-02,Guar Seed (Cluster Beans Seed),413,Rajasthan,8,Pali,118,2700,2851,2820
2016-02-01,Guar Seed (Cluster Beans Seed),413,Rajasthan,8,Pali,118,2842,2842,2842
2016-01-25,Guar Seed (Cluster Beans Seed),413,Rajasthan,8,Pali,118,2751,3017,3017
2016-01-22,Guar Seed (Cluster Beans Seed),413,Rajasthan,8,Pali,118,2933,2943,2936
2016-01-19,Guar Seed (Cluster Beans Seed),413,Rajasthan,8,Pali,118,2500,2971,2971
2016-01-18,Guar Seed (Cluster Beans Seed),413,Rajasthan,8,Pali,118,2930,2930,2930
2016-01-15,Guar Seed (Cluster Beans Seed),413,Rajasthan,8,Pali,118,2995,3055,3055
2016-01-14,Guar Seed (Cluster Beans Seed),413,Rajasthan,8,Pali,118,2890,3031,3031
2016-01-13,Guar Seed (Cluster Beans Seed),413,Rajasthan,8,Pali,118,2945,3032,3032
2016-01-12,Guar Seed (Cluster Beans Seed),413,Rajasthan,8,Pali,118,2951,3000,2980
2016-01-11,Guar Seed (Cluster Beans Seed),413,Rajasthan,8,Pali,118,2941,2960,2960
2016-01-08,Guar Seed (Cluster Beans Seed),413,Rajasthan,8,Pali,118,2625,2978,2978
2016-01-04,Guar Seed (Cluster Beans Seed),413,Rajasthan,8,Pali,118,3181,3220,3220
2016-01-02,Guar Seed (Cluster Beans Seed),413,Rajasthan,8,Pali,118,3099,3300,3300
2016-01-01,Guar Seed (Cluster Beans Seed),413,Rajasthan,8,Pali,118,2950,3100,3080
2015-12-30,Guar Seed (Cluster Beans Seed),413,Rajasthan,8,Pali,118,3157,3200,3157
2015-12-29,Guar Seed (Cluster Beans Seed),413,Rajasthan,8,Pali,118,2721,3190,3108
2015-12-28,Guar Seed (Cluster Beans Seed),413,Rajasthan,8,Pali,118,2570,3112,3112
2015-12-26,Guar Seed (Cluster Beans Seed),413,Rajasthan,8,Pali,118,3040,3136,3136
2015-12-25,Guar Seed (Cluster Beans Seed),413,Rajasthan,8,Pali,118,2700,3120,3120
2015-12-24,Guar Seed (Cluster Beans Seed),413,Rajasthan,8,Pali,118,3000,3120,3120
2015-12-23,Guar Seed (Cluster Beans Seed),413,Rajasthan,8,Pali,118,2700,3021,3021
2015-12-22,Guar Seed (Cluster Beans Seed),413,Rajasthan,8,Pali,118,3050,3142,3142
2015-12-21,Guar Seed (Cluster Beans Seed),413,Rajasthan,8,Pali,118,2761,3100,3071
2015-12-16,Guar Seed (Cluster Beans Seed),413,Rajasthan,8,Pali,118,3015,3057,3057
2015-12-14,Guar Seed (Cluster Beans Seed),413,Rajasthan,8,Pali,118,2900,2996,2900
2015-12-09,Guar Seed (Cluster Beans Seed),413,Rajasthan,8,Pali,118,2832,2948,2948
2015-12-08,Guar Seed (Cluster Beans Seed),413,Rajasthan,8,Pali,118,2900,2937,2908
2015-12-07,Guar Seed (Cluster Beans Seed),413,Rajasthan,8,Pali,118,2955,3100,3085
2015-12-05,Guar Seed (Cluster Beans Seed),413,Rajasthan,8,Pali,118,2930,3171,3171
2015-12-04,Guar Seed (Cluster Beans Seed),413,Rajasthan,8,Pali,118,2630,3096,3028
2015-12-03,Guar Seed (Cluster Beans Seed),413,Rajasthan,8,Pali,118,3000,3096,3041
2015-12-02,Guar Seed (Cluster Beans Seed),413,Rajasthan,8,Pali,118,3000,3102,3050
2015-12-01,Guar Seed (Cluster Beans Seed),413,Rajasthan,8,Pali,118,3000,3155,3121
2015-11-30,Guar Seed (Cluster Beans Seed),413,Rajasthan,8,Pali,118,3132,3201,3201
2015-11-28,Guar Seed (Cluster Beans Seed),413,Rajasthan,8,Pali,118,3025,3180,3156
2015-11-27,Guar Seed (Cluster Beans Seed),413,Rajasthan,8,Pali,118,2700,3190,3180
2015-11-26,Guar Seed (Cluster Beans Seed),413,Rajasthan,8,Pali,118,3050,3237,3211
2015-11-23,Guar Seed (Cluster Beans Seed),413,Rajasthan,8,Pali,118,3090,3299,3182
2015-11-21,Guar Seed (Cluster Beans Seed),413,Rajasthan,8,Pali,118,2610,3325,3310
2015-11-20,Guar Seed (Cluster Beans Seed),413,Rajasthan,8,Pali,118,3200,3301,3200
2015-11-19,Guar Seed (Cluster Beans Seed),413,Rajasthan,8,Pali,118,2401,3150,3150
2015-11-17,Guar Seed (Cluster Beans Seed),413,Rajasthan,8,Pali,118,2951,3470,3200
2015-11-06,Guar Seed (Cluster Beans Seed),413,Rajasthan,8,Pali,118,3200,3500,3475
2015-11-05,Guar Seed (Cluster Beans Seed),413,Rajasthan,8,Pali,118,3110,3560,3517
2015-11-04,Guar Seed (Cluster Beans Seed),413,Rajasthan,8,Pali,118,3330,3580,3504
2015-11-03,Guar Seed (Cluster Beans Seed),413,Rajasthan,8,Pali,118,3100,3508,3420
2015-11-02,Guar Seed (Cluster Beans Seed),413,Rajasthan,8,Pali,118,3331,3510,3510
2015-10-31,Guar Seed (Cluster Beans Seed),413,Rajasthan,8,Pali,118,2950,3591,3480
2015-10-30,Guar Seed (Cluster Beans Seed),413,Rajasthan,8,Pali,118,3361,3600,3590
2015-10-29,Guar Seed (Cluster Beans Seed),413,Rajasthan,8,Pali,118,3499,3660,3621
2015-10-28,Guar Seed (Cluster Beans Seed),413,Rajasthan,8,Pali,118,3000,3630,3570
2015-10-27,Guar Seed (Cluster Beans Seed),413,Rajasthan,8,Pali,118,3160,3698,3599
2015-10-26,Guar Seed (Cluster Beans Seed),413,Rajasthan,8,Pali,118,3207,3759,3715
2015-10-23,Guar Seed (Cluster Beans Seed),413,Rajasthan,8,Pali,118,3370,3781,3760
2015-10-22,Guar Seed (Cluster Beans Seed),413,Rajasthan,8,Pali,118,3636,3765,3765
2015-10-21,Guar Seed (Cluster Beans Seed),413,Rajasthan,8,Pali,118,3500,3763,3763
2015-10-20,Guar Seed (Cluster Beans Seed),413,Rajasthan,8,Pali,118,3559,3800,3643
2015-10-19,Guar Seed (Cluster Beans Seed),413,Rajasthan,8,Pali,118,3400,3750,3500
2015-10-17,Guar Seed (Cluster Beans Seed),413,Rajasthan,8,Pali,118,3600,3787,3771
2015-10-16,Guar Seed (Cluster Beans Seed),413,Rajasthan,8,Pali,118,3662,3912,3890
2015-10-09,Guar Seed (Cluster Beans Seed),413,Rajasthan,8,Pali,118,3800,3872,3800
2015-10-08,Guar Seed (Cluster Beans Seed),413,Rajasthan,8,Pali,118,3300,3825,3825
2015-10-06,Guar Seed (Cluster Beans Seed),413,Rajasthan,8,Pali,118,3591,3753,3725
2015-10-05,Guar Seed (Cluster Beans Seed),413,Rajasthan,8,Pali,118,3700,3711,3700
2015-09-28,Guar Seed (Cluster Beans Seed),413,Rajasthan,8,Pali,118,3700,3900,3726
2015-09-26,Guar Seed (Cluster Beans Seed),413,Rajasthan,8,Pali,118,3600,3600,3600
2015-09-25,Guar Seed (Cluster Beans Seed),413,Rajasthan,8,Pali,118,3660,3660,3660
2015-09-23,Guar Seed (Cluster Beans Seed),413,Rajasthan,8,Pali,118,3762,3762,3762
2015-09-21,Guar Seed (Cluster Beans Seed),413,Rajasthan,8,Pali,118,3200,3671,3671
2015-09-14,Guar Seed (Cluster Beans Seed),413,Rajasthan,8,Pali,118,3875,3900,3900
2015-09-09,Guar Seed (Cluster Beans Seed),413,Rajasthan,8,Pali,118,3780,3861,3861
2015-09-08,Guar Seed (Cluster Beans Seed),413,Rajasthan,8,Pali,118,3853,3960,3960
2015-09-07,Guar Seed (Cluster Beans Seed),413,Rajasthan,8,Pali,118,3700,4009,4009
2015-09-03,Guar Seed (Cluster Beans Seed),413,Rajasthan,8,Pali,118,4091,4091,4091
2015-09-02,Guar Seed (Cluster Beans Seed),413,Rajasthan,8,Pali,118,3400,3942,3942
2015-09-01,Guar Seed (Cluster Beans Seed),413,Rajasthan,8,Pali,118,3971,3971,3971
2015-08-30,Guar Seed (Cluster Beans Seed),413,Rajasthan,8,Pali,118,3400,3761,3750
2015-08-27,Guar Seed (Cluster Beans Seed),413,Rajasthan,8,Pali,118,3700,3700,3700
2015-08-25,Guar Seed (Cluster Beans Seed),413,Rajasthan,8,Pali,118,3397,3481,3481
2015-08-19,Guar Seed (Cluster Beans Seed),413,Rajasthan,8,Pali,118,3222,3222,3222
2015-08-14,Guar Seed (Cluster Beans Seed),413,Rajasthan,8,Pali,118,3030,3030,3030
2015-08-10,Guar Seed (Cluster Beans Seed),413,Rajasthan,8,Pali,118,3053,3431,3431
2015-08-07,Guar Seed (Cluster Beans Seed),413,Rajasthan,8,Pali,118,3460,3500,3500
2015-08-05,Guar Seed (Cluster Beans Seed),413,Rajasthan,8,Pali,118,3521,3521,3521
2015-08-03,Guar Seed (Cluster Beans Seed),413,Rajasthan,8,Pali,118,3300,3300,3300
2015-07-31,Guar Seed (Cluster Beans Seed),413,Rajasthan,8,Pali,118,3380,3601,3380
2015-07-28,Guar Seed (Cluster Beans Seed),413,Rajasthan,8,Pali,118,3450,3491,3491
2015-07-24,Guar Seed (Cluster Beans Seed),413,Rajasthan,8,Pali,118,3550,3550,3550
2015-07-23,Guar Seed (Cluster Beans Seed),413,Rajasthan,8,Pali,118,3552,3621,3621
2015-07-22,Guar Seed (Cluster Beans Seed),413,Rajasthan,8,Pali,118,3400,3640,3640
2015-07-21,Guar Seed (Cluster Beans Seed),413,Rajasthan,8,Pali,118,3550,3701,3684
2015-07-15,Guar Seed (Cluster Beans Seed),413,Rajasthan,8,Pali,118,3300,3960,3925
2015-07-14,Guar Seed (Cluster Beans Seed),413,Rajasthan,8,Pali,118,3701,3993,3940
2015-07-13,Guar Seed (Cluster Beans Seed),413,Rajasthan,8,Pali,118,3870,3899,3899
2015-07-10,Guar Seed (Cluster Beans Seed),413,Rajasthan,8,Pali,118,3922,4031,4031
2015-07-09,Guar Seed (Cluster Beans Seed),413,Rajasthan,8,Pali,118,3890,3990,3990
2015-07-08,Guar Seed (Cluster Beans Seed),413,Rajasthan,8,Pali,118,3921,4000,3921
2015-07-07,Guar Seed (Cluster Beans Seed),413,Rajasthan,8,Pali,118,3602,4169,4000
2015-07-06,Guar Seed (Cluster Beans Seed),413,Rajasthan,8,Pali,118,3930,4100,4080
2015-07-03,Guar Seed (Cluster Beans Seed),413,Rajasthan,8,Pali,118,3791,4200,4151
2015-07-02,Guar Seed (Cluster Beans Seed),413,Rajasthan,8,Pali,118,3600,3600,3600
2015-07-01,Guar Seed (Cluster Beans Seed),413,Rajasthan,8,Pali,118,3600,4120,4070
2015-06-30,Guar Seed (Cluster Beans Seed),413,Rajasthan,8,Pali,118,3700,4085,4085
2015-06-29,Guar Seed (Cluster Beans Seed),413,Rajasthan,8,Pali,118,3890,4291,4200
2015-06-26,Guar Seed (Cluster Beans Seed),413,Rajasthan,8,Pali,118,3700,4062,3971
2015-06-25,Guar Seed (Cluster Beans Seed),413,Rajasthan,8,Pali,118,3302,3761,3600
2015-06-23,Guar Seed (Cluster Beans Seed),413,Rajasthan,8,Pali,118,3300,3740,3540
2015-06-22,Guar Seed (Cluster Beans Seed),413,Rajasthan,8,Pali,118,3700,3700,3700
2015-06-18,Guar Seed (Cluster Beans Seed),413,Rajasthan,8,Pali,118,3530,4071,4030
2015-06-17,Guar Seed (Cluster Beans Seed),413,Rajasthan,8,Pali,118,3700,4114,3851
2015-06-16,Guar Seed (Cluster Beans Seed),413,Rajasthan,8,Pali,118,3770,4001,3770
2015-06-15,Guar Seed (Cluster Beans Seed),413,Rajasthan,8,Pali,118,3700,4100,4021
2015-06-12,Guar Seed (Cluster Beans Seed),413,Rajasthan,8,Pali,118,4100,4200,4170
2015-06-11,Guar Seed (Cluster Beans Seed),413,Rajasthan,8,Pali,118,3889,4201,4051
2015-06-09,Guar Seed (Cluster Beans Seed),413,Rajasthan,8,Pali,118,3950,4200,4200
2015-06-08,Guar Seed (Cluster Beans Seed),413,Rajasthan,8,Pali,118,3900,4400,4333
2015-06-05,Guar Seed (Cluster Beans Seed),413,Rajasthan,8,Pali,118,4081,4411,4411
2015-06-04,Guar Seed (Cluster Beans Seed),413,Rajasthan,8,Pali,118,3890,4340,4340
2015-06-03,Guar Seed (Cluster Beans Seed),413,Rajasthan,8,Pali,118,4150,4451,4391
2015-06-02,Guar Seed (Cluster Beans Seed),413,Rajasthan,8,Pali,118,4000,4351,4351
2015-06-01,Guar Seed (Cluster Beans Seed),413,Rajasthan,8,Pali,118,3500,4320,4320
2015-05-22,Guar Seed (Cluster Beans Seed),413,Rajasthan,8,Pali,118,3800,4400,4400
2015-05-20,Guar Seed (Cluster Beans Seed),413,Rajasthan,8,Pali,118,3801,4515,4460
2015-05-19,Guar Seed (Cluster Beans Seed),413,Rajasthan,8,Pali,118,4321,4426,4326
2015-05-18,Guar Seed (Cluster Beans Seed),413,Rajasthan,8,Pali,118,4400,4530,4530
2015-05-15,Guar Seed (Cluster Beans Seed),413,Rajasthan,8,Pali,118,4330,4504,4475
2015-05-11,Guar Seed (Cluster Beans Seed),413,Rajasthan,8,Pali,118,4280,4511,4400
2015-05-08,Guar Seed (Cluster Beans Seed),413,Rajasthan,8,Pali,118,4330,4600,4600
2015-05-07,Guar Seed (Cluster Beans Seed),413,Rajasthan,8,Pali,118,4305,4700,4532
2015-05-06,Guar Seed (Cluster Beans Seed),413,Rajasthan,8,Pali,118,4532,4660,4660
2015-05-05,Guar Seed (Cluster Beans Seed),413,Rajasthan,8,Pali,118,4301,4626,4580
2015-05-04,Guar Seed (Cluster Beans Seed),413,Rajasthan,8,Pali,118,4161,4465,4400
2015-05-02,Guar Seed (Cluster Beans Seed),413,Rajasthan,8,Pali,118,4000,4470,4415
2015-05-01,Guar Seed (Cluster Beans Seed),413,Rajasthan,8,Pali,118,4327,4400,4400
2015-04-29,Guar Seed (Cluster Beans Seed),413,Rajasthan,8,Pali,118,4361,4361,4361
2015-04-28,Guar Seed (Cluster Beans Seed),413,Rajasthan,8,Pali,118,4570,4599,4599
2015-04-27,Guar Seed (Cluster Beans Seed),413,Rajasthan,8,Pali,118,4401,4597,4401
2015-04-24,Guar Seed (Cluster Beans Seed),413,Rajasthan,8,Pali,118,4103,4449,4331
2015-04-23,Guar Seed (Cluster Beans Seed),413,Rajasthan,8,Pali,118,4260,4320,4260
2015-04-22,Guar Seed (Cluster Beans Seed),413,Rajasthan,8,Pali,118,4175,4275,4275
2015-04-20,Guar Seed (Cluster Beans Seed),413,Rajasthan,8,Pali,118,3550,4170,4113
2015-04-18,Guar Seed (Cluster Beans Seed),413,Rajasthan,8,Pali,118,4000,4177,4177
2015-04-17,Guar Seed (Cluster Beans Seed),413,Rajasthan,8,Pali,118,3500,4100,4100
2015-04-16,Guar Seed (Cluster Beans Seed),413,Rajasthan,8,Pali,118,4121,4200,4171
2015-04-15,Guar Seed (Cluster Beans Seed),413,Rajasthan,8,Pali,118,3601,4171,4084
2015-04-14,Guar Seed (Cluster Beans Seed),413,Rajasthan,8,Pali,118,4000,4022,4000
2015-04-13,Guar Seed (Cluster Beans Seed),413,Rajasthan,8,Pali,118,3707,4050,3900
2015-04-11,Guar Seed (Cluster Beans Seed),413,Rajasthan,8,Pali,118,3960,3960,3960
2015-04-10,Guar Seed (Cluster Beans Seed),413,Rajasthan,8,Pali,118,3761,3998,3994
2015-04-09,Guar Seed (Cluster Beans Seed),413,Rajasthan,8,Pali,118,3200,3875,3850
2015-04-08,Guar Seed (Cluster Beans Seed),413,Rajasthan,8,Pali,118,3300,3771,3760
2015-04-07,Guar Seed (Cluster Beans Seed),413,Rajasthan,8,Pali,118,3800,3800,3800
2015-04-06,Guar Seed (Cluster Beans Seed),413,Rajasthan,8,Pali,118,3490,3490,3490
2015-04-04,Guar Seed (Cluster Beans Seed),413,Rajasthan,8,Pali,118,3572,3572,3572
2015-04-03,Guar Seed (Cluster Beans Seed),413,Rajasthan,8,Pali,118,3100,3598,3598
2015-03-28,Guar Seed (Cluster Beans Seed),413,Rajasthan,8,Pali,118,3500,3551,3551
2015-03-27,Guar Seed (Cluster Beans Seed),413,Rajasthan,8,Pali,118,3462,3610,3610
2015-03-26,Guar Seed (Cluster Beans Seed),413,Rajasthan,8,Pali,118,3200,3622,3600
2015-03-25,Guar Seed (Cluster Beans Seed),413,Rajasthan,8,Pali,118,3201,3590,3590
2015-03-24,Guar Seed (Cluster Beans Seed),413,Rajasthan,8,Pali,118,3160,3568,3568
2015-03-23,Guar Seed (Cluster Beans Seed),413,Rajasthan,8,Pali,118,3550,3582,3582
2015-03-21,Guar Seed (Cluster Beans Seed),413,Rajasthan,8,Pali,118,3171,3640,3640
2015-03-20,Guar Seed (Cluster Beans Seed),413,Rajasthan,8,Pali,118,3500,3559,3559
2015-03-19,Guar Seed (Cluster Beans Seed),413,Rajasthan,8,Pali,118,3280,3609,3609
2015-03-18,Guar Seed (Cluster Beans Seed),413,Rajasthan,8,Pali,118,3650,3725,3725
2015-03-17,Guar Seed (Cluster Beans Seed),413,Rajasthan,8,Pali,118,3202,3641,3621
2015-03-16,Guar Seed (Cluster Beans Seed),413,Rajasthan,8,Pali,118,3530,3731,3700
2015-03-12,Guar Seed (Cluster Beans Seed),413,Rajasthan,8,Pali,118,3627,3627,3627
2015-03-11,Guar Seed (Cluster Beans Seed),413,Rajasthan,8,Pali,118,3566,3570,3570
2015-03-10,Guar Seed (Cluster Beans Seed),413,Rajasthan,8,Pali,118,3450,3580,3580
2015-03-09,Guar Seed (Cluster Beans Seed),413,Rajasthan,8,Pali,118,3552,3552,3552
2015-03-07,Guar Seed (Cluster Beans Seed),413,Rajasthan,8,Pali,118,3597,3597,3597
2015-03-03,Guar Seed (Cluster Beans Seed),413,Rajasthan,8,Pali,118,3503,3503,3503
2015-02-27,Guar Seed (Cluster Beans Seed),413,Rajasthan,8,Pali,118,3381,3500,3480
2015-02-26,Guar Seed (Cluster Beans Seed),413,Rajasthan,8,Pali,118,3307,3431,3431
2015-02-25,Guar Seed (Cluster Beans Seed),413,Rajasthan,8,Pali,118,3331,3411,3411
2015-02-24,Guar Seed (Cluster Beans Seed),413,Rajasthan,8,Pali,118,3350,3400,3350
2015-02-23,Guar Seed (Cluster Beans Seed),413,Rajasthan,8,Pali,118,3300,3600,3600
2015-02-21,Guar Seed (Cluster Beans Seed),413,Rajasthan,8,Pali,118,3500,3711,3680
2015-02-20,Guar Seed (Cluster Beans Seed),413,Rajasthan,8,Pali,118,3100,3640,3580
2015-02-19,Guar Seed (Cluster Beans Seed),413,Rajasthan,8,Pali,118,3331,3551,3331
2015-02-18,Guar Seed (Cluster Beans Seed),413,Rajasthan,8,Pali,118,3325,3545,3325
2015-02-16,Guar Seed (Cluster Beans Seed),413,Rajasthan,8,Pali,118,3251,3561,3561
2015-02-12,Guar Seed (Cluster Beans Seed),413,Rajasthan,8,Pali,118,3281,3481,3481
2015-02-10,Guar Seed (Cluster Beans Seed),413,Rajasthan,8,Pali,118,3495,3610,3495
2015-02-07,Guar Seed (Cluster Beans Seed),413,Rajasthan,8,Pali,118,3511,3894,3894
2015-02-06,Guar Seed (Cluster Beans Seed),413,Rajasthan,8,Pali,118,3810,3970,3820
2015-02-05,Guar Seed (Cluster Beans Seed),413,Rajasthan,8,Pali,118,3901,3910,3910
2015-02-04,Guar Seed (Cluster Beans Seed),413,Rajasthan,8,Pali,118,3680,4026,3950
2015-02-03,Guar Seed (Cluster Beans Seed),413,Rajasthan,8,Pali,118,3900,4000,3951
2015-01-29,Guar Seed (Cluster Beans Seed),413,Rajasthan,8,Pali,118,3900,3926,3926
2015-01-28,Guar Seed (Cluster Beans Seed),413,Rajasthan,8,Pali,118,3880,4040,4040
2015-01-27,Guar Seed (Cluster Beans Seed),413,Rajasthan,8,Pali,118,3880,4040,3900
2015-01-23,Guar Seed (Cluster Beans Seed),413,Rajasthan,8,Pali,118,3975,4111,4111
2015-01-21,Guar Seed (Cluster Beans Seed),413,Rajasthan,8,Pali,118,4057,4057,4057
2015-01-20,Guar Seed (Cluster Beans Seed),413,Rajasthan,8,Pali,118,4031,4107,4100
2015-01-19,Guar Seed (Cluster Beans Seed),413,Rajasthan,8,Pali,118,4121,4200,4121
2015-01-17,Guar Seed (Cluster Beans Seed),413,Rajasthan,8,Pali,118,3900,4130,4100
2015-01-16,Guar Seed (Cluster Beans Seed),413,Rajasthan,8,Pali,118,4069,4121,4099
2015-01-15,Guar Seed (Cluster Beans Seed),413,Rajasthan,8,Pali,118,4081,4145,4145
2015-01-13,Guar Seed (Cluster Beans Seed),413,Rajasthan,8,Pali,118,4030,4141,4105
2015-01-12,Guar Seed (Cluster Beans Seed),413,Rajasthan,8,Pali,118,4100,4100,4100
2015-01-10,Guar Seed (Cluster Beans Seed),413,Rajasthan,8,Pali,118,3979,4151,4094
2015-01-09,Guar Seed (Cluster Beans Seed),413,Rajasthan,8,Pali,118,3916,4321,3916
2015-01-08,Guar Seed (Cluster Beans Seed),413,Rajasthan,8,Pali,118,4000,4260,4213
2015-01-07,Guar Seed (Cluster Beans Seed),413,Rajasthan,8,Pali,118,4050,4159,4050
2015-01-06,Guar Seed (Cluster Beans Seed),413,Rajasthan,8,Pali,118,4000,4310,4219
2015-01-05,Guar Seed (Cluster Beans Seed),413,Rajasthan,8,Pali,118,3900,4300,4300
2015-01-03,Guar Seed (Cluster Beans Seed),413,Rajasthan,8,Pali,118,4000,4253,4222
2015-01-02,Guar Seed (Cluster Beans Seed),413,Rajasthan,8,Pali,118,4151,4290,4290
2015-01-01,Guar Seed (Cluster Beans Seed),413,Rajasthan,8,Pali,118,3990,4350,4323
