date,commodity,commodity_id,state,state_id,district,district_id,price_min,price_max,price_modal
2025-09-01,Mango,20,Himachal Pradesh,2,Mandi,27,2000,3000,2500
2025-08-25,Mango,20,Himachal Pradesh,2,Mandi,27,2500,3500,3000
2025-08-23,Mango,20,Himachal Pradesh,2,Mandi,27,6333.333333333333,7233.333333333333,7000
2025-08-22,Mango,20,Himachal Pradesh,2,Mandi,27,8750,9250,8750
2025-08-20,Mango,20,Himachal Pradesh,2,Mandi,27,14000,15800,15000
2025-08-18,Mango,20,Himachal Pradesh,2,Mandi,27,2066.6666666666665,2666.6666666666665,2433.3333333333335
2025-08-16,Mango,20,Himachal Pradesh,2,Mandi,27,3500,5500,4250
2025-08-15,Mango,20,Himachal Pradesh,2,Mandi,27,3500,6500,5250
2025-08-13,Mango,20,Himachal Pradesh,2,Mandi,27,5500,6250,5800
2025-08-12,Mango,20,Himachal Pradesh,2,Mandi,27,1000,2500,1750
2025-08-11,Mango,20,Himachal Pradesh,2,Mandi,27,2833.3333333333335,6000,4650
2025-08-09,Mango,20,Himachal Pradesh,2,Mandi,27,4500,6833.333333333333,5500
2025-08-08,Mango,20,Himachal Pradesh,2,Mandi,27,4666.666666666667,5833.333333333333,5500
2025-08-07,Mango,20,Himachal Pradesh,2,Mandi,27,3633.3333333333335,4500,4166.666666666667
2025-08-06,Mango,20,Himachal Pradesh,2,Mandi,27,3600,4833.333333333333,4416.666666666667
2025-08-05,Mango,20,Himachal Pradesh,2,Mandi,27,4333.333333333333,5433.333333333333,5000
2025-08-04,Mango,20,Himachal Pradesh,2,Mandi,27,2333.3333333333335,4500,4166.666666666667
2025-08-02,Mango,20,Himachal Pradesh,2,Mandi,27,2000,2500,2300
2025-08-01,Mango,20,Himachal Pradesh,2,Mandi,27,1000,2000,1500
2025-07-30,Mango,20,Himachal Pradesh,2,Mandi,27,2666.6666666666665,6166.666666666667,4700
2025-07-29,Mango,20,Himachal Pradesh,2,Mandi,27,6500,7500,7000
2025-07-28,Mango,20,Himachal Pradesh,2,Mandi,27,3000,5000,4000
2025-07-26,Mango,20,Himachal Pradesh,2,Mandi,27,4750,6750,6000
2025-07-25,Mango,20,Himachal Pradesh,2,Mandi,27,3666.6666666666665,4666.666666666667,4333.333333333333
2025-07-24,Mango,20,Himachal Pradesh,2,Mandi,27,2500,4833.333333333333,4083.3333333333335
2025-07-23,Mango,20,Himachal Pradesh,2,Mandi,27,1700,2000,1850
2025-07-22,Mango,20,Himachal Pradesh,2,Mandi,27,2833.3333333333335,4000,3333.3333333333335
2025-07-21,Mango,20,Himachal Pradesh,2,Mandi,27,2733.3333333333335,3933.3333333333335,3616.6666666666665
2025-07-19,Mango,20,Himachal Pradesh,2,Mandi,27,900,2300,1600
2025-07-18,Mango,20,Himachal Pradesh,2,Mandi,27,2000,5000,3000
2025-07-17,Mango,20,Himachal Pradesh,2,Mandi,27,1500,4500,3500
2025-07-16,Mango,20,Himachal Pradesh,2,Mandi,27,3333.3333333333335,4000,3666.6666666666665
2025-07-15,Mango,20,Himachal Pradesh,2,Mandi,27,2333.3333333333335,4833.333333333333,3833.3333333333335
2025-07-14,Mango,20,Himachal Pradesh,2,Mandi,27,2800,5333.333333333333,4200
2025-07-12,Mango,20,Himachal Pradesh,2,Mandi,27,2833.3333333333335,4833.333333333333,3750
2025-07-11,Mango,20,Himachal Pradesh,2,Mandi,27,2500,7000,5166.666666666667
2025-07-10,Mango,20,Himachal Pradesh,2,Mandi,27,2833.3333333333335,5266.666666666667,4500
2025-07-09,Mango,20,Himachal Pradesh,2,Mandi,27,3500,5833.333333333333,4833.333333333333
2025-07-08,Mango,20,Himachal Pradesh,2,Mandi,27,4000,7066.666666666667,5666.666666666667
2025-07-07,Mango,20,Himachal Pradesh,2,Mandi,27,3266.6666666666665,5333.333333333333,4250
2025-07-05,Mango,20,Himachal Pradesh,2,Mandi,27,3333.3333333333335,5500,4500
2025-07-04,Mango,20,Himachal Pradesh,2,Mandi,27,4000,6666.666666666667,5500
2025-07-03,Mango,20,Himachal Pradesh,2,Mandi,27,3433.3333333333335,7833.333333333333,5833.333333333333
2025-07-02,Mango,20,Himachal Pradesh,2,Mandi,27,2000,9000,5500
2025-07-01,Mango,20,Himachal Pradesh,2,Mandi,27,3000,9000,6000
2025-06-30,Mango,20,Himachal Pradesh,2,Mandi,27,3000,7833.333333333333,5333.333333333333
2025-06-28,Mango,20,Himachal Pradesh,2,Mandi,27,3333.3333333333335,5666.666666666667,4600
2025-06-27,Mango,20,Himachal Pradesh,2,Mandi,27,3533.3333333333335,6266.666666666667,4833.333333333333
2025-06-26,Mango,20,Himachal Pradesh,2,Mandi,27,3500,6333.333333333333,5166.666666666667
2025-06-25,Mango,20,Himachal Pradesh,2,Mandi,27,3033.3333333333335,6400,5066.666666666667
2025-06-24,Mango,20,Himachal Pradesh,2,Mandi,27,3233.3333333333335,6166.666666666667,5166.666666666667
2025-06-23,Mango,20,Himachal Pradesh,2,Mandi,27,3500,6666.666666666667,5166.666666666667
2025-06-21,Mango,20,Himachal Pradesh,2,Mandi,27,3333.3333333333335,5833.333333333333,4733.333333333333
2025-06-20,Mango,20,Himachal Pradesh,2,Mandi,27,3000,6433.333333333333,5000
2025-06-19,Mango,20,Himachal Pradesh,2,Mandi,27,4266.666666666667,6500,5333.333333333333
2025-06-18,Mango,20,Himachal Pradesh,2,Mandi,27,3733.3333333333335,6500,5500
2025-06-17,Mango,20,Himachal Pradesh,2,Mandi,27,4666.666666666667,7166.666666666667,6000
2025-06-16,Mango,20,Himachal Pradesh,2,Mandi,27,4166.666666666667,7566.666666666667,5733.333333333333
2025-06-14,Mango,20,Himachal Pradesh,2,Mandi,27,4000,7000,5500
2025-06-13,Mango,20,Himachal Pradesh,2,Mandi,27,4500,6666.666666666667,5500
2025-06-12,Mango,20,Himachal Pradesh,2,Mandi,27,4166.666666666667,6000,5166.666666666667
2025-06-11,Mango,20,Himachal Pradesh,2,Mandi,27,4166.666666666667,6333.333333333333,5333.333333333333
2025-06-10,Mango,20,Himachal Pradesh,2,Mandi,27,4000,6566.666666666667,5833.333333333333
2025-06-09,Mango,20,Himachal Pradesh,2,Mandi,27,3566.6666666666665,6600,5333.333333333333
2025-06-07,Mango,20,Himachal Pradesh,2,Mandi,27,4000,5750,4500
2025-06-06,Mango,20,Himachal Pradesh,2,Mandi,27,3833.3333333333335,6000,4916.666666666667
2025-06-05,Mango,20,Himachal Pradesh,2,Mandi,27,3666.6666666666665,6666.666666666667,5233.333333333333
2025-06-04,Mango,20,Himachal Pradesh,2,Mandi,27,4166.666666666667,5900,5233.333333333333
2025-06-03,Mango,20,Himachal Pradesh,2,Mandi,27,3166.6666666666665,6333.333333333333,5166.666666666667
2025-06-02,Mango,20,Himachal Pradesh,2,Mandi,27,4000,7000,5500
2025-05-31,Mango,20,Himachal Pradesh,2,Mandi,27,4166.666666666667,6566.666666666667,5500
2025-05-30,Mango,20,Himachal Pradesh,2,Mandi,27,3666.6666666666665,6100,5166.666666666667
2025-05-29,Mango,20,Himachal Pradesh,2,Mandi,27,4333.333333333333,6333.333333333333,5566.666666666667
2025-05-28,Mango,20,Himachal Pradesh,2,Mandi,27,4333.333333333333,6333.333333333333,5500
2025-05-27,Mango,20,Himachal Pradesh,2,Mandi,27,4333.333333333333,6333.333333333333,5500
2025-05-26,Mango,20,Himachal Pradesh,2,Mandi,27,4666.666666666667,6666.666666666667,5833.333333333333
2025-05-24,Mango,20,Himachal Pradesh,2,Mandi,27,5166.666666666667,6666.666666666667,5933.333333333333
2025-05-23,Mango,20,Himachal Pradesh,2,Mandi,27,4500,7500,5566.666666666667
2025-05-22,Mango,20,Himachal Pradesh,2,Mandi,27,5750,7750,6875
2025-05-21,Mango,20,Himachal Pradesh,2,Mandi,27,5500,7000,6350
2025-05-20,Mango,20,Himachal Pradesh,2,Mandi,27,5166.666666666667,6833.333333333333,6000
2025-05-19,Mango,20,Himachal Pradesh,2,Mandi,27,4666.666666666667,8500,6500
2025-05-17,Mango,20,Himachal Pradesh,2,Mandi,27,5833.333333333333,7166.666666666667,6566.666666666667
2025-05-16,Mango,20,Himachal Pradesh,2,Mandi,27,6000,8333.333333333334,6766.666666666667
2025-05-15,Mango,20,Himachal Pradesh,2,Mandi,27,4750,7000,5750
2025-05-14,Mango,20,Himachal Pradesh,2,Mandi,27,5000,8750,7250
2025-05-13,Mango,20,Himachal Pradesh,2,Mandi,27,5500,7166.666666666667,6333.333333333333
2025-05-12,Mango,20,Himachal Pradesh,2,Mandi,27,5000,7000,6000
2025-05-10,Mango,20,Himachal Pradesh,2,Mandi,27,5000,6500,5750
2025-05-09,Mango,20,Himachal Pradesh,2,Mandi,27,4833.333333333333,6666.666666666667,5500
2025-05-08,Mango,20,Himachal Pradesh,2,Mandi,27,4500,5833.333333333333,5166.666666666667
2025-05-07,Mango,20,Himachal Pradesh,2,Mandi,27,6000,7166.666666666667,6466.666666666667
2025-05-06,Mango,20,Himachal Pradesh,2,Mandi,27,4000,7000,5500
2025-05-05,Mango,20,Himachal Pradesh,2,Mandi,27,5000,7250,6250
2025-05-03,Mango,20,Himachal Pradesh,2,Mandi,27,3833.3333333333335,6000,4933.333333333333
2025-05-02,Mango,20,Himachal Pradesh,2,Mandi,27,4166.666666666667,5666.666666666667,4916.666666666667
2025-05-01,Mango,20,Himachal Pradesh,2,Mandi,27,4333.333333333333,6166.666666666667,5400
2025-04-30,Mango,20,Himachal Pradesh,2,Mandi,27,4933.333333333333,6100,5600
2025-04-29,Mango,20,Himachal Pradesh,2,Mandi,27,5333.333333333333,6833.333333333333,6000
2025-04-28,Mango,20,Himachal Pradesh,2,Mandi,27,7250,8750,8000
2025-04-26,Mango,20,Himachal Pradesh,2,Mandi,27,6333.333333333333,8333.333333333334,7166.666666666667
2025-04-25,Mango,20,Himachal Pradesh,2,Mandi,27,6666.666666666667,8400,7450
2025-04-24,Mango,20,Himachal Pradesh,2,Mandi,27,6250,9000,7625
2025-04-23,Mango,20,Himachal Pradesh,2,Mandi,27,7000,9000,8250
2025-04-22,Mango,20,Himachal Pradesh,2,Mandi,27,7250,10000,9250
2025-04-21,Mango,20,Himachal Pradesh,2,Mandi,27,6500,8000,7225
2025-04-19,Mango,20,Himachal Pradesh,2,Mandi,27,3500,6250,4875
2025-04-18,Mango,20,Himachal Pradesh,2,Mandi,27,5750,7250,6625
2025-04-17,Mango,20,Himachal Pradesh,2,Mandi,27,6000,9000,7500
2025-04-16,Mango,20,Himachal Pradesh,2,Mandi,27,6000,8500,7250
2025-04-15,Mango,20,Himachal Pradesh,2,Mandi,27,6500,9000,8500
2025-04-11,Mango,20,Himachal Pradesh,2,Mandi,27,8000,11000,9750
2025-04-10,Mango,20,Himachal Pradesh,2,Mandi,27,10000,12500,11500
2025-04-09,Mango,20,Himachal Pradesh,2,Mandi,27,10500,12750,11750
2025-04-08,Mango,20,Himachal Pradesh,2,Mandi,27,10500,12500,11500
2025-04-07,Mango,20,Himachal Pradesh,2,Mandi,27,10000,12000,11000
2025-04-05,Mango,20,Himachal Pradesh,2,Mandi,27,12000,13000,12500
2025-04-04,Mango,20,Himachal Pradesh,2,Mandi,27,6000,13000,10000
2025-04-02,Mango,20,Himachal Pradesh,2,Mandi,27,9000,10000,9500
2025-04-01,Mango,20,Himachal Pradesh,2,Mandi,27,10000,11000,10000
2025-03-31,Mango,20,Himachal Pradesh,2,Mandi,27,8500,10750,9500
2025-03-29,Mango,20,Himachal Pradesh,2,Mandi,27,8000,10500,9000
2025-03-28,Mango,20,Himachal Pradesh,2,Mandi,27,10000,12000,12000
2025-03-27,Mango,20,Himachal Pradesh,2,Mandi,27,12000,13000,12000
2025-03-26,Mango,20,Himachal Pradesh,2,Mandi,27,12000,13000,12500
2025-03-25,Mango,20,Himachal Pradesh,2,Mandi,27,11000,14000,12500
2025-03-24,Mango,20,Himachal Pradesh,2,Mandi,27,10000,10000,10000
2025-03-22,Mango,20,Himachal Pradesh,2,Mandi,27,15000,17500,17000
2025-03-18,Mango,20,Himachal Pradesh,2,Mandi,27,7000,8000,7500
2025-03-17,Mango,20,Himachal Pradesh,2,Mandi,27,5000,9000,8000
2025-03-15,Mango,20,Himachal Pradesh,2,Mandi,27,5000,5000,5000
2025-03-14,Mango,20,Himachal Pradesh,2,Mandi,27,10000,12000,11000
2025-03-11,Mango,20,Himachal Pradesh,2,Mandi,27,10500,10500,10500
2025-03-10,Mango,20,Himachal Pradesh,2,Mandi,27,17000,19000,18000
2025-03-08,Mango,20,Himachal Pradesh,2,Mandi,27,12000,15000,13000
2025-03-07,Mango,20,Himachal Pradesh,2,Mandi,27,18000,19500,19000
2024-09-04,Mango,20,Himachal Pradesh,2,Mandi,27,1600,5000,3500
2024-08-30,Mango,20,Himachal Pradesh,2,Mandi,27,2500,6500,4000
2024-08-29,Mango,20,Himachal Pradesh,2,Mandi,27,14000,14000,14000
2024-08-28,Mango,20,Himachal Pradesh,2,Mandi,27,7000,14000,10000
2024-08-23,Mango,20,Himachal Pradesh,2,Mandi,27,2000,6000,4000
2024-08-22,Mango,20,Himachal Pradesh,2,Mandi,27,1000,8500,4000
2024-08-21,Mango,20,Himachal Pradesh,2,Mandi,27,1500,5750,3000
2024-08-20,Mango,20,Himachal Pradesh,2,Mandi,27,1000,3200,2500
2024-08-19,Mango,20,Himachal Pradesh,2,Mandi,27,2000,6500,2500
2024-08-17,Mango,20,Himachal Pradesh,2,Mandi,27,1500,7500,3800
2024-08-16,Mango,20,Himachal Pradesh,2,Mandi,27,1500,7800,3500
2024-08-15,Mango,20,Himachal Pradesh,2,Mandi,27,2500,7000,3700
2024-08-14,Mango,20,Himachal Pradesh,2,Mandi,27,2000,7500,3500
2024-08-13,Mango,20,Himachal Pradesh,2,Mandi,27,1600,7000,3500
2024-08-12,Mango,20,Himachal Pradesh,2,Mandi,27,1600,4000,3500
2024-08-10,Mango,20,Himachal Pradesh,2,Mandi,27,2000,5500,3500
2024-08-09,Mango,20,Himachal Pradesh,2,Mandi,27,1500,6000,3500
2024-08-08,Mango,20,Himachal Pradesh,2,Mandi,27,1000,7500,3500
2024-08-07,Mango,20,Himachal Pradesh,2,Mandi,27,2000,7500,3500
2024-08-06,Mango,20,Himachal Pradesh,2,Mandi,27,1500,3500,3000
2024-07-31,Mango,20,Himachal Pradesh,2,Mandi,27,2500,5000,4125
2024-07-30,Mango,20,Himachal Pradesh,2,Mandi,27,2500,4750,3625
2024-07-29,Mango,20,Himachal Pradesh,2,Mandi,27,1300,5600,3500
2024-07-27,Mango,20,Himachal Pradesh,2,Mandi,27,3500,5600,5000
2024-07-26,Mango,20,Himachal Pradesh,2,Mandi,27,1500,3500,2500
2024-07-25,Mango,20,Himachal Pradesh,2,Mandi,27,2200,4500,3500
2024-07-24,Mango,20,Himachal Pradesh,2,Mandi,27,1900,6500,4500
2024-07-23,Mango,20,Himachal Pradesh,2,Mandi,27,1900,6500,3500
2024-07-22,Mango,20,Himachal Pradesh,2,Mandi,27,1000,5000,2500
2024-07-20,Mango,20,Himachal Pradesh,2,Mandi,27,1000,5000,2500
2024-07-19,Mango,20,Himachal Pradesh,2,Mandi,27,1000,4500,2500
2024-07-18,Mango,20,Himachal Pradesh,2,Mandi,27,2500,3750,3350
2024-07-17,Mango,20,Himachal Pradesh,2,Mandi,27,2500,4250,3250
2024-07-16,Mango,20,Himachal Pradesh,2,Mandi,27,4000,8333.333333333334,6566.666666666667
2024-07-15,Mango,20,Himachal Pradesh,2,Mandi,27,5000,7500,6233.333333333333
2024-07-13,Mango,20,Himachal Pradesh,2,Mandi,27,5000,9750,6750
2024-07-12,Mango,20,Himachal Pradesh,2,Mandi,27,3000,13000,8000
2024-07-11,Mango,20,Himachal Pradesh,2,Mandi,27,5250,10250,7750
2024-07-10,Mango,20,Himachal Pradesh,2,Mandi,27,6100,10250,8750
2024-07-09,Mango,20,Himachal Pradesh,2,Mandi,27,4500,7333.333333333333,6000
2024-07-08,Mango,20,Himachal Pradesh,2,Mandi,27,4533.333333333333,7500,6000
2024-07-06,Mango,20,Himachal Pradesh,2,Mandi,27,3500,7000,5500
2024-07-05,Mango,20,Himachal Pradesh,2,Mandi,27,1000,3500,2500
2024-07-04,Mango,20,Himachal Pradesh,2,Mandi,27,7000,12000,9000
2024-07-03,Mango,20,Himachal Pradesh,2,Mandi,27,2000,4500,4000
2024-07-02,Mango,20,Himachal Pradesh,2,Mandi,27,5500,10000,8750
2024-07-01,Mango,20,Himachal Pradesh,2,Mandi,27,5400,8750,6750
2024-06-29,Mango,20,Himachal Pradesh,2,Mandi,27,4500,10000,8750
2024-06-28,Mango,20,Himachal Pradesh,2,Mandi,27,4650,10750,6250
2024-06-27,Mango,20,Himachal Pradesh,2,Mandi,27,5250,11250,8000
2024-06-26,Mango,20,Himachal Pradesh,2,Mandi,27,5750,9750,7500
2024-06-25,Mango,20,Himachal Pradesh,2,Mandi,27,6250,12000,8750
2024-06-24,Mango,20,Himachal Pradesh,2,Mandi,27,4250,7000,5750
2024-06-22,Mango,20,Himachal Pradesh,2,Mandi,27,5500,8750,7000
2024-06-21,Mango,20,Himachal Pradesh,2,Mandi,27,5150,9000,7000
2024-06-20,Mango,20,Himachal Pradesh,2,Mandi,27,4500,9833.333333333334,7000
2024-06-19,Mango,20,Himachal Pradesh,2,Mandi,27,4833.333333333333,10000,7000
2024-06-18,Mango,20,Himachal Pradesh,2,Mandi,27,2000,12500,8000
2024-06-17,Mango,20,Himachal Pradesh,2,Mandi,27,4000,12500,10000
2024-06-15,Mango,20,Himachal Pradesh,2,Mandi,27,4400,9250,7000
2024-06-14,Mango,20,Himachal Pradesh,2,Mandi,27,3200,13500,7500
2024-06-13,Mango,20,Himachal Pradesh,2,Mandi,27,6500,9500,8250
2024-06-12,Mango,20,Himachal Pradesh,2,Mandi,27,6000,9250,7250
2024-06-11,Mango,20,Himachal Pradesh,2,Mandi,27,8250,10000,9250
2024-06-10,Mango,20,Himachal Pradesh,2,Mandi,27,5250,9250,7000
2024-06-08,Mango,20,Himachal Pradesh,2,Mandi,27,5333.333333333333,7833.333333333333,6416.666666666667
2024-06-07,Mango,20,Himachal Pradesh,2,Mandi,27,5166.666666666667,7666.666666666667,6416.666666666667
2024-06-06,Mango,20,Himachal Pradesh,2,Mandi,27,5833.333333333333,7500,6666.666666666667
2024-06-05,Mango,20,Himachal Pradesh,2,Mandi,27,5000,6666.666666666667,5833.333333333333
2024-06-04,Mango,20,Himachal Pradesh,2,Mandi,27,5166.666666666667,6666.666666666667,5833.333333333333
2024-06-03,Mango,20,Himachal Pradesh,2,Mandi,27,6166.666666666667,7333.333333333333,6750
2024-06-01,Mango,20,Himachal Pradesh,2,Mandi,27,5500,8000,6500
2024-05-31,Mango,20,Himachal Pradesh,2,Mandi,27,6100,7250,6750
2024-05-30,Mango,20,Himachal Pradesh,2,Mandi,27,5666.666666666667,7233.333333333333,6666.666666666667
2024-05-29,Mango,20,Himachal Pradesh,2,Mandi,27,5666.666666666667,7000,6250
2024-05-28,Mango,20,Himachal Pradesh,2,Mandi,27,5833.333333333333,7166.666666666667,6583.333333333333
2024-05-27,Mango,20,Himachal Pradesh,2,Mandi,27,6333.333333333333,7166.666666666667,6833.333333333333
2024-05-25,Mango,20,Himachal Pradesh,2,Mandi,27,6500,8250,7500
2024-05-24,Mango,20,Himachal Pradesh,2,Mandi,27,6500,8000,7000
2024-05-23,Mango,20,Himachal Pradesh,2,Mandi,27,6000,8000,7000
2024-05-22,Mango,20,Himachal Pradesh,2,Mandi,27,4750,6750,5250
2024-05-21,Mango,20,Himachal Pradesh,2,Mandi,27,5000,6600,5750
2024-05-20,Mango,20,Himachal Pradesh,2,Mandi,27,5666.666666666667,7000,6333.333333333333
2024-05-18,Mango,20,Himachal Pradesh,2,Mandi,27,5000,5933.333333333333,5666.666666666667
2024-05-17,Mango,20,Himachal Pradesh,2,Mandi,27,5000,6333.333333333333,5666.666666666667
2024-05-16,Mango,20,Himachal Pradesh,2,Mandi,27,5000,6500,5916.666666666667
2024-05-15,Mango,20,Himachal Pradesh,2,Mandi,27,5166.666666666667,6666.666666666667,5833.333333333333
2024-05-14,Mango,20,Himachal Pradesh,2,Mandi,27,5666.666666666667,6500,6000
2024-05-13,Mango,20,Himachal Pradesh,2,Mandi,27,3250,5750,4750
2024-05-11,Mango,20,Himachal Pradesh,2,Mandi,27,6000,8000,7000
2024-05-10,Mango,20,Himachal Pradesh,2,Mandi,27,6000,8000,7000
2024-05-09,Mango,20,Himachal Pradesh,2,Mandi,27,5500,6500,6000
2024-05-08,Mango,20,Himachal Pradesh,2,Mandi,27,5000,7000,6000
2024-05-07,Mango,20,Himachal Pradesh,2,Mandi,27,5500,7250,6250
2024-05-06,Mango,20,Himachal Pradesh,2,Mandi,27,5100,7000,6000
2024-05-04,Mango,20,Himachal Pradesh,2,Mandi,27,5000,8000,7000
2024-05-03,Mango,20,Himachal Pradesh,2,Mandi,27,4000,8000,7000
2024-05-02,Mango,20,Himachal Pradesh,2,Mandi,27,3000,6500,5000
2024-05-01,Mango,20,Himachal Pradesh,2,Mandi,27,4500,8000,6500
2024-04-30,Mango,20,Himachal Pradesh,2,Mandi,27,4000,7000,6000
2024-04-29,Mango,20,Himachal Pradesh,2,Mandi,27,5500,7500,6500
2024-04-27,Mango,20,Himachal Pradesh,2,Mandi,27,5250,7250,6500
2024-04-26,Mango,20,Himachal Pradesh,2,Mandi,27,4500,6500,5500
2024-04-25,Mango,20,Himachal Pradesh,2,Mandi,27,6250,7500,7000
2024-04-24,Mango,20,Himachal Pradesh,2,Mandi,27,5000,8500,8000
2024-04-23,Mango,20,Himachal Pradesh,2,Mandi,27,3000,9000,7500
2024-04-22,Mango,20,Himachal Pradesh,2,Mandi,27,5000,9000,8000
2024-04-20,Mango,20,Himachal Pradesh,2,Mandi,27,6750,11500,9750
2024-04-19,Mango,20,Himachal Pradesh,2,Mandi,27,7750,10500,9000
2024-04-18,Mango,20,Himachal Pradesh,2,Mandi,27,8000,11500,10250
2024-04-16,Mango,20,Himachal Pradesh,2,Mandi,27,5500,13000,10000
2024-04-15,Mango,20,Himachal Pradesh,2,Mandi,27,8500,11500,10250
2024-04-12,Mango,20,Himachal Pradesh,2,Mandi,27,7250,10000,8750
2024-04-11,Mango,20,Himachal Pradesh,2,Mandi,27,7000,11000,9500
2024-04-10,Mango,20,Himachal Pradesh,2,Mandi,27,6500,10400,10000
2024-04-09,Mango,20,Himachal Pradesh,2,Mandi,27,6000,12000,8000
2024-04-08,Mango,20,Himachal Pradesh,2,Mandi,27,10000,11500,10500
2024-04-06,Mango,20,Himachal Pradesh,2,Mandi,27,10000,12000,11000
2024-04-05,Mango,20,Himachal Pradesh,2,Mandi,27,6000,13000,11000
2024-03-30,Mango,20,Himachal Pradesh,2,Mandi,27,10000,12000,11000
2024-03-29,Mango,20,Himachal Pradesh,2,Mandi,27,10000,12000,11000
2024-03-28,Mango,20,Himachal Pradesh,2,Mandi,27,10000,12000,11000
2024-03-27,Mango,20,Himachal Pradesh,2,Mandi,27,10000,12000,11000
2024-03-26,Mango,20,Himachal Pradesh,2,Mandi,27,8000,12000,11000
2024-03-23,Mango,20,Himachal Pradesh,2,Mandi,27,12500,13000,13000
2024-03-22,Mango,20,Himachal Pradesh,2,Mandi,27,12500,13000,12700
2024-03-21,Mango,20,Himachal Pradesh,2,Mandi,27,10000,15000,13000
2024-03-19,Mango,20,Himachal Pradesh,2,Mandi,27,12500,14000,13500
2023-10-13,Mango,20,Himachal Pradesh,2,Mandi,27,12500,13000,13000
2023-10-09,Mango,20,Himachal Pradesh,2,Mandi,27,11300,11300,11300
2023-10-03,Mango,20,Himachal Pradesh,2,Mandi,27,11300,11300,11300
2023-10-02,Mango,20,Himachal Pradesh,2,Mandi,27,11300,11300,11300
2023-09-04,Mango,20,Himachal Pradesh,2,Mandi,27,4000,18000,8000
2023-09-02,Mango,20,Himachal Pradesh,2,Mandi,27,3000,18000,10000
2023-09-01,Mango,20,Himachal Pradesh,2,Mandi,27,3000,11000,6000
2023-08-31,Mango,20,Himachal Pradesh,2,Mandi,27,2000,8000,6000
2023-08-30,Mango,20,Himachal Pradesh,2,Mandi,27,3000,11000,8000
2023-08-29,Mango,20,Himachal Pradesh,2,Mandi,27,6000,10000,8000
2023-08-28,Mango,20,Himachal Pradesh,2,Mandi,27,1500,8000,6000
2023-08-26,Mango,20,Himachal Pradesh,2,Mandi,27,1000,2800,2000
2023-08-25,Mango,20,Himachal Pradesh,2,Mandi,27,2000,7000,5000
2023-08-23,Mango,20,Himachal Pradesh,2,Mandi,27,1500,2000,1750
2023-08-22,Mango,20,Himachal Pradesh,2,Mandi,27,1800,2500,2125
2023-08-21,Mango,20,Himachal Pradesh,2,Mandi,27,2000,12000,5000
2023-08-18,Mango,20,Himachal Pradesh,2,Mandi,27,2000,5500,4125
2023-08-17,Mango,20,Himachal Pradesh,2,Mandi,27,1000,2750,1750
2023-08-16,Mango,20,Himachal Pradesh,2,Mandi,27,2000,5000,3500
2023-08-15,Mango,20,Himachal Pradesh,2,Mandi,27,1000,3000,2000
2023-08-14,Mango,20,Himachal Pradesh,2,Mandi,27,2000,2500,2250
2023-08-12,Mango,20,Himachal Pradesh,2,Mandi,27,2000,8000,5000
2023-08-11,Mango,20,Himachal Pradesh,2,Mandi,27,1750,4500,3250
2023-08-10,Mango,20,Himachal Pradesh,2,Mandi,27,1250,6150,4000
2023-08-09,Mango,20,Himachal Pradesh,2,Mandi,27,1500,3000,2375
2023-08-08,Mango,20,Himachal Pradesh,2,Mandi,27,2250,4500,3625
2023-08-07,Mango,20,Himachal Pradesh,2,Mandi,27,1250,4000,3000
2023-08-05,Mango,20,Himachal Pradesh,2,Mandi,27,1000,3750,2250
2023-08-04,Mango,20,Himachal Pradesh,2,Mandi,27,1500,4750,3000
2023-08-03,Mango,20,Himachal Pradesh,2,Mandi,27,1000,5000,3000
2023-08-02,Mango,20,Himachal Pradesh,2,Mandi,27,1000,3000,2000
2023-08-01,Mango,20,Himachal Pradesh,2,Mandi,27,1750,4500,3125
2023-07-31,Mango,20,Himachal Pradesh,2,Mandi,27,1750,6000,3875
2023-07-29,Mango,20,Himachal Pradesh,2,Mandi,27,1750,4000,3129
2023-07-28,Mango,20,Himachal Pradesh,2,Mandi,27,900,3750,2825
2023-07-27,Mango,20,Himachal Pradesh,2,Mandi,27,2000,6500,5000
2023-07-26,Mango,20,Himachal Pradesh,2,Mandi,27,2000,8000,5000
2023-07-25,Mango,20,Himachal Pradesh,2,Mandi,27,1000,5000,4000
2023-07-24,Mango,20,Himachal Pradesh,2,Mandi,27,2000,9000,5000
2023-07-22,Mango,20,Himachal Pradesh,2,Mandi,27,1000,3500,2500
2023-07-21,Mango,20,Himachal Pradesh,2,Mandi,27,2000,8000,5000
2023-07-20,Mango,20,Himachal Pradesh,2,Mandi,27,1500,4000,3125
2023-07-19,Mango,20,Himachal Pradesh,2,Mandi,27,1750,4500,3500
2023-07-18,Mango,20,Himachal Pradesh,2,Mandi,27,2000,4650,3500
2023-07-17,Mango,20,Himachal Pradesh,2,Mandi,27,1500,4250,2550
2023-07-15,Mango,20,Himachal Pradesh,2,Mandi,27,1500,4000,3250
2023-07-14,Mango,20,Himachal Pradesh,2,Mandi,27,2250,4350,3500
2023-07-13,Mango,20,Himachal Pradesh,2,Mandi,27,2250,5500,4375
2023-07-12,Mango,20,Himachal Pradesh,2,Mandi,27,1500,4000,3125
2023-07-11,Mango,20,Himachal Pradesh,2,Mandi,27,2000,8500,6000
2023-07-10,Mango,20,Himachal Pradesh,2,Mandi,27,2000,5250,3875
2023-07-08,Mango,20,Himachal Pradesh,2,Mandi,27,1750,6000,4625
2023-07-07,Mango,20,Himachal Pradesh,2,Mandi,27,2000,9500,6000
2023-07-06,Mango,20,Himachal Pradesh,2,Mandi,27,1750,7000,4500
2023-07-05,Mango,20,Himachal Pradesh,2,Mandi,27,2750,7250,5125
2023-07-04,Mango,20,Himachal Pradesh,2,Mandi,27,2000,7500,5000
2023-07-03,Mango,20,Himachal Pradesh,2,Mandi,27,1200,9000,6000
2023-07-01,Mango,20,Himachal Pradesh,2,Mandi,27,2750,7500,5375
2023-06-30,Mango,20,Himachal Pradesh,2,Mandi,27,3500,7250,5250
2023-06-29,Mango,20,Himachal Pradesh,2,Mandi,27,3750,7000,5375
2023-06-28,Mango,20,Himachal Pradesh,2,Mandi,27,3750,8000,5375
2023-06-27,Mango,20,Himachal Pradesh,2,Mandi,27,3650,7250,5500
2023-06-26,Mango,20,Himachal Pradesh,2,Mandi,27,2750,7000,4750
2023-06-24,Mango,20,Himachal Pradesh,2,Mandi,27,2750,6500,5000
2023-06-23,Mango,20,Himachal Pradesh,2,Mandi,27,3250,6000,4750
2023-06-22,Mango,20,Himachal Pradesh,2,Mandi,27,3800,6500,5000
2023-06-21,Mango,20,Himachal Pradesh,2,Mandi,27,2750,6750,5125
2023-06-20,Mango,20,Himachal Pradesh,2,Mandi,27,2750,6500,4500
2023-06-19,Mango,20,Himachal Pradesh,2,Mandi,27,3350,6500,5250
2023-06-17,Mango,20,Himachal Pradesh,2,Mandi,27,2900,6000,5000
2023-06-16,Mango,20,Himachal Pradesh,2,Mandi,27,3900,5500,5000
2023-06-15,Mango,20,Himachal Pradesh,2,Mandi,27,4000,6500,5250
2023-06-14,Mango,20,Himachal Pradesh,2,Mandi,27,4000,6750,5500
2023-06-13,Mango,20,Himachal Pradesh,2,Mandi,27,4000,6750,5500
2023-06-12,Mango,20,Himachal Pradesh,2,Mandi,27,3500,6500,5250
2023-06-10,Mango,20,Himachal Pradesh,2,Mandi,27,4750,6750,5625
2023-06-09,Mango,20,Himachal Pradesh,2,Mandi,27,4250,6250,5375
2023-06-08,Mango,20,Himachal Pradesh,2,Mandi,27,5166.666666666667,6666.666666666667,6166.666666666667
2023-06-07,Mango,20,Himachal Pradesh,2,Mandi,27,3750,6500,5500
2023-06-06,Mango,20,Himachal Pradesh,2,Mandi,27,4100,6750,5625
2023-06-05,Mango,20,Himachal Pradesh,2,Mandi,27,5500,6000,5750
2023-06-03,Mango,20,Himachal Pradesh,2,Mandi,27,4250,5750,5125
2023-06-02,Mango,20,Himachal Pradesh,2,Mandi,27,3500,6000,5250
2023-06-01,Mango,20,Himachal Pradesh,2,Mandi,27,4750,6000,5375
2023-05-31,Mango,20,Himachal Pradesh,2,Mandi,27,4000,5750,5125
2023-05-30,Mango,20,Himachal Pradesh,2,Mandi,27,2200,6300,5000
2023-05-29,Mango,20,Himachal Pradesh,2,Mandi,27,3566.6666666666665,5600,4833.333333333333
2023-05-27,Mango,20,Himachal Pradesh,2,Mandi,27,4250,6000,5000
2023-05-26,Mango,20,Himachal Pradesh,2,Mandi,27,4350,6000,5000
2023-05-25,Mango,20,Himachal Pradesh,2,Mandi,27,4000,5850,4875
2023-05-24,Mango,20,Himachal Pradesh,2,Mandi,27,4400,6000,5125
2023-05-23,Mango,20,Himachal Pradesh,2,Mandi,27,4500,6500,5375
2023-05-22,Mango,20,Himachal Pradesh,2,Mandi,27,4500,6250,5250
2023-05-20,Mango,20,Himachal Pradesh,2,Mandi,27,4500,6500,5500
2023-05-19,Mango,20,Himachal Pradesh,2,Mandi,27,5000,5750,5375
2023-05-18,Mango,20,Himachal Pradesh,2,Mandi,27,5000,6000,5500
2023-05-17,Mango,20,Himachal Pradesh,2,Mandi,27,5250,6100,5625
2023-05-16,Mango,20,Himachal Pradesh,2,Mandi,27,4500,6000,5250
2023-05-15,Mango,20,Himachal Pradesh,2,Mandi,27,5000,6500,5750
2023-05-13,Mango,20,Himachal Pradesh,2,Mandi,27,4500,6000,5250
2023-05-12,Mango,20,Himachal Pradesh,2,Mandi,27,5000,5900,5300
2023-05-11,Mango,20,Himachal Pradesh,2,Mandi,27,4000,6000,5000
2023-05-10,Mango,20,Himachal Pradesh,2,Mandi,27,4750,5850,5300
2023-05-09,Mango,20,Himachal Pradesh,2,Mandi,27,4666.666666666667,6166.666666666667,5416.666666666667
2023-05-08,Mango,20,Himachal Pradesh,2,Mandi,27,5500,6833.333333333333,6333.333333333333
2023-05-07,Mango,20,Himachal Pradesh,2,Mandi,27,5000,6000,5500
2023-05-06,Mango,20,Himachal Pradesh,2,Mandi,27,3750,6400,5250
2023-05-05,Mango,20,Himachal Pradesh,2,Mandi,27,5000,7000,6250
2023-05-04,Mango,20,Himachal Pradesh,2,Mandi,27,5000,3100,5375
2023-05-03,Mango,20,Himachal Pradesh,2,Mandi,27,4666.666666666667,6333.333333333333,5500
2023-05-02,Mango,20,Himachal Pradesh,2,Mandi,27,5166.666666666667,6033.333333333333,5516.666666666667
2023-05-01,Mango,20,Himachal Pradesh,2,Mandi,27,5500,6166.666666666667,5916.666666666667
2023-04-29,Mango,20,Himachal Pradesh,2,Mandi,27,4200,5650,5000
2023-04-28,Mango,20,Himachal Pradesh,2,Mandi,27,4333.333333333333,6166.666666666667,5333.333333333333
2023-04-27,Mango,20,Himachal Pradesh,2,Mandi,27,4166.666666666667,5500,4666.666666666667
2023-04-26,Mango,20,Himachal Pradesh,2,Mandi,27,4750,6250,5375
2023-04-25,Mango,20,Himachal Pradesh,2,Mandi,27,4933.333333333333,5833.333333333333,5450
2023-04-24,Mango,20,Himachal Pradesh,2,Mandi,27,4750,6500,5625
2023-04-22,Mango,20,Himachal Pradesh,2,Mandi,27,5500,6500,6125
2023-04-21,Mango,20,Himachal Pradesh,2,Mandi,27,4750,6250,5500
2023-04-20,Mango,20,Himachal Pradesh,2,Mandi,27,4500,5250,4875
2023-04-19,Mango,20,Himachal Pradesh,2,Mandi,27,5500,6750,6125
2023-04-18,Mango,20,Himachal Pradesh,2,Mandi,27,5500,6250,5875
2023-04-17,Mango,20,Himachal Pradesh,2,Mandi,27,5000,7000,5875
2023-04-15,Mango,20,Himachal Pradesh,2,Mandi,27,5100,6500,5750
2023-04-14,Mango,20,Himachal Pradesh,2,Mandi,27,6000,7250,6625
2023-04-13,Mango,20,Himachal Pradesh,2,Mandi,27,5750,7000,6250
2023-04-12,Mango,20,Himachal Pradesh,2,Mandi,27,5500,6750,6125
2023-04-11,Mango,20,Himachal Pradesh,2,Mandi,27,5850,6750,6250
2023-04-10,Mango,20,Himachal Pradesh,2,Mandi,27,6250,7500,6750
2023-04-08,Mango,20,Himachal Pradesh,2,Mandi,27,5000,7000,6000
2023-04-07,Mango,20,Himachal Pradesh,2,Mandi,27,5500,6750,6125
2023-04-06,Mango,20,Himachal Pradesh,2,Mandi,27,5250,6750,6125
2023-04-05,Mango,20,Himachal Pradesh,2,Mandi,27,5500,7000,6125
2023-04-04,Mango,20,Himachal Pradesh,2,Mandi,27,6500,7250,6875
2023-04-03,Mango,20,Himachal Pradesh,2,Mandi,27,7050,8500,7625
2023-04-01,Mango,20,Himachal Pradesh,2,Mandi,27,8000,9500,9000
2023-03-31,Mango,20,Himachal Pradesh,2,Mandi,27,6000,10000,8000
2023-03-30,Mango,20,Himachal Pradesh,2,Mandi,27,6000,10000,8000
2023-03-29,Mango,20,Himachal Pradesh,2,Mandi,27,7500,10000,8750
2023-03-28,Mango,20,Himachal Pradesh,2,Mandi,27,9000,10000,9500
2023-03-27,Mango,20,Himachal Pradesh,2,Mandi,27,9000,10000,9500
2023-03-25,Mango,20,Himachal Pradesh,2,Mandi,27,8000,10000,9000
2023-03-24,Mango,20,Himachal Pradesh,2,Mandi,27,9000,10000,10000
2023-03-23,Mango,20,Himachal Pradesh,2,Mandi,27,9000,10000,10000
2023-03-17,Mango,20,Himachal Pradesh,2,Mandi,27,12000,12000,12000
2022-08-25,Mango,20,Himachal Pradesh,2,Mandi,27,21000,21000,21000
2022-08-17,Mango,20,Himachal Pradesh,2,Mandi,27,9000,10000,10000
2022-08-16,Mango,20,Himachal Pradesh,2,Mandi,27,9000,13000,10000
2022-08-15,Mango,20,Himachal Pradesh,2,Mandi,27,8000,13500,10000
2022-08-13,Mango,20,Himachal Pradesh,2,Mandi,27,5000,9000,7000
2022-08-12,Mango,20,Himachal Pradesh,2,Mandi,27,4000,9000,8000
2022-08-11,Mango,20,Himachal Pradesh,2,Mandi,27,9000,9500,9500
2022-08-10,Mango,20,Himachal Pradesh,2,Mandi,27,6000,9000,8000
2022-08-09,Mango,20,Himachal Pradesh,2,Mandi,27,6000,6000,6000
2022-08-08,Mango,20,Himachal Pradesh,2,Mandi,27,4000,6100,5000
2022-08-06,Mango,20,Himachal Pradesh,2,Mandi,27,2400,7000,6500
2022-08-05,Mango,20,Himachal Pradesh,2,Mandi,27,5500,8000,7000
2022-08-04,Mango,20,Himachal Pradesh,2,Mandi,27,5250,9000,7375
2022-08-03,Mango,20,Himachal Pradesh,2,Mandi,27,4500,9000,6000
2022-08-02,Mango,20,Himachal Pradesh,2,Mandi,27,3000,10000,5000
2022-08-01,Mango,20,Himachal Pradesh,2,Mandi,27,4750,8500,5750
2022-07-30,Mango,20,Himachal Pradesh,2,Mandi,27,2250,5000,4250
2022-07-29,Mango,20,Himachal Pradesh,2,Mandi,27,4250,7750,6125
2022-07-28,Mango,20,Himachal Pradesh,2,Mandi,27,5500,8000,6250
2022-07-27,Mango,20,Himachal Pradesh,2,Mandi,27,4500,8250,6250
2022-07-26,Mango,20,Himachal Pradesh,2,Mandi,27,4250,6250,5250
2022-07-25,Mango,20,Himachal Pradesh,2,Mandi,27,3750,8200,6250
2022-07-23,Mango,20,Himachal Pradesh,2,Mandi,27,4000,8250,6125
2022-07-22,Mango,20,Himachal Pradesh,2,Mandi,27,4000,8250,5750
2022-07-21,Mango,20,Himachal Pradesh,2,Mandi,27,4500,6000,5250
2022-07-20,Mango,20,Himachal Pradesh,2,Mandi,27,4000,5750,4750
2022-07-19,Mango,20,Himachal Pradesh,2,Mandi,27,4000,6000,5250
2022-07-18,Mango,20,Himachal Pradesh,2,Mandi,27,2250,6750,4750
2022-07-16,Mango,20,Himachal Pradesh,2,Mandi,27,2750,4500,3500
2022-07-15,Mango,20,Himachal Pradesh,2,Mandi,27,1900,4600,3625
2022-07-14,Mango,20,Himachal Pradesh,2,Mandi,27,2250,4600,3875
2022-07-13,Mango,20,Himachal Pradesh,2,Mandi,27,2000,5500,4000
2022-07-12,Mango,20,Himachal Pradesh,2,Mandi,27,2000,5000,3500
2022-07-11,Mango,20,Himachal Pradesh,2,Mandi,27,1500,4000,2750
2022-07-09,Mango,20,Himachal Pradesh,2,Mandi,27,3750,5000,4375
2022-07-08,Mango,20,Himachal Pradesh,2,Mandi,27,1750,4500,3250
2022-07-07,Mango,20,Himachal Pradesh,2,Mandi,27,2550,4500,3375
2022-07-06,Mango,20,Himachal Pradesh,2,Mandi,27,2250,6250,4250
2022-07-05,Mango,20,Himachal Pradesh,2,Mandi,27,2000,6000,3750
2022-07-04,Mango,20,Himachal Pradesh,2,Mandi,27,2000,6000,3750
2022-06-30,Mango,20,Himachal Pradesh,2,Mandi,27,2250,6750,4375
2022-06-29,Mango,20,Himachal Pradesh,2,Mandi,27,2750,9250,6125
2022-06-28,Mango,20,Himachal Pradesh,2,Mandi,27,3000,7600,5050
2022-06-27,Mango,20,Himachal Pradesh,2,Mandi,27,3000,7750,5125
2022-06-25,Mango,20,Himachal Pradesh,2,Mandi,27,3900,6750,4950
2022-06-24,Mango,20,Himachal Pradesh,2,Mandi,27,1925,7250,5375
2022-06-23,Mango,20,Himachal Pradesh,2,Mandi,27,3400,7900,5200
2022-06-22,Mango,20,Himachal Pradesh,2,Mandi,27,3000,8000,5500
2022-06-21,Mango,20,Himachal Pradesh,2,Mandi,27,3000,7000,5000
2022-06-20,Mango,20,Himachal Pradesh,2,Mandi,27,3000,8500,6000
2022-06-18,Mango,20,Himachal Pradesh,2,Mandi,27,2500,7500,5500
2022-06-17,Mango,20,Himachal Pradesh,2,Mandi,27,2750,7250,4875
2022-06-16,Mango,20,Himachal Pradesh,2,Mandi,27,2500,7250,5000
2022-06-15,Mango,20,Himachal Pradesh,2,Mandi,27,3250,7750,6250
2022-06-14,Mango,20,Himachal Pradesh,2,Mandi,27,3000,7000,5000
2022-06-13,Mango,20,Himachal Pradesh,2,Mandi,27,2750,7750,5250
2022-06-11,Mango,20,Himachal Pradesh,2,Mandi,27,4000,8000,6000
2022-06-10,Mango,20,Himachal Pradesh,2,Mandi,27,3750,8000,6000
2022-06-09,Mango,20,Himachal Pradesh,2,Mandi,27,4250,8250,6750
2022-06-08,Mango,20,Himachal Pradesh,2,Mandi,27,4000,8000,7000
2022-06-07,Mango,20,Himachal Pradesh,2,Mandi,27,4250,8000,6500
2022-06-06,Mango,20,Himachal Pradesh,2,Mandi,27,4500,7500,6000
2022-06-05,Mango,20,Himachal Pradesh,2,Mandi,27,4000,7000,5500
2022-06-04,Mango,20,Himachal Pradesh,2,Mandi,27,4250,7100,5750
2022-06-01,Mango,20,Himachal Pradesh,2,Mandi,27,4000,7000,6000
2022-05-31,Mango,20,Himachal Pradesh,2,Mandi,27,4000,7000,6000
2022-05-30,Mango,20,Himachal Pradesh,2,Mandi,27,4000,7000,6000
2022-05-28,Mango,20,Himachal Pradesh,2,Mandi,27,4750,7000,6125
2022-05-27,Mango,20,Himachal Pradesh,2,Mandi,27,5250,6750,6000
2022-05-26,Mango,20,Himachal Pradesh,2,Mandi,27,4750,6850,6000
2022-05-25,Mango,20,Himachal Pradesh,2,Mandi,27,4000,7000,5500
2022-05-24,Mango,20,Himachal Pradesh,2,Mandi,27,5750,6750,6000
2022-05-23,Mango,20,Himachal Pradesh,2,Mandi,27,4000,6500,5250
2022-05-21,Mango,20,Himachal Pradesh,2,Mandi,27,4250,6750,5375
2022-05-20,Mango,20,Himachal Pradesh,2,Mandi,27,4100,6250,5375
2022-05-19,Mango,20,Himachal Pradesh,2,Mandi,27,4500,6000,5250
2022-05-18,Mango,20,Himachal Pradesh,2,Mandi,27,5000,6000,5500
2022-05-17,Mango,20,Himachal Pradesh,2,Mandi,27,3000,6750,5250
2022-05-16,Mango,20,Himachal Pradesh,2,Mandi,27,5000,9000,6375
2022-05-14,Mango,20,Himachal Pradesh,2,Mandi,27,5500,8750,7375
2022-05-13,Mango,20,Himachal Pradesh,2,Mandi,27,5500,10000,7750
2022-05-12,Mango,20,Himachal Pradesh,2,Mandi,27,6000,8000,7000
2022-05-11,Mango,20,Himachal Pradesh,2,Mandi,27,5250,7750,6750
2022-05-10,Mango,20,Himachal Pradesh,2,Mandi,27,5000,8000,6250
2022-05-09,Mango,20,Himachal Pradesh,2,Mandi,27,5000,8000,6500
2022-05-07,Mango,20,Himachal Pradesh,2,Mandi,27,5500,7250,6375
2022-05-06,Mango,20,Himachal Pradesh,2,Mandi,27,6500,7000,6800
2022-05-05,Mango,20,Himachal Pradesh,2,Mandi,27,3050,7650,5950
2022-05-04,Mango,20,Himachal Pradesh,2,Mandi,27,5500,7000,6250
2022-05-03,Mango,20,Himachal Pradesh,2,Mandi,27,6000,7250,6625
2022-05-02,Mango,20,Himachal Pradesh,2,Mandi,27,3100,9000,7000
2022-04-30,Mango,20,Himachal Pradesh,2,Mandi,27,3500,8750,6125
2022-04-29,Mango,20,Himachal Pradesh,2,Mandi,27,6250,8500,7375
2022-04-28,Mango,20,Himachal Pradesh,2,Mandi,27,5500,8750,7375
2022-04-27,Mango,20,Himachal Pradesh,2,Mandi,27,6500,9500,8000
2022-04-26,Mango,20,Himachal Pradesh,2,Mandi,27,6750,10000,8000
2022-04-25,Mango,20,Himachal Pradesh,2,Mandi,27,9500,10500,10000
2022-04-23,Mango,20,Himachal Pradesh,2,Mandi,27,9000,11000,10000
2022-04-22,Mango,20,Himachal Pradesh,2,Mandi,27,11000,12000,11500
2022-04-21,Mango,20,Himachal Pradesh,2,Mandi,27,9000,11500,10500
2022-04-20,Mango,20,Himachal Pradesh,2,Mandi,27,6900,11000,10000
2022-04-18,Mango,20,Himachal Pradesh,2,Mandi,27,7800,8000,8000
2022-04-13,Mango,20,Himachal Pradesh,2,Mandi,27,12000,12000,12000
2021-09-01,Mango,20,Himachal Pradesh,2,Mandi,27,8000,8500,8500
2021-08-27,Mango,20,Himachal Pradesh,2,Mandi,27,2000,6500,4000
2021-08-25,Mango,20,Himachal Pradesh,2,Mandi,27,600,2500,2000
2021-08-24,Mango,20,Himachal Pradesh,2,Mandi,27,3500,3500,3500
2021-08-23,Mango,20,Himachal Pradesh,2,Mandi,27,3333.3333333333335,3833.3333333333335,3683.3333333333335
2021-08-21,Mango,20,Himachal Pradesh,2,Mandi,27,600,3000,1800
2021-08-20,Mango,20,Himachal Pradesh,2,Mandi,27,1650,3250,2500
2021-08-19,Mango,20,Himachal Pradesh,2,Mandi,27,1350,2250,1800
2021-08-18,Mango,20,Himachal Pradesh,2,Mandi,27,1500,2400,1950
2021-08-17,Mango,20,Himachal Pradesh,2,Mandi,27,1250,1850,1500
2021-08-16,Mango,20,Himachal Pradesh,2,Mandi,27,1000,2750,2000
2021-08-14,Mango,20,Himachal Pradesh,2,Mandi,27,1250,2300,1875
2021-08-13,Mango,20,Himachal Pradesh,2,Mandi,27,1000,2500,1725
2021-08-12,Mango,20,Himachal Pradesh,2,Mandi,27,2200,8500,4400
2021-08-11,Mango,20,Himachal Pradesh,2,Mandi,27,1000,2500,1750
2021-08-10,Mango,20,Himachal Pradesh,2,Mandi,27,3600,4166.666666666667,3833.3333333333335
2021-08-09,Mango,20,Himachal Pradesh,2,Mandi,27,2933.3333333333335,3833.3333333333335,3333.3333333333335
2021-08-07,Mango,20,Himachal Pradesh,2,Mandi,27,3500,4100,3850
2021-08-06,Mango,20,Himachal Pradesh,2,Mandi,27,900,2400,1875
2021-08-05,Mango,20,Himachal Pradesh,2,Mandi,27,1000,3000,2250
2021-08-04,Mango,20,Himachal Pradesh,2,Mandi,27,2833.3333333333335,3666.6666666666665,3250
2021-08-03,Mango,20,Himachal Pradesh,2,Mandi,27,1000,2500,1875
2021-08-02,Mango,20,Himachal Pradesh,2,Mandi,27,1200,3000,2500
2021-07-31,Mango,20,Himachal Pradesh,2,Mandi,27,1100,2600,2125
2021-07-30,Mango,20,Himachal Pradesh,2,Mandi,27,1000,2750,2125
2021-07-29,Mango,20,Himachal Pradesh,2,Mandi,27,2333.3333333333335,3600,3166.6666666666665
2021-07-28,Mango,20,Himachal Pradesh,2,Mandi,27,2333.3333333333335,3900,3116.6666666666665
2021-07-27,Mango,20,Himachal Pradesh,2,Mandi,27,1100,3000,2250
2021-07-26,Mango,20,Himachal Pradesh,2,Mandi,27,2433.3333333333335,3900,3333.3333333333335
2021-07-24,Mango,20,Himachal Pradesh,2,Mandi,27,800,3000,1900
2021-07-23,Mango,20,Himachal Pradesh,2,Mandi,27,1150,3850,2800
2021-07-22,Mango,20,Himachal Pradesh,2,Mandi,27,1100,3750,2750
2021-07-21,Mango,20,Himachal Pradesh,2,Mandi,27,1200,5300,3500
2021-07-20,Mango,20,Himachal Pradesh,2,Mandi,27,1250,4600,3000
2021-07-19,Mango,20,Himachal Pradesh,2,Mandi,27,3000,4933.333333333333,4216.666666666667
2021-07-17,Mango,20,Himachal Pradesh,2,Mandi,27,3333.3333333333335,5166.666666666667,4333.333333333333
2021-07-16,Mango,20,Himachal Pradesh,2,Mandi,27,3166.6666666666665,5666.666666666667,5083.333333333333
2021-07-15,Mango,20,Himachal Pradesh,2,Mandi,27,1500,5500,3000
2021-07-14,Mango,20,Himachal Pradesh,2,Mandi,27,2600,7250,4625
2021-07-13,Mango,20,Himachal Pradesh,2,Mandi,27,2150,5250,3625
2021-07-12,Mango,20,Himachal Pradesh,2,Mandi,27,2833.3333333333335,5833.333333333333,4916.666666666667
2021-07-10,Mango,20,Himachal Pradesh,2,Mandi,27,1600,5250,3625
2021-07-09,Mango,20,Himachal Pradesh,2,Mandi,27,1800,3500,2800
2021-07-08,Mango,20,Himachal Pradesh,2,Mandi,27,2550,4350,3750
2021-07-07,Mango,20,Himachal Pradesh,2,Mandi,27,2000,6500,4375
2021-07-06,Mango,20,Himachal Pradesh,2,Mandi,27,2500,5166.666666666667,4083.3333333333335
2021-07-05,Mango,20,Himachal Pradesh,2,Mandi,27,2500,5500,3883.3333333333335
2021-07-03,Mango,20,Himachal Pradesh,2,Mandi,27,2200,6500,4000
2021-07-02,Mango,20,Himachal Pradesh,2,Mandi,27,1400,5500,3375
2021-07-01,Mango,20,Himachal Pradesh,2,Mandi,27,1750,6250,3750
2021-06-30,Mango,20,Himachal Pradesh,2,Mandi,27,2000,6000,4000
2021-06-29,Mango,20,Himachal Pradesh,2,Mandi,27,2150,6000,4375
2021-06-28,Mango,20,Himachal Pradesh,2,Mandi,27,2150,5500,4125
2021-06-26,Mango,20,Himachal Pradesh,2,Mandi,27,2000,6000,5000
2021-06-23,Mango,20,Himachal Pradesh,2,Mandi,27,2000,7000,4000
2021-06-21,Mango,20,Himachal Pradesh,2,Mandi,27,1000,5000,3000
2021-06-19,Mango,20,Himachal Pradesh,2,Mandi,27,2000,5000,4000
2021-06-18,Mango,20,Himachal Pradesh,2,Mandi,27,2200,5000,3500
2021-06-17,Mango,20,Himachal Pradesh,2,Mandi,27,2500,4700,3500
2021-06-16,Mango,20,Himachal Pradesh,2,Mandi,27,2700,4500,3500
2021-06-14,Mango,20,Himachal Pradesh,2,Mandi,27,2500,5000,3500
2021-06-11,Mango,20,Himachal Pradesh,2,Mandi,27,2350,5000,3625
2021-06-10,Mango,20,Himachal Pradesh,2,Mandi,27,3000,5000,4000
2021-06-09,Mango,20,Himachal Pradesh,2,Mandi,27,2500,5000,4500
2021-06-08,Mango,20,Himachal Pradesh,2,Mandi,27,3800,5000,4000
2021-06-07,Mango,20,Himachal Pradesh,2,Mandi,27,3500,5200,5000
2021-06-05,Mango,20,Himachal Pradesh,2,Mandi,27,2500,5000,4000
2021-06-04,Mango,20,Himachal Pradesh,2,Mandi,27,2500,5500,4500
2021-06-03,Mango,20,Himachal Pradesh,2,Mandi,27,2000,5000,4000
2021-06-02,Mango,20,Himachal Pradesh,2,Mandi,27,3500,7000,5000
2021-05-31,Mango,20,Himachal Pradesh,2,Mandi,27,3000,5500,4000
2021-05-29,Mango,20,Himachal Pradesh,2,Mandi,27,3250,5600,5000
2021-05-28,Mango,20,Himachal Pradesh,2,Mandi,27,3500,5400,4875
2021-05-27,Mango,20,Himachal Pradesh,2,Mandi,27,3750,6600,5125
2021-05-26,Mango,20,Himachal Pradesh,2,Mandi,27,3750,6250,4875
2021-05-25,Mango,20,Himachal Pradesh,2,Mandi,27,3500,5500,4750
2021-05-24,Mango,20,Himachal Pradesh,2,Mandi,27,3250,5250,4000
2021-05-22,Mango,20,Himachal Pradesh,2,Mandi,27,3000,5500,4250
2021-05-21,Mango,20,Himachal Pradesh,2,Mandi,27,3750,6000,5000
2021-05-20,Mango,20,Himachal Pradesh,2,Mandi,27,4250,6000,4625
2021-05-19,Mango,20,Himachal Pradesh,2,Mandi,27,4250,6000,5250
2021-05-18,Mango,20,Himachal Pradesh,2,Mandi,27,3800,5500,4500
2021-05-11,Mango,20,Himachal Pradesh,2,Mandi,27,4000,6000,5000
2021-05-10,Mango,20,Himachal Pradesh,2,Mandi,27,4000,7000,5500
2021-05-07,Mango,20,Himachal Pradesh,2,Mandi,27,5500,6500,6000
2021-05-06,Mango,20,Himachal Pradesh,2,Mandi,27,5300,7000,6000
2021-05-05,Mango,20,Himachal Pradesh,2,Mandi,27,5250,6250,5750
2021-05-04,Mango,20,Himachal Pradesh,2,Mandi,27,4750,6000,5500
2021-05-03,Mango,20,Himachal Pradesh,2,Mandi,27,3850,5250,4625
2021-04-30,Mango,20,Himachal Pradesh,2,Mandi,27,2500,5000,4000
2021-04-29,Mango,20,Himachal Pradesh,2,Mandi,27,2500,6000,4000
2021-04-28,Mango,20,Himachal Pradesh,2,Mandi,27,3000,5000,4000
2021-04-27,Mango,20,Himachal Pradesh,2,Mandi,27,3000,6000,4000
2021-04-26,Mango,20,Himachal Pradesh,2,Mandi,27,4000,6000,5000
2021-04-23,Mango,20,Himachal Pradesh,2,Mandi,27,4000,5700,5000
2021-04-22,Mango,20,Himachal Pradesh,2,Mandi,27,3800,5000,4000
2021-04-20,Mango,20,Himachal Pradesh,2,Mandi,27,4000,6200,5500
2021-04-19,Mango,20,Himachal Pradesh,2,Mandi,27,3500,6000,5000
2021-03-30,Mango,20,Himachal Pradesh,2,Mandi,27,6000,8000,7000
2021-03-23,Mango,20,Himachal Pradesh,2,Mandi,27,8000,10000,9000
2021-03-22,Mango,20,Himachal Pradesh,2,Mandi,27,8000,10000,9000
2020-08-31,Mango,20,Himachal Pradesh,2,Mandi,27,1500,3500,2500
2020-08-28,Mango,20,Himachal Pradesh,2,Mandi,27,2500,3000,2750
2020-08-27,Mango,20,Himachal Pradesh,2,Mandi,27,2800,3000,2900
2020-08-26,Mango,20,Himachal Pradesh,2,Mandi,27,2000,2500,2250
2020-08-25,Mango,20,Himachal Pradesh,2,Mandi,27,1000,2200,1600
2020-08-24,Mango,20,Himachal Pradesh,2,Mandi,27,1500,2500,2000
2020-08-21,Mango,20,Himachal Pradesh,2,Mandi,27,1050,2750,1750
2020-08-20,Mango,20,Himachal Pradesh,2,Mandi,27,1000,2200,1600
2020-08-19,Mango,20,Himachal Pradesh,2,Mandi,27,900,2500,1700
2020-08-18,Mango,20,Himachal Pradesh,2,Mandi,27,900,3000,2250
2020-08-17,Mango,20,Himachal Pradesh,2,Mandi,27,1000,2500,1750
2020-08-14,Mango,20,Himachal Pradesh,2,Mandi,27,1000,3000,2000
2020-08-13,Mango,20,Himachal Pradesh,2,Mandi,27,1000,2500,2000
2020-08-11,Mango,20,Himachal Pradesh,2,Mandi,27,1000,4000,3000
2020-08-10,Mango,20,Himachal Pradesh,2,Mandi,27,800,2050,1325
2020-08-07,Mango,20,Himachal Pradesh,2,Mandi,27,1000,1800,1400
2020-08-06,Mango,20,Himachal Pradesh,2,Mandi,27,1000,3000,2200
2020-07-30,Mango,20,Himachal Pradesh,2,Mandi,27,1000,2200,1500
2020-07-29,Mango,20,Himachal Pradesh,2,Mandi,27,700,2750,1925
2020-07-28,Mango,20,Himachal Pradesh,2,Mandi,27,1000,3000,1875
2020-07-27,Mango,20,Himachal Pradesh,2,Mandi,27,900,3350,1825
2020-07-25,Mango,20,Himachal Pradesh,2,Mandi,27,1000,2000,1400
2020-07-24,Mango,20,Himachal Pradesh,2,Mandi,27,1000,2500,1750
2020-07-23,Mango,20,Himachal Pradesh,2,Mandi,27,800,2500,1650
2020-07-22,Mango,20,Himachal Pradesh,2,Mandi,27,900,2750,1875
2020-07-21,Mango,20,Himachal Pradesh,2,Mandi,27,1000,3000,2000
2020-07-20,Mango,20,Himachal Pradesh,2,Mandi,27,800,2000,1400
2020-07-18,Mango,20,Himachal Pradesh,2,Mandi,27,1000,2700,1850
2020-07-17,Mango,20,Himachal Pradesh,2,Mandi,27,2066.6666666666665,4333.333333333333,4000
2020-07-15,Mango,20,Himachal Pradesh,2,Mandi,27,1500,2600,2050
2020-07-14,Mango,20,Himachal Pradesh,2,Mandi,27,1000,2100,1500
2020-07-13,Mango,20,Himachal Pradesh,2,Mandi,27,900,2500,1625
2020-07-10,Mango,20,Himachal Pradesh,2,Mandi,27,1400,3750,2625
2020-07-09,Mango,20,Himachal Pradesh,2,Mandi,27,1000,2300,2000
2020-07-08,Mango,20,Himachal Pradesh,2,Mandi,27,1200,2500,2000
2020-07-07,Mango,20,Himachal Pradesh,2,Mandi,27,1250,4750,2875
2020-07-06,Mango,20,Himachal Pradesh,2,Mandi,27,1000,4500,3000
2020-07-04,Mango,20,Himachal Pradesh,2,Mandi,27,1500,6000,3500
2020-06-30,Mango,20,Himachal Pradesh,2,Mandi,27,2100,4250,3150
2020-06-29,Mango,20,Himachal Pradesh,2,Mandi,27,1800,5000,3500
2020-06-27,Mango,20,Himachal Pradesh,2,Mandi,27,2000,7000,4500
2020-06-26,Mango,20,Himachal Pradesh,2,Mandi,27,4333.333333333333,7733.333333333333,6250
2020-06-25,Mango,20,Himachal Pradesh,2,Mandi,27,4000,10500,7500
2020-06-24,Mango,20,Himachal Pradesh,2,Mandi,27,2500,10000,5750
2020-06-23,Mango,20,Himachal Pradesh,2,Mandi,27,2000,8000,5000
2020-06-22,Mango,20,Himachal Pradesh,2,Mandi,27,2500,10000,5750
2020-06-20,Mango,20,Himachal Pradesh,2,Mandi,27,2000,6500,4250
2020-06-19,Mango,20,Himachal Pradesh,2,Mandi,27,2000,7000,4000
2020-06-18,Mango,20,Himachal Pradesh,2,Mandi,27,1500,5000,3375
2020-06-17,Mango,20,Himachal Pradesh,2,Mandi,27,2250,7500,4250
2020-06-16,Mango,20,Himachal Pradesh,2,Mandi,27,2750,7500,4500
2020-06-15,Mango,20,Himachal Pradesh,2,Mandi,27,3000,7750,5250
2020-06-13,Mango,20,Himachal Pradesh,2,Mandi,27,3500,7500,5500
2020-06-12,Mango,20,Himachal Pradesh,2,Mandi,27,3000,7250,4500
2020-06-11,Mango,20,Himachal Pradesh,2,Mandi,27,4000,7000,5250
2020-06-10,Mango,20,Himachal Pradesh,2,Mandi,27,2500,7500,3500
2020-06-09,Mango,20,Himachal Pradesh,2,Mandi,27,3000,7500,4000
2020-06-08,Mango,20,Himachal Pradesh,2,Mandi,27,3000,7500,5000
2020-06-06,Mango,20,Himachal Pradesh,2,Mandi,27,3750,7750,6250
2020-05-30,Mango,20,Himachal Pradesh,2,Mandi,27,3000,7000,5000
2020-05-29,Mango,20,Himachal Pradesh,2,Mandi,27,3750,6500,5125
2020-05-28,Mango,20,Himachal Pradesh,2,Mandi,27,3900,6500,5375
2020-05-27,Mango,20,Himachal Pradesh,2,Mandi,27,4500,6750,6000
2020-05-26,Mango,20,Himachal Pradesh,2,Mandi,27,4000,7000,5500
2020-05-25,Mango,20,Himachal Pradesh,2,Mandi,27,5500,7000,6250
2020-05-23,Mango,20,Himachal Pradesh,2,Mandi,27,6000,7200,6600
2020-05-22,Mango,20,Himachal Pradesh,2,Mandi,27,4500,6000,5250
2020-05-21,Mango,20,Himachal Pradesh,2,Mandi,27,4000,6500,5250
2020-05-20,Mango,20,Himachal Pradesh,2,Mandi,27,3000,6000,4500
2020-05-19,Mango,20,Himachal Pradesh,2,Mandi,27,3750,5750,4750
2020-05-18,Mango,20,Himachal Pradesh,2,Mandi,27,3750,6000,4625
2020-05-16,Mango,20,Himachal Pradesh,2,Mandi,27,4000,6000,5000
2020-05-15,Mango,20,Himachal Pradesh,2,Mandi,27,3500,6250,4875
2020-05-13,Mango,20,Himachal Pradesh,2,Mandi,27,4500,6500,5500
2020-05-12,Mango,20,Himachal Pradesh,2,Mandi,27,4950,7250,6000
2020-05-11,Mango,20,Himachal Pradesh,2,Mandi,27,5000,7000,6000
2020-05-09,Mango,20,Himachal Pradesh,2,Mandi,27,5000,7000,6000
2020-05-08,Mango,20,Himachal Pradesh,2,Mandi,27,5250,6500,6000
2020-05-07,Mango,20,Himachal Pradesh,2,Mandi,27,5250,7000,6250
2020-05-06,Mango,20,Himachal Pradesh,2,Mandi,27,4750,6750,5750
2020-05-01,Mango,20,Himachal Pradesh,2,Mandi,27,4000,6000,5500
2020-04-30,Mango,20,Himachal Pradesh,2,Mandi,27,6000,8000,7000
2020-04-27,Mango,20,Himachal Pradesh,2,Mandi,27,7000,9000,8000
2020-04-20,Mango,20,Himachal Pradesh,2,Mandi,27,5000,6500,5750
2020-04-17,Mango,20,Himachal Pradesh,2,Mandi,27,5000,8000,6500
2019-08-28,Mango,20,Himachal Pradesh,2,Mandi,27,9000,10500,10000
2019-08-26,Mango,20,Himachal Pradesh,2,Mandi,27,6500,8000,7250
2019-08-23,Mango,20,Himachal Pradesh,2,Mandi,27,6000,7000,6500
2019-08-22,Mango,20,Himachal Pradesh,2,Mandi,27,2500,4500,3000
2019-08-19,Mango,20,Himachal Pradesh,2,Mandi,27,2500,6500,4000
2019-08-18,Mango,20,Himachal Pradesh,2,Mandi,27,3000,8000,5000
2019-08-17,Mango,20,Himachal Pradesh,2,Mandi,27,3500,5750,4375
2019-08-16,Mango,20,Himachal Pradesh,2,Mandi,27,2750,6250,3791.5
2019-08-13,Mango,20,Himachal Pradesh,2,Mandi,27,2000,6000,5500
2019-08-09,Mango,20,Himachal Pradesh,2,Mandi,27,3000,5500,4250
2019-08-08,Mango,20,Himachal Pradesh,2,Mandi,27,4500,5500,5000
2019-08-07,Mango,20,Himachal Pradesh,2,Mandi,27,1500,5000,3250
2019-08-06,Mango,20,Himachal Pradesh,2,Mandi,27,3000,5000,4000
2019-08-05,Mango,20,Himachal Pradesh,2,Mandi,27,2000,5000,3500
2019-08-03,Mango,20,Himachal Pradesh,2,Mandi,27,1700,5000,4000
2019-08-02,Mango,20,Himachal Pradesh,2,Mandi,27,2250,4750,3625
2019-08-01,Mango,20,Himachal Pradesh,2,Mandi,27,3000,3500,3250
2019-07-31,Mango,20,Himachal Pradesh,2,Mandi,27,2000,5000,3000
2019-07-30,Mango,20,Himachal Pradesh,2,Mandi,27,4500,4500,4500
2019-07-29,Mango,20,Himachal Pradesh,2,Mandi,27,2000,4250,3875
2019-07-27,Mango,20,Himachal Pradesh,2,Mandi,27,1350,4300,2650
2019-07-26,Mango,20,Himachal Pradesh,2,Mandi,27,2000,4500,3125
2019-07-25,Mango,20,Himachal Pradesh,2,Mandi,27,2000,4000,3000
2019-07-24,Mango,20,Himachal Pradesh,2,Mandi,27,2400,4500,3500
2019-07-23,Mango,20,Himachal Pradesh,2,Mandi,27,2500,5250,3875
2019-07-22,Mango,20,Himachal Pradesh,2,Mandi,27,2250,5000,4250
2019-07-20,Mango,20,Himachal Pradesh,2,Mandi,27,2350,4750,3875
2019-07-19,Mango,20,Himachal Pradesh,2,Mandi,27,2000,4750,3750
2019-07-18,Mango,20,Himachal Pradesh,2,Mandi,27,1900,6000,3875
2019-07-17,Mango,20,Himachal Pradesh,2,Mandi,27,2000,4000,3000
2019-07-16,Mango,20,Himachal Pradesh,2,Mandi,27,3500,4000,3750
2019-07-15,Mango,20,Himachal Pradesh,2,Mandi,27,2500,4500,3500
2019-07-12,Mango,20,Himachal Pradesh,2,Mandi,27,3250,4650,3750
2019-07-11,Mango,20,Himachal Pradesh,2,Mandi,27,2850,5000,4000
2019-07-10,Mango,20,Himachal Pradesh,2,Mandi,27,2500,5250,4000
2019-07-09,Mango,20,Himachal Pradesh,2,Mandi,27,2500,4900,3875
2019-07-08,Mango,20,Himachal Pradesh,2,Mandi,27,4000,5000,4500
2019-07-06,Mango,20,Himachal Pradesh,2,Mandi,27,2500,4000,3250
2019-07-05,Mango,20,Himachal Pradesh,2,Mandi,27,3200,4500,3850
2019-07-04,Mango,20,Himachal Pradesh,2,Mandi,27,3000,4500,3750
2019-07-02,Mango,20,Himachal Pradesh,2,Mandi,27,3500,5000,4250
2019-07-01,Mango,20,Himachal Pradesh,2,Mandi,27,3500,4500,4000
2019-06-29,Mango,20,Himachal Pradesh,2,Mandi,27,4250,5250,4750
2019-06-28,Mango,20,Himachal Pradesh,2,Mandi,27,2750,5250,4000
2019-06-27,Mango,20,Himachal Pradesh,2,Mandi,27,3000,6600,4050
2019-06-26,Mango,20,Himachal Pradesh,2,Mandi,27,2100,4750,3425
2019-06-25,Mango,20,Himachal Pradesh,2,Mandi,27,2750,6000,3750
2019-06-24,Mango,20,Himachal Pradesh,2,Mandi,27,2000,6750,4750
2019-06-22,Mango,20,Himachal Pradesh,2,Mandi,27,2500,6500,5125
2019-06-21,Mango,20,Himachal Pradesh,2,Mandi,27,2500,6250,4750
2019-06-20,Mango,20,Himachal Pradesh,2,Mandi,27,3350,7000,4625
2019-06-19,Mango,20,Himachal Pradesh,2,Mandi,27,3500,7500,5500
2019-06-18,Mango,20,Himachal Pradesh,2,Mandi,27,3050,6750,4825
2019-06-15,Mango,20,Himachal Pradesh,2,Mandi,27,4000,7500,5750
2019-06-14,Mango,20,Himachal Pradesh,2,Mandi,27,3750,6500,5500
2019-06-13,Mango,20,Himachal Pradesh,2,Mandi,27,4000,7000,5250
2019-06-12,Mango,20,Himachal Pradesh,2,Mandi,27,4000,7000,5750
2019-06-11,Mango,20,Himachal Pradesh,2,Mandi,27,5000,7100,6000
2019-06-10,Mango,20,Himachal Pradesh,2,Mandi,27,3750,7000,5250
2019-06-08,Mango,20,Himachal Pradesh,2,Mandi,27,4000,6000,5000
2019-06-07,Mango,20,Himachal Pradesh,2,Mandi,27,4000,7000,5500
2019-06-05,Mango,20,Himachal Pradesh,2,Mandi,27,4000,6000,5000
2019-06-04,Mango,20,Himachal Pradesh,2,Mandi,27,3500,6250,5500
2019-06-03,Mango,20,Himachal Pradesh,2,Mandi,27,3400,6250,5250
2019-06-01,Mango,20,Himachal Pradesh,2,Mandi,27,2200,6200,6000
2019-05-31,Mango,20,Himachal Pradesh,2,Mandi,27,3250,6500,5125
2019-05-30,Mango,20,Himachal Pradesh,2,Mandi,27,2700,6000,5000
2019-05-29,Mango,20,Himachal Pradesh,2,Mandi,27,2750,6000,4750
2019-05-28,Mango,20,Himachal Pradesh,2,Mandi,27,2750,5000,4000
2019-05-27,Mango,20,Himachal Pradesh,2,Mandi,27,2750,5100,4000
2019-05-25,Mango,20,Himachal Pradesh,2,Mandi,27,3000,5250,4000
2019-05-24,Mango,20,Himachal Pradesh,2,Mandi,27,3000,5250,4250
2019-05-23,Mango,20,Himachal Pradesh,2,Mandi,27,3750,5000,4375
2019-05-22,Mango,20,Himachal Pradesh,2,Mandi,27,3600,6000,4500
2019-05-21,Mango,20,Himachal Pradesh,2,Mandi,27,3250,5350,4375
2019-05-20,Mango,20,Himachal Pradesh,2,Mandi,27,4150,5500,5125
2019-05-17,Mango,20,Himachal Pradesh,2,Mandi,27,3350,5750,4875
2019-05-16,Mango,20,Himachal Pradesh,2,Mandi,27,3750,5750,4875
2019-05-15,Mango,20,Himachal Pradesh,2,Mandi,27,4000,5750,5000
2019-05-14,Mango,20,Himachal Pradesh,2,Mandi,27,3750,5500,4625
2019-05-13,Mango,20,Himachal Pradesh,2,Mandi,27,4000,6000,5125
2019-05-11,Mango,20,Himachal Pradesh,2,Mandi,27,4000,5500,4500
2019-05-10,Mango,20,Himachal Pradesh,2,Mandi,27,3500,6000,4875
2019-05-09,Mango,20,Himachal Pradesh,2,Mandi,27,3750,6250,4875
2019-05-08,Mango,20,Himachal Pradesh,2,Mandi,27,4000,6500,5000
2019-05-06,Mango,20,Himachal Pradesh,2,Mandi,27,2750,6000,4750
2019-05-04,Mango,20,Himachal Pradesh,2,Mandi,27,3500,5500,4000
2019-05-03,Mango,20,Himachal Pradesh,2,Mandi,27,3000,5850,4750
2019-05-02,Mango,20,Himachal Pradesh,2,Mandi,27,3500,5750,4750
2019-05-01,Mango,20,Himachal Pradesh,2,Mandi,27,4250,6250,5125
2019-04-30,Mango,20,Himachal Pradesh,2,Mandi,27,4500,6250,5375
2019-04-29,Mango,20,Himachal Pradesh,2,Mandi,27,4750,6750,5750
2019-04-27,Mango,20,Himachal Pradesh,2,Mandi,27,4250,6750,5750
2019-04-26,Mango,20,Himachal Pradesh,2,Mandi,27,5000,7000,6000
2019-04-25,Mango,20,Himachal Pradesh,2,Mandi,27,5000,6750,6250
2019-04-24,Mango,20,Himachal Pradesh,2,Mandi,27,6250,6750,6625
2019-04-23,Mango,20,Himachal Pradesh,2,Mandi,27,6000,6800,6250
2019-04-22,Mango,20,Himachal Pradesh,2,Mandi,27,5750,7250,6750
2019-04-20,Mango,20,Himachal Pradesh,2,Mandi,27,5000,6500,5750
2019-04-12,Mango,20,Himachal Pradesh,2,Mandi,27,4500,8000,6000
2019-04-11,Mango,20,Himachal Pradesh,2,Mandi,27,4500,8000,5000
2019-04-10,Mango,20,Himachal Pradesh,2,Mandi,27,8500,9000,8500
2019-04-09,Mango,20,Himachal Pradesh,2,Mandi,27,6500,6500,6500
2019-04-08,Mango,20,Himachal Pradesh,2,Mandi,27,6000,9000,7500
2019-04-06,Mango,20,Himachal Pradesh,2,Mandi,27,6000,7000,6500
2019-04-04,Mango,20,Himachal Pradesh,2,Mandi,27,5000,8000,6500
2019-04-03,Mango,20,Himachal Pradesh,2,Mandi,27,6000,6000,6000
2019-03-23,Mango,20,Himachal Pradesh,2,Mandi,27,8000,8000,8000
2018-08-29,Mango,20,Himachal Pradesh,2,Mandi,27,4500,5000,4750
2018-08-25,Mango,20,Himachal Pradesh,2,Mandi,27,2000,3200,3200
2018-08-24,Mango,20,Himachal Pradesh,2,Mandi,27,1000,4700,1500
2018-08-23,Mango,20,Himachal Pradesh,2,Mandi,27,800,2000,1500
2018-08-20,Mango,20,Himachal Pradesh,2,Mandi,27,1200,6500,3300
2018-08-18,Mango,20,Himachal Pradesh,2,Mandi,27,1000,1800,1500
2018-08-16,Mango,20,Himachal Pradesh,2,Mandi,27,1100,2750,1850
2018-08-14,Mango,20,Himachal Pradesh,2,Mandi,27,700,2800,1200
2018-08-13,Mango,20,Himachal Pradesh,2,Mandi,27,1000,3000,2000
2018-08-11,Mango,20,Himachal Pradesh,2,Mandi,27,1200,1800,1600
2018-08-10,Mango,20,Himachal Pradesh,2,Mandi,27,900,2450,1525
2018-08-09,Mango,20,Himachal Pradesh,2,Mandi,27,700,3500,1000
2018-08-08,Mango,20,Himachal Pradesh,2,Mandi,27,950,2500,1550
2018-08-07,Mango,20,Himachal Pradesh,2,Mandi,27,1000,2800,1500
2018-08-06,Mango,20,Himachal Pradesh,2,Mandi,27,800,4000,2500
2018-08-04,Mango,20,Himachal Pradesh,2,Mandi,27,1000,2600,1750
2018-08-03,Mango,20,Himachal Pradesh,2,Mandi,27,1000,2300,1500
2018-08-02,Mango,20,Himachal Pradesh,2,Mandi,27,1000,2900,1900
2018-08-01,Mango,20,Himachal Pradesh,2,Mandi,27,1000,3200,2000
2018-07-31,Mango,20,Himachal Pradesh,2,Mandi,27,1000,2000,1650
2018-07-30,Mango,20,Himachal Pradesh,2,Mandi,27,800,2150,1650
2018-07-28,Mango,20,Himachal Pradesh,2,Mandi,27,750,2300,1625
2018-07-27,Mango,20,Himachal Pradesh,2,Mandi,27,750,2300,1775
2018-07-26,Mango,20,Himachal Pradesh,2,Mandi,27,1000,2150,1700
2018-07-25,Mango,20,Himachal Pradesh,2,Mandi,27,750,2400,1775
2018-07-24,Mango,20,Himachal Pradesh,2,Mandi,27,1000,2650,1700
2018-07-23,Mango,20,Himachal Pradesh,2,Mandi,27,650,2150,1400
2018-07-21,Mango,20,Himachal Pradesh,2,Mandi,27,500,2300,1375
2018-07-20,Mango,20,Himachal Pradesh,2,Mandi,27,900,2350,1875
2018-07-19,Mango,20,Himachal Pradesh,2,Mandi,27,800,1800,1300
2018-07-18,Mango,20,Himachal Pradesh,2,Mandi,27,1000,2000,1500
2018-07-17,Mango,20,Himachal Pradesh,2,Mandi,27,800,1800,1300
2018-07-16,Mango,20,Himachal Pradesh,2,Mandi,27,750,3050,1975
2018-07-14,Mango,20,Himachal Pradesh,2,Mandi,27,1000,2500,1800
2018-07-13,Mango,20,Himachal Pradesh,2,Mandi,27,750,2250,1725
2018-07-12,Mango,20,Himachal Pradesh,2,Mandi,27,1000,2500,1750
2018-07-11,Mango,20,Himachal Pradesh,2,Mandi,27,1000,2500,2500
2018-07-10,Mango,20,Himachal Pradesh,2,Mandi,27,1000,2750,2200
2018-07-09,Mango,20,Himachal Pradesh,2,Mandi,27,900,3000,2200
2018-07-07,Mango,20,Himachal Pradesh,2,Mandi,27,1150,2750,2125
2018-07-06,Mango,20,Himachal Pradesh,2,Mandi,27,900,3750,2250
2018-07-05,Mango,20,Himachal Pradesh,2,Mandi,27,1000,4500,2500
2018-07-04,Mango,20,Himachal Pradesh,2,Mandi,27,1200,2500,2000
2018-06-27,Mango,20,Himachal Pradesh,2,Mandi,27,1650,5000,3250
2018-06-26,Mango,20,Himachal Pradesh,2,Mandi,27,1250,5250,2875
2018-06-25,Mango,20,Himachal Pradesh,2,Mandi,27,1250,5500,3375
2018-06-23,Mango,20,Himachal Pradesh,2,Mandi,27,2000,5000,3125
2018-06-22,Mango,20,Himachal Pradesh,2,Mandi,27,1000,4350,2375
2018-06-21,Mango,20,Himachal Pradesh,2,Mandi,27,2000,5000,3250
2018-06-20,Mango,20,Himachal Pradesh,2,Mandi,27,1400,4800,3050
2018-06-19,Mango,20,Himachal Pradesh,2,Mandi,27,1600,5000,3250
2018-06-18,Mango,20,Himachal Pradesh,2,Mandi,27,2100,4250,2875
2018-06-16,Mango,20,Himachal Pradesh,2,Mandi,27,1000,5000,3000
2018-06-15,Mango,20,Himachal Pradesh,2,Mandi,27,1750,4500,3375
2018-06-14,Mango,20,Himachal Pradesh,2,Mandi,27,1650,4250,3025
2018-06-13,Mango,20,Himachal Pradesh,2,Mandi,27,1900,4750,3200
2018-06-12,Mango,20,Himachal Pradesh,2,Mandi,27,1850,5250,3050
2018-06-11,Mango,20,Himachal Pradesh,2,Mandi,27,1766.6666666666667,4500,3000
2018-06-08,Mango,20,Himachal Pradesh,2,Mandi,27,2000,5000,3500
2018-06-07,Mango,20,Himachal Pradesh,2,Mandi,27,2250,4750,3000
2018-06-06,Mango,20,Himachal Pradesh,2,Mandi,27,1750,4750,3625
2018-06-05,Mango,20,Himachal Pradesh,2,Mandi,27,2250,4750,3800
2018-06-04,Mango,20,Himachal Pradesh,2,Mandi,27,2500,5250,4125
2018-06-02,Mango,20,Himachal Pradesh,2,Mandi,27,2750,5250,4250
2018-06-01,Mango,20,Himachal Pradesh,2,Mandi,27,2500,5500,4250
2018-05-31,Mango,20,Himachal Pradesh,2,Mandi,27,2200,5000,4000
2018-05-30,Mango,20,Himachal Pradesh,2,Mandi,27,3500,5500,4280
2018-05-29,Mango,20,Himachal Pradesh,2,Mandi,27,3750,5250,4500
2018-05-28,Mango,20,Himachal Pradesh,2,Mandi,27,3250,5600,4375
2018-05-26,Mango,20,Himachal Pradesh,2,Mandi,27,3500,5750,4875
2018-05-25,Mango,20,Himachal Pradesh,2,Mandi,27,3100,5750,3875
2018-05-24,Mango,20,Himachal Pradesh,2,Mandi,27,3600,5500,4550
2018-05-23,Mango,20,Himachal Pradesh,2,Mandi,27,3050,5250,4250
2018-05-22,Mango,20,Himachal Pradesh,2,Mandi,27,2750,5000,4000
2018-05-21,Mango,20,Himachal Pradesh,2,Mandi,27,2500,4500,3625
2018-05-19,Mango,20,Himachal Pradesh,2,Mandi,27,2500,4500,3500
2018-05-18,Mango,20,Himachal Pradesh,2,Mandi,27,4000,5500,4500
2018-05-17,Mango,20,Himachal Pradesh,2,Mandi,27,3000,5250,4250
2018-05-16,Mango,20,Himachal Pradesh,2,Mandi,27,3500,5500,4000
2018-05-15,Mango,20,Himachal Pradesh,2,Mandi,27,4050,6500,5075
2018-05-14,Mango,20,Himachal Pradesh,2,Mandi,27,3500,6000,5000
2018-05-12,Mango,20,Himachal Pradesh,2,Mandi,27,4500,6500,5500
2018-05-11,Mango,20,Himachal Pradesh,2,Mandi,27,4400,5750,5000
2018-05-10,Mango,20,Himachal Pradesh,2,Mandi,27,4250,6750,5500
2018-05-09,Mango,20,Himachal Pradesh,2,Mandi,27,3900,5750,4500
2018-05-08,Mango,20,Himachal Pradesh,2,Mandi,27,4000,5000,4200
2018-05-07,Mango,20,Himachal Pradesh,2,Mandi,27,4250,7100,5500
2018-05-05,Mango,20,Himachal Pradesh,2,Mandi,27,4250,5250,4850
2018-05-04,Mango,20,Himachal Pradesh,2,Mandi,27,4000,5750,4875
2018-05-03,Mango,20,Himachal Pradesh,2,Mandi,27,4250,6100,5175
2018-05-02,Mango,20,Himachal Pradesh,2,Mandi,27,4500,5250,4850
2018-05-01,Mango,20,Himachal Pradesh,2,Mandi,27,3250,5600,4300
2018-04-30,Mango,20,Himachal Pradesh,2,Mandi,27,3000,6000,5000
2018-04-28,Mango,20,Himachal Pradesh,2,Mandi,27,4500,6400,5400
2018-04-27,Mango,20,Himachal Pradesh,2,Mandi,27,4000,7200,5500
2018-04-26,Mango,20,Himachal Pradesh,2,Mandi,27,5000,7400,5825
2018-04-25,Mango,20,Himachal Pradesh,2,Mandi,27,5500,8600,6000
2018-04-24,Mango,20,Himachal Pradesh,2,Mandi,27,6000,6750,6375
2018-04-21,Mango,20,Himachal Pradesh,2,Mandi,27,5000,5500,5250
2018-04-20,Mango,20,Himachal Pradesh,2,Mandi,27,5750,7000,6250
2018-04-19,Mango,20,Himachal Pradesh,2,Mandi,27,7000,8000,7500
2018-04-16,Mango,20,Himachal Pradesh,2,Mandi,27,6250,7750,6875
2018-04-13,Mango,20,Himachal Pradesh,2,Mandi,27,6500,7000,6750
2018-04-09,Mango,20,Himachal Pradesh,2,Mandi,27,11000,11000,11000
2017-08-19,Mango,20,Himachal Pradesh,2,Mandi,27,6000,7000,6500
2017-08-18,Mango,20,Himachal Pradesh,2,Mandi,27,3500,4500,4000
2017-08-16,Mango,20,Himachal Pradesh,2,Mandi,27,2000,5000,5000
2017-08-14,Mango,20,Himachal Pradesh,2,Mandi,27,2000,5000,5000
2017-08-11,Mango,20,Himachal Pradesh,2,Mandi,27,3000,5000,3000
2017-08-10,Mango,20,Himachal Pradesh,2,Mandi,27,3000,5000,3000
2017-08-09,Mango,20,Himachal Pradesh,2,Mandi,27,2500,7000,2500
2017-08-08,Mango,20,Himachal Pradesh,2,Mandi,27,3000,4500,4250
2017-08-07,Mango,20,Himachal Pradesh,2,Mandi,27,2500,5850,4125
2017-08-05,Mango,20,Himachal Pradesh,2,Mandi,27,2600,4000,3000
2017-08-04,Mango,20,Himachal Pradesh,2,Mandi,27,2250,4750,3500
2017-08-03,Mango,20,Himachal Pradesh,2,Mandi,27,3000,4650,3700
2017-08-02,Mango,20,Himachal Pradesh,2,Mandi,27,2000,4500,3500
2017-08-01,Mango,20,Himachal Pradesh,2,Mandi,27,3000,5500,4125
2017-07-31,Mango,20,Himachal Pradesh,2,Mandi,27,2700,6000,5000
2017-07-29,Mango,20,Himachal Pradesh,2,Mandi,27,2400,5750,4250
2017-07-28,Mango,20,Himachal Pradesh,2,Mandi,27,3750,5150,4575
2017-07-27,Mango,20,Himachal Pradesh,2,Mandi,27,2750,5500,4250
2017-07-26,Mango,20,Himachal Pradesh,2,Mandi,27,3250,5250,4375
2017-07-25,Mango,20,Himachal Pradesh,2,Mandi,27,3250,5250,4500
2017-07-24,Mango,20,Himachal Pradesh,2,Mandi,27,2500,5500,4000
2017-07-22,Mango,20,Himachal Pradesh,2,Mandi,27,2000,5500,3750
2017-07-20,Mango,20,Himachal Pradesh,2,Mandi,27,1750,5250,4125
2017-07-19,Mango,20,Himachal Pradesh,2,Mandi,27,2000,5000,3500
2017-07-18,Mango,20,Himachal Pradesh,2,Mandi,27,2000,5500,3750
2017-07-17,Mango,20,Himachal Pradesh,2,Mandi,27,2500,5500,4500
2017-07-15,Mango,20,Himachal Pradesh,2,Mandi,27,3000,4750,4000
2017-07-14,Mango,20,Himachal Pradesh,2,Mandi,27,1750,4000,3375
2017-07-13,Mango,20,Himachal Pradesh,2,Mandi,27,2000,4500,3500
2017-07-12,Mango,20,Himachal Pradesh,2,Mandi,27,2500,4500,3625
2017-07-11,Mango,20,Himachal Pradesh,2,Mandi,27,2250,4850,3375
2017-07-10,Mango,20,Himachal Pradesh,2,Mandi,27,2500,4900,3950
2017-07-08,Mango,20,Himachal Pradesh,2,Mandi,27,3000,5000,4000
2017-07-07,Mango,20,Himachal Pradesh,2,Mandi,27,3150,5000,4250
2017-07-06,Mango,20,Himachal Pradesh,2,Mandi,27,3750,5250,4775
2017-07-05,Mango,20,Himachal Pradesh,2,Mandi,27,3250,6250,5250
2017-07-04,Mango,20,Himachal Pradesh,2,Mandi,27,4000,5600,5250
2017-07-01,Mango,20,Himachal Pradesh,2,Mandi,27,3750,4750,4000
2017-06-30,Mango,20,Himachal Pradesh,2,Mandi,27,3000,7000,4000
2017-06-29,Mango,20,Himachal Pradesh,2,Mandi,27,3500,4850,4250
2017-06-28,Mango,20,Himachal Pradesh,2,Mandi,27,3250,5250,4250
2017-06-27,Mango,20,Himachal Pradesh,2,Mandi,27,2750,4850,3875
2017-06-26,Mango,20,Himachal Pradesh,2,Mandi,27,3000,4500,3500
2017-06-24,Mango,20,Himachal Pradesh,2,Mandi,27,2450,5250,3250
2017-06-23,Mango,20,Himachal Pradesh,2,Mandi,27,2750,5000,3750
2017-06-22,Mango,20,Himachal Pradesh,2,Mandi,27,2800,5000,3500
2017-06-21,Mango,20,Himachal Pradesh,2,Mandi,27,2000,4000,3000
2017-06-20,Mango,20,Himachal Pradesh,2,Mandi,27,2250,4750,3250
2017-06-19,Mango,20,Himachal Pradesh,2,Mandi,27,3250,5000,4000
2017-06-17,Mango,20,Himachal Pradesh,2,Mandi,27,1000,5000,4000
2017-06-16,Mango,20,Himachal Pradesh,2,Mandi,27,2750,5250,4125
2017-06-15,Mango,20,Himachal Pradesh,2,Mandi,27,2500,4650,3750
2017-06-14,Mango,20,Himachal Pradesh,2,Mandi,27,2500,5000,3875
2017-06-13,Mango,20,Himachal Pradesh,2,Mandi,27,3000,4800,3500
2017-06-12,Mango,20,Himachal Pradesh,2,Mandi,27,2500,5100,3750
2017-06-08,Mango,20,Himachal Pradesh,2,Mandi,27,3200,4650,3700
2017-06-07,Mango,20,Himachal Pradesh,2,Mandi,27,2900,4250,3900
2017-06-06,Mango,20,Himachal Pradesh,2,Mandi,27,3250,4250,3750
2017-06-05,Mango,20,Himachal Pradesh,2,Mandi,27,3000,4000,3350
2017-06-03,Mango,20,Himachal Pradesh,2,Mandi,27,2900,4100,3500
2017-06-02,Mango,20,Himachal Pradesh,2,Mandi,27,2850,3700,3050
2017-06-01,Mango,20,Himachal Pradesh,2,Mandi,27,3000,5500,3500
2017-05-31,Mango,20,Himachal Pradesh,2,Mandi,27,3000,4000,3500
2017-05-30,Mango,20,Himachal Pradesh,2,Mandi,27,3000,4800,4000
2017-05-29,Mango,20,Himachal Pradesh,2,Mandi,27,2900,4100,3450
2017-05-27,Mango,20,Himachal Pradesh,2,Mandi,27,2750,3500,3375
2017-05-26,Mango,20,Himachal Pradesh,2,Mandi,27,2500,3600,3000
2017-05-25,Mango,20,Himachal Pradesh,2,Mandi,27,2000,3650,2825
2017-05-24,Mango,20,Himachal Pradesh,2,Mandi,27,2250,3250,2800
2017-05-23,Mango,20,Himachal Pradesh,2,Mandi,27,2400,3500,2775
2017-05-22,Mango,20,Himachal Pradesh,2,Mandi,27,2650,3900,3275
2017-05-20,Mango,20,Himachal Pradesh,2,Mandi,27,2750,3600,3075
2017-05-19,Mango,20,Himachal Pradesh,2,Mandi,27,2500,3650,3025
2017-05-18,Mango,20,Himachal Pradesh,2,Mandi,27,2600,3500,2800
2017-05-17,Mango,20,Himachal Pradesh,2,Mandi,27,2450,3850,3350
2017-05-16,Mango,20,Himachal Pradesh,2,Mandi,27,2400,3800,3100
2017-05-15,Mango,20,Himachal Pradesh,2,Mandi,27,2750,3750,3350
2017-05-12,Mango,20,Himachal Pradesh,2,Mandi,27,2800,3800,3200
2017-05-11,Mango,20,Himachal Pradesh,2,Mandi,27,2850,3600,3275
2017-05-09,Mango,20,Himachal Pradesh,2,Mandi,27,2250,4150,3250
2017-05-08,Mango,20,Himachal Pradesh,2,Mandi,27,2850,4250,3500
2017-05-06,Mango,20,Himachal Pradesh,2,Mandi,27,3250,4250,3750
2017-05-04,Mango,20,Himachal Pradesh,2,Mandi,27,2500,4000,3250
2017-05-03,Mango,20,Himachal Pradesh,2,Mandi,27,3000,4000,3500
2017-05-02,Mango,20,Himachal Pradesh,2,Mandi,27,2500,3500,3000
2017-05-01,Mango,20,Himachal Pradesh,2,Mandi,27,2500,3500,3000
2017-04-29,Mango,20,Himachal Pradesh,2,Mandi,27,2500,3500,3000
2017-04-27,Mango,20,Himachal Pradesh,2,Mandi,27,3500,4000,3750
2017-04-26,Mango,20,Himachal Pradesh,2,Mandi,27,3000,4000,3500
2017-04-25,Mango,20,Himachal Pradesh,2,Mandi,27,3000,5000,4000
2017-04-24,Mango,20,Himachal Pradesh,2,Mandi,27,4000,4500,4250
2017-04-22,Mango,20,Himachal Pradesh,2,Mandi,27,3000,5000,4000
2017-04-21,Mango,20,Himachal Pradesh,2,Mandi,27,3200,4000,3600
2017-04-20,Mango,20,Himachal Pradesh,2,Mandi,27,3800,4800,4150
2017-04-19,Mango,20,Himachal Pradesh,2,Mandi,27,3900,4000,3950
2017-04-18,Mango,20,Himachal Pradesh,2,Mandi,27,3500,4000,3750
2017-04-17,Mango,20,Himachal Pradesh,2,Mandi,27,3500,5000,4250
2017-04-13,Mango,20,Himachal Pradesh,2,Mandi,27,4000,5000,4500
2017-04-12,Mango,20,Himachal Pradesh,2,Mandi,27,4000,6000,5000
2017-04-11,Mango,20,Himachal Pradesh,2,Mandi,27,4000,6000,5000
2017-04-10,Mango,20,Himachal Pradesh,2,Mandi,27,4000,6000,5000
2017-04-05,Mango,20,Himachal Pradesh,2,Mandi,27,6000,7000,6500
2017-04-03,Mango,20,Himachal Pradesh,2,Mandi,27,6000,7000,6500
2017-04-01,Mango,20,Himachal Pradesh,2,Mandi,27,5500,10000,7750
2017-03-31,Mango,20,Himachal Pradesh,2,Mandi,27,6000,7000,6500
2017-03-30,Mango,20,Himachal Pradesh,2,Mandi,27,6000,6500,6250
2017-03-29,Mango,20,Himachal Pradesh,2,Mandi,27,6500,7000,6750
2017-03-27,Mango,20,Himachal Pradesh,2,Mandi,27,7000,7500,7250
2017-03-24,Mango,20,Himachal Pradesh,2,Mandi,27,7000,8000,7500
2017-03-22,Mango,20,Himachal Pradesh,2,Mandi,27,8000,8000,8000
2017-03-20,Mango,20,Himachal Pradesh,2,Mandi,27,8500,9000,8750
2016-09-05,Mango,20,Himachal Pradesh,2,Mandi,27,4000,5000,4500
2016-09-03,Mango,20,Himachal Pradesh,2,Mandi,27,4000,4500,4200
2016-09-02,Mango,20,Himachal Pradesh,2,Mandi,27,9000,9500,9250
2016-09-01,Mango,20,Himachal Pradesh,2,Mandi,27,3500,5000,4250
2016-08-30,Mango,20,Himachal Pradesh,2,Mandi,27,2700,3000,2800
2016-08-29,Mango,20,Himachal Pradesh,2,Mandi,27,2000,5000,3500
2016-08-26,Mango,20,Himachal Pradesh,2,Mandi,27,1700,4500,3100
2016-08-23,Mango,20,Himachal Pradesh,2,Mandi,27,2000,5500,3750
2016-08-22,Mango,20,Himachal Pradesh,2,Mandi,27,2000,4400,3250
2016-08-20,Mango,20,Himachal Pradesh,2,Mandi,27,1000,5000,3500
2016-08-19,Mango,20,Himachal Pradesh,2,Mandi,27,1500,2500,2000
2016-08-18,Mango,20,Himachal Pradesh,2,Mandi,27,2100,5000,4000
2016-08-17,Mango,20,Himachal Pradesh,2,Mandi,27,2000,4150,3000
2016-08-16,Mango,20,Himachal Pradesh,2,Mandi,27,3500,4000,3750
2016-08-12,Mango,20,Himachal Pradesh,2,Mandi,27,1000,4000,2500
2016-08-11,Mango,20,Himachal Pradesh,2,Mandi,27,2000,2800,2400
2016-08-10,Mango,20,Himachal Pradesh,2,Mandi,27,1500,4000,2750
2016-08-09,Mango,20,Himachal Pradesh,2,Mandi,27,1500,2800,2150
2016-08-08,Mango,20,Himachal Pradesh,2,Mandi,27,1600,3200,2400
2016-08-06,Mango,20,Himachal Pradesh,2,Mandi,27,1000,2200,1600
2016-08-05,Mango,20,Himachal Pradesh,2,Mandi,27,900,1800,1400
2016-08-04,Mango,20,Himachal Pradesh,2,Mandi,27,1000,2000,1500
2016-08-03,Mango,20,Himachal Pradesh,2,Mandi,27,1233.3333333333333,1900,1716.6666666666667
2016-08-02,Mango,20,Himachal Pradesh,2,Mandi,27,1000,2100,1550
2016-07-30,Mango,20,Himachal Pradesh,2,Mandi,27,1200,2000,1500
2016-07-29,Mango,20,Himachal Pradesh,2,Mandi,27,1000,1500,1200
2016-07-28,Mango,20,Himachal Pradesh,2,Mandi,27,1000,1900,1450
2016-07-27,Mango,20,Himachal Pradesh,2,Mandi,27,1150,2250,1750
2016-07-26,Mango,20,Himachal Pradesh,2,Mandi,27,1266.6666666666667,1933.3333333333333,1666.6666666666667
2016-07-25,Mango,20,Himachal Pradesh,2,Mandi,27,800,1500,1000
2016-07-23,Mango,20,Himachal Pradesh,2,Mandi,27,1166.6666666666667,1933.3333333333333,1600
2016-07-22,Mango,20,Himachal Pradesh,2,Mandi,27,900,1850,1375
2016-07-21,Mango,20,Himachal Pradesh,2,Mandi,27,1000,1800,1400
2016-07-20,Mango,20,Himachal Pradesh,2,Mandi,27,1000,2200,1800
2016-07-19,Mango,20,Himachal Pradesh,2,Mandi,27,1000,1800,1500
2016-07-18,Mango,20,Himachal Pradesh,2,Mandi,27,600,1500,1050
2016-07-16,Mango,20,Himachal Pradesh,2,Mandi,27,750,2300,1775
2016-07-15,Mango,20,Himachal Pradesh,2,Mandi,27,1000,2500,1750
2016-07-14,Mango,20,Himachal Pradesh,2,Mandi,27,1250,2250,1675
2016-07-13,Mango,20,Himachal Pradesh,2,Mandi,27,1000,2300,2000
2016-07-12,Mango,20,Himachal Pradesh,2,Mandi,27,950,2000,1475
2016-07-11,Mango,20,Himachal Pradesh,2,Mandi,27,1700,2600,2400
2016-07-06,Mango,20,Himachal Pradesh,2,Mandi,27,900,3100,1750
2016-07-05,Mango,20,Himachal Pradesh,2,Mandi,27,1000,2100,1550
2016-07-04,Mango,20,Himachal Pradesh,2,Mandi,27,1250,3000,2000
2016-07-02,Mango,20,Himachal Pradesh,2,Mandi,27,1400,2500,1950
2016-07-01,Mango,20,Himachal Pradesh,2,Mandi,27,1000,2500,1750
2016-06-30,Mango,20,Himachal Pradesh,2,Mandi,27,1500,2800,2500
2016-06-29,Mango,20,Himachal Pradesh,2,Mandi,27,1650,4000,3200
2016-06-28,Mango,20,Himachal Pradesh,2,Mandi,27,1350,2750,2175
2016-06-27,Mango,20,Himachal Pradesh,2,Mandi,27,1500,3500,2500
2016-06-25,Mango,20,Himachal Pradesh,2,Mandi,27,4500,5000,4850
2016-06-24,Mango,20,Himachal Pradesh,2,Mandi,27,4250,4750,4600
2016-06-23,Mango,20,Himachal Pradesh,2,Mandi,27,3333.3333333333335,4666.666666666667,3966.6666666666665
2016-06-22,Mango,20,Himachal Pradesh,2,Mandi,27,2000,5000,3500
2016-06-21,Mango,20,Himachal Pradesh,2,Mandi,27,2000,6000,4000
2016-06-20,Mango,20,Himachal Pradesh,2,Mandi,27,4000,4500,4350
2016-06-18,Mango,20,Himachal Pradesh,2,Mandi,27,3233.3333333333335,4833.333333333333,4033.3333333333335
2016-06-17,Mango,20,Himachal Pradesh,2,Mandi,27,3166.6666666666665,4833.333333333333,4083.3333333333335
2016-06-16,Mango,20,Himachal Pradesh,2,Mandi,27,3166.6666666666665,4166.666666666667,3733.3333333333335
2016-06-15,Mango,20,Himachal Pradesh,2,Mandi,27,3000,4833.333333333333,3883.3333333333335
2016-06-14,Mango,20,Himachal Pradesh,2,Mandi,27,3000,4750,3875
2016-06-13,Mango,20,Himachal Pradesh,2,Mandi,27,3333.3333333333335,5600,4500
2016-06-10,Mango,20,Himachal Pradesh,2,Mandi,27,3000,4375,3825
2016-06-09,Mango,20,Himachal Pradesh,2,Mandi,27,3000,4375,3725
2016-06-08,Mango,20,Himachal Pradesh,2,Mandi,27,2875,3875,3500
2016-06-06,Mango,20,Himachal Pradesh,2,Mandi,27,3333.3333333333335,3933.3333333333335,3733.3333333333335
2016-06-03,Mango,20,Himachal Pradesh,2,Mandi,27,3750,4250,4000
2016-06-02,Mango,20,Himachal Pradesh,2,Mandi,27,3750,4250,4250
2016-06-01,Mango,20,Himachal Pradesh,2,Mandi,27,4000,4666.666666666667,4500
2016-05-31,Mango,20,Himachal Pradesh,2,Mandi,27,4333.333333333333,5000,4766.666666666667
2016-05-30,Mango,20,Himachal Pradesh,2,Mandi,27,4500,5250,5000
2016-05-28,Mango,20,Himachal Pradesh,2,Mandi,27,4750,5750,5250
2016-05-27,Mango,20,Himachal Pradesh,2,Mandi,27,4500,5250,5000
2016-05-26,Mango,20,Himachal Pradesh,2,Mandi,27,4500,5500,5000
2016-05-25,Mango,20,Himachal Pradesh,2,Mandi,27,3000,5000,4000
2016-05-24,Mango,20,Himachal Pradesh,2,Mandi,27,3000,6000,5000
2016-05-23,Mango,20,Himachal Pradesh,2,Mandi,27,2500,6500,5000
2016-05-20,Mango,20,Himachal Pradesh,2,Mandi,27,3000,6000,5000
2016-05-19,Mango,20,Himachal Pradesh,2,Mandi,27,3000,5000,4000
2016-05-18,Mango,20,Himachal Pradesh,2,Mandi,27,3000,6000,5000
2016-05-17,Mango,20,Himachal Pradesh,2,Mandi,27,3500,6500,5000
2016-05-16,Mango,20,Himachal Pradesh,2,Mandi,27,4000,7000,6000
2016-05-13,Mango,20,Himachal Pradesh,2,Mandi,27,3000,6000,5000
2016-05-12,Mango,20,Himachal Pradesh,2,Mandi,27,4000,6500,6000
2016-05-11,Mango,20,Himachal Pradesh,2,Mandi,27,4000,6500,6000
2016-05-10,Mango,20,Himachal Pradesh,2,Mandi,27,3500,6000,5000
2016-05-09,Mango,20,Himachal Pradesh,2,Mandi,27,4000,6500,6000
2016-05-07,Mango,20,Himachal Pradesh,2,Mandi,27,4000,5800,5000
2016-05-06,Mango,20,Himachal Pradesh,2,Mandi,27,4600,6000,5000
2016-05-05,Mango,20,Himachal Pradesh,2,Mandi,27,4000,6500,5500
2016-05-04,Mango,20,Himachal Pradesh,2,Mandi,27,3500,7500,6500
2016-05-03,Mango,20,Himachal Pradesh,2,Mandi,27,4000,5000,4500
2016-05-02,Mango,20,Himachal Pradesh,2,Mandi,27,4500,7000,6500
2016-04-28,Mango,20,Himachal Pradesh,2,Mandi,27,4500,7000,6500
2016-04-27,Mango,20,Himachal Pradesh,2,Mandi,27,4000,7000,6000
2016-04-26,Mango,20,Himachal Pradesh,2,Mandi,27,4000,7000,5500
2016-04-25,Mango,20,Himachal Pradesh,2,Mandi,27,4000,7000,6000
2016-04-22,Mango,20,Himachal Pradesh,2,Mandi,27,5000,8000,7000
2016-04-21,Mango,20,Himachal Pradesh,2,Mandi,27,6500,7000,7000
2016-04-20,Mango,20,Himachal Pradesh,2,Mandi,27,4000,7000,6000
2016-04-19,Mango,20,Himachal Pradesh,2,Mandi,27,4500,6000,5500
2016-04-12,Mango,20,Himachal Pradesh,2,Mandi,27,7000,8000,7500
2016-04-11,Mango,20,Himachal Pradesh,2,Mandi,27,6000,9000,8000
2016-04-08,Mango,20,Himachal Pradesh,2,Mandi,27,10000,11500,11000
2015-10-09,Mango,20,Himachal Pradesh,2,Mandi,27,15000,15000,15000
2015-09-21,Mango,20,Himachal Pradesh,2,Mandi,27,12000,12000,12000
2015-09-19,Mango,20,Himachal Pradesh,2,Mandi,27,12000,12000,12000
2015-09-14,Mango,20,Himachal Pradesh,2,Mandi,27,12000,12000,12000
2015-09-11,Mango,20,Himachal Pradesh,2,Mandi,27,11900,12000,12000
2015-09-07,Mango,20,Himachal Pradesh,2,Mandi,27,8450,9000,8750
2015-09-04,Mango,20,Himachal Pradesh,2,Mandi,27,6150,7100,7000
2015-09-02,Mango,20,Himachal Pradesh,2,Mandi,27,6000,6000,6000
2015-08-29,Mango,20,Himachal Pradesh,2,Mandi,27,2800,3000,2900
2015-08-28,Mango,20,Himachal Pradesh,2,Mandi,27,5000,6000,5500
2015-08-25,Mango,20,Himachal Pradesh,2,Mandi,27,5000,6000,5500
2015-08-24,Mango,20,Himachal Pradesh,2,Mandi,27,4000,6000,4500
2015-08-22,Mango,20,Himachal Pradesh,2,Mandi,27,5000,6000,5500
2015-08-21,Mango,20,Himachal Pradesh,2,Mandi,27,5000,6000,5500
2015-08-20,Mango,20,Himachal Pradesh,2,Mandi,27,3000,4000,3500
2015-08-19,Mango,20,Himachal Pradesh,2,Mandi,27,3500,4500,4000
2015-08-18,Mango,20,Himachal Pradesh,2,Mandi,27,3500,4500,4000
2015-08-17,Mango,20,Himachal Pradesh,2,Mandi,27,5000,6500,6000
2015-08-13,Mango,20,Himachal Pradesh,2,Mandi,27,4000,6000,5000
2015-08-12,Mango,20,Himachal Pradesh,2,Mandi,27,2500,3200,3000
2015-08-11,Mango,20,Himachal Pradesh,2,Mandi,27,4000,5000,4500
2015-08-10,Mango,20,Himachal Pradesh,2,Mandi,27,4000,5000,4500
2015-08-07,Mango,20,Himachal Pradesh,2,Mandi,27,2500,4000,3000
2015-08-06,Mango,20,Himachal Pradesh,2,Mandi,27,4000,4500,4200
2015-08-05,Mango,20,Himachal Pradesh,2,Mandi,27,3500,4200,4000
2015-08-04,Mango,20,Himachal Pradesh,2,Mandi,27,3500,5000,4000
2015-08-03,Mango,20,Himachal Pradesh,2,Mandi,27,5000,6000,5500
2015-08-01,Mango,20,Himachal Pradesh,2,Mandi,27,4000,5000,4500
2015-07-31,Mango,20,Himachal Pradesh,2,Mandi,27,5200,6000,5500
2015-07-30,Mango,20,Himachal Pradesh,2,Mandi,27,4150,4600,4450
2015-07-29,Mango,20,Himachal Pradesh,2,Mandi,27,2850,3300,3100
2015-07-28,Mango,20,Himachal Pradesh,2,Mandi,27,3500,4500,4000
2015-07-27,Mango,20,Himachal Pradesh,2,Mandi,27,3250,3750,3500
2015-07-24,Mango,20,Himachal Pradesh,2,Mandi,27,2500,4000,3600
2015-07-23,Mango,20,Himachal Pradesh,2,Mandi,27,3333.3333333333335,3800,3433.3333333333335
2015-07-22,Mango,20,Himachal Pradesh,2,Mandi,27,2500,4500,3500
2015-07-21,Mango,20,Himachal Pradesh,2,Mandi,27,2000,4500,3300
2015-07-20,Mango,20,Himachal Pradesh,2,Mandi,27,3000,4600,3500
2015-07-17,Mango,20,Himachal Pradesh,2,Mandi,27,3000,4700,4000
2015-07-16,Mango,20,Himachal Pradesh,2,Mandi,27,4000,5000,4200
2015-07-15,Mango,20,Himachal Pradesh,2,Mandi,27,1500,3800,2600
2015-07-14,Mango,20,Himachal Pradesh,2,Mandi,27,2000,3800,2600
2015-07-13,Mango,20,Himachal Pradesh,2,Mandi,27,2000,3800,2600
2015-07-10,Mango,20,Himachal Pradesh,2,Mandi,27,2000,4000,2750
2015-07-09,Mango,20,Himachal Pradesh,2,Mandi,27,2500,3500,3000
2015-07-08,Mango,20,Himachal Pradesh,2,Mandi,27,2866.6666666666665,3166.6666666666665,3100
2015-07-07,Mango,20,Himachal Pradesh,2,Mandi,27,3000,3750,3400
2015-07-04,Mango,20,Himachal Pradesh,2,Mandi,27,3000,5000,3800
2015-07-03,Mango,20,Himachal Pradesh,2,Mandi,27,2925,4250,3575
2015-07-02,Mango,20,Himachal Pradesh,2,Mandi,27,2466.6666666666665,4366.666666666667,3400
2015-07-01,Mango,20,Himachal Pradesh,2,Mandi,27,2700,3350,3025
2015-06-30,Mango,20,Himachal Pradesh,2,Mandi,27,3250,4100,3700
2015-06-29,Mango,20,Himachal Pradesh,2,Mandi,27,2875,4125,3375
2015-06-27,Mango,20,Himachal Pradesh,2,Mandi,27,2766.6666666666665,4133.333333333333,3166.6666666666665
2015-06-26,Mango,20,Himachal Pradesh,2,Mandi,27,2800,3700,3125
2015-06-25,Mango,20,Himachal Pradesh,2,Mandi,27,2950,4025,3300
2015-06-24,Mango,20,Himachal Pradesh,2,Mandi,27,2900,4750,3750
2015-06-23,Mango,20,Himachal Pradesh,2,Mandi,27,2000,5000,3500
2015-06-22,Mango,20,Himachal Pradesh,2,Mandi,27,2866.6666666666665,4333.333333333333,3533.3333333333335
2015-06-20,Mango,20,Himachal Pradesh,2,Mandi,27,2833.3333333333335,4233.333333333333,3600
2015-06-19,Mango,20,Himachal Pradesh,2,Mandi,27,3166.6666666666665,4333.333333333333,3733.3333333333335
2015-06-18,Mango,20,Himachal Pradesh,2,Mandi,27,2900,4333.333333333333,3566.6666666666665
2015-06-17,Mango,20,Himachal Pradesh,2,Mandi,27,2000,5000,3500
2015-06-16,Mango,20,Himachal Pradesh,2,Mandi,27,3500,5000,4500
2015-06-15,Mango,20,Himachal Pradesh,2,Mandi,27,3666.6666666666665,4833.333333333333,4166.666666666667
2015-06-12,Mango,20,Himachal Pradesh,2,Mandi,27,4000,4500,4200
2015-06-11,Mango,20,Himachal Pradesh,2,Mandi,27,3500,4000,4000
2015-05-29,Mango,20,Himachal Pradesh,2,Mandi,27,2500,4800,3500
2015-05-28,Mango,20,Himachal Pradesh,2,Mandi,27,3200,4000,3500
2015-05-27,Mango,20,Himachal Pradesh,2,Mandi,27,3000,4500,4000
2015-05-26,Mango,20,Himachal Pradesh,2,Mandi,27,3000,4500,4000
2015-05-25,Mango,20,Himachal Pradesh,2,Mandi,27,3000,5000,4000
2015-05-23,Mango,20,Himachal Pradesh,2,Mandi,27,3000,4500,4000
2015-05-22,Mango,20,Himachal Pradesh,2,Mandi,27,3000,5000,4000
2015-05-21,Mango,20,Himachal Pradesh,2,Mandi,27,2500,4500,3500
2015-05-20,Mango,20,Himachal Pradesh,2,Mandi,27,3000,5000,4000
2015-05-19,Mango,20,Himachal Pradesh,2,Mandi,27,3000,5000,4000
2015-05-18,Mango,20,Himachal Pradesh,2,Mandi,27,2500,5500,4000
2015-05-16,Mango,20,Himachal Pradesh,2,Mandi,27,3000,4000,3500
2015-05-15,Mango,20,Himachal Pradesh,2,Mandi,27,3833.3333333333335,4933.333333333333,4333.333333333333
2015-05-14,Mango,20,Himachal Pradesh,2,Mandi,27,2500,4500,3500
2015-05-13,Mango,20,Himachal Pradesh,2,Mandi,27,3000,4500,4000
2015-05-12,Mango,20,Himachal Pradesh,2,Mandi,27,2500,4500,3750
2015-05-11,Mango,20,Himachal Pradesh,2,Mandi,27,4250,5500,4625
2015-05-09,Mango,20,Himachal Pradesh,2,Mandi,27,2000,4500,4000
2015-05-08,Mango,20,Himachal Pradesh,2,Mandi,27,3000,4166.666666666667,3500
2015-05-07,Mango,20,Himachal Pradesh,2,Mandi,27,2600,4250,3750
2015-05-06,Mango,20,Himachal Pradesh,2,Mandi,27,3000,4750,4000
2015-05-05,Mango,20,Himachal Pradesh,2,Mandi,27,3000,4750,3750
2015-05-04,Mango,20,Himachal Pradesh,2,Mandi,27,3250,4350,4000
2015-05-02,Mango,20,Himachal Pradesh,2,Mandi,27,2750,4250,3750
2015-05-01,Mango,20,Himachal Pradesh,2,Mandi,27,3250,4600,3750
2015-04-30,Mango,20,Himachal Pradesh,2,Mandi,27,3500,4600,4000
2015-04-29,Mango,20,Himachal Pradesh,2,Mandi,27,3500,4750,4250
2015-04-28,Mango,20,Himachal Pradesh,2,Mandi,27,3000,4400,3750
2015-04-27,Mango,20,Himachal Pradesh,2,Mandi,27,3750,5000,4500
2015-04-25,Mango,20,Himachal Pradesh,2,Mandi,27,3500,5750,4500
2015-04-24,Mango,20,Himachal Pradesh,2,Mandi,27,4500,6000,5250
2015-04-23,Mango,20,Himachal Pradesh,2,Mandi,27,4250,5500,5000
2015-04-22,Mango,20,Himachal Pradesh,2,Mandi,27,5500,6000,5600
2015-04-21,Mango,20,Himachal Pradesh,2,Mandi,27,6000,6500,6200
2015-04-20,Mango,20,Himachal Pradesh,2,Mandi,27,5000,5500,5000
2015-04-18,Mango,20,Himachal Pradesh,2,Mandi,27,4500,5750,5000
2015-04-17,Mango,20,Himachal Pradesh,2,Mandi,27,3000,5000,4000
2015-04-16,Mango,20,Himachal Pradesh,2,Mandi,27,5000,6000,5500
2015-04-13,Mango,20,Himachal Pradesh,2,Mandi,27,3500,6000,5000
2015-04-10,Mango,20,Himachal Pradesh,2,Mandi,27,4833.333333333333,5500,5333.333333333333
2015-04-04,Mango,20,Himachal Pradesh,2,Mandi,27,5500,7500,7000
2015-04-03,Mango,20,Himachal Pradesh,2,Mandi,27,10000,10000,10000
2015-03-30,Mango,20,Himachal Pradesh,2,Mandi,27,8000,10500,10000
2015-03-27,Mango,20,Himachal Pradesh,2,Mandi,27,10000,10000,10000
