date,commodity,commodity_id,state,state_id,district,district_id,price_min,price_max,price_modal
2019-12-30,Wheat Atta,287,Assam,18,Jorhat,312,2600,3000,2800
2019-12-27,Wheat Atta,287,Assam,18,Jorhat,312,2600,3000,2800
2019-12-26,Wheat Atta,287,Assam,18,Jorhat,312,2600,3000,2800
2019-12-25,Wheat Atta,287,Assam,18,Jorhat,312,2600,3000,2800
2019-12-24,Wheat Atta,287,Assam,18,Jorhat,312,2600,3000,2800
2019-12-23,Wheat Atta,287,Assam,18,Jorhat,312,2600,3000,2800
2019-12-07,Wheat Atta,287,Assam,18,Jorhat,312,2500,3000,2600
2019-12-06,Wheat Atta,287,Assam,18,Jorhat,312,2500,3000,2600
2019-12-05,Wheat Atta,287,Assam,18,Jorhat,312,2500,3000,2600
2019-12-04,Wheat Atta,287,Assam,18,Jorhat,312,2500,3000,2600
2019-12-03,Wheat Atta,287,Assam,18,Jorhat,312,2500,3000,2600
2019-12-02,Wheat Atta,287,Assam,18,Jorhat,312,2500,3000,2600
2019-11-30,Wheat Atta,287,Assam,18,Jorhat,312,2500,3000,2600
2019-11-29,Wheat Atta,287,Assam,18,Jorhat,312,2500,3000,2600
2019-11-28,Wheat Atta,287,Assam,18,Jorhat,312,2500,3000,2700
2019-11-27,Wheat Atta,287,Assam,18,Jorhat,312,2500,3000,2600
2019-11-26,Wheat Atta,287,Assam,18,Jorhat,312,2500,3000,2600
2019-11-25,Wheat Atta,287,Assam,18,Jorhat,312,2500,3000,2600
2019-11-23,Wheat Atta,287,Assam,18,Jorhat,312,2500,3000,2600
2019-11-21,Wheat Atta,287,Assam,18,Jorhat,312,2500,3000,2600
2019-11-20,Wheat Atta,287,Assam,18,Jorhat,312,2500,3000,2600
2019-11-18,Wheat Atta,287,Assam,18,Jorhat,312,2500,3000,2600
2019-11-16,Wheat Atta,287,Assam,18,Jorhat,312,2500,3000,2600
2019-11-15,Wheat Atta,287,Assam,18,Jorhat,312,2500,3000,2600
2019-11-13,Wheat Atta,287,Assam,18,Jorhat,312,2500,3000,2600
2019-11-12,Wheat Atta,287,Assam,18,Jorhat,312,2500,3000,2600
2019-11-11,Wheat Atta,287,Assam,18,Jorhat,312,2500,3000,2600
2019-11-08,Wheat Atta,287,Assam,18,Jorhat,312,2500,3000,2600
2019-11-07,Wheat Atta,287,Assam,18,Jorhat,312,2500,3000,2600
2019-11-04,Wheat Atta,287,Assam,18,Jorhat,312,2500,3000,2600
2019-11-01,Wheat Atta,287,Assam,18,Jorhat,312,2500,3000,2600
2019-10-31,Wheat Atta,287,Assam,18,Jorhat,312,2500,3000,2600
2019-10-30,Wheat Atta,287,Assam,18,Jorhat,312,2500,3000,2600
2019-10-29,Wheat Atta,287,Assam,18,Jorhat,312,2500,3000,2600
2019-10-25,Wheat Atta,287,Assam,18,Jorhat,312,2500,3000,2600
2019-10-19,Wheat Atta,287,Assam,18,Jorhat,312,2500,3000,2600
2019-10-15,Wheat Atta,287,Assam,18,Jorhat,312,2500,3000,2600
2019-10-14,Wheat Atta,287,Assam,18,Jorhat,312,2500,3000,2600
2019-10-13,Wheat Atta,287,Assam,18,Jorhat,312,2500,3000,2600
2019-10-09,Wheat Atta,287,Assam,18,Jorhat,312,2500,3000,2600
2019-10-04,Wheat Atta,287,Assam,18,Jorhat,312,2500,3000,2600
2019-10-02,Wheat Atta,287,Assam,18,Jorhat,312,2500,3000,2600
2019-09-30,Wheat Atta,287,Assam,18,Jorhat,312,2500,3000,2600
2019-09-26,Wheat Atta,287,Assam,18,Jorhat,312,2500,3000,2700
2019-09-25,Wheat Atta,287,Assam,18,Jorhat,312,2500,7000,3400
2019-09-23,Wheat Atta,287,Assam,18,Jorhat,312,2500,3000,2700
2019-09-21,Wheat Atta,287,Assam,18,Jorhat,312,2500,3000,2600
2019-09-16,Wheat Atta,287,Assam,18,Jorhat,312,2500,3000,2600
2019-09-15,Wheat Atta,287,Assam,18,Jorhat,312,2500,3000,2600
2019-09-12,Wheat Atta,287,Assam,18,Jorhat,312,2500,3000,2600
2019-09-10,Wheat Atta,287,Assam,18,Jorhat,312,2500,3000,2600
2019-09-09,Wheat Atta,287,Assam,18,Jorhat,312,2500,3000,2600
2019-09-08,Wheat Atta,287,Assam,18,Jorhat,312,2500,3000,2600
2019-09-07,Wheat Atta,287,Assam,18,Jorhat,312,2500,3000,2700
2019-09-05,Wheat Atta,287,Assam,18,Jorhat,312,2550,3000,2600
2019-09-04,Wheat Atta,287,Assam,18,Jorhat,312,2500,3000,2600
2019-09-02,Wheat Atta,287,Assam,18,Jorhat,312,2500,3000,2700
2019-08-31,Wheat Atta,287,Assam,18,Jorhat,312,2500,3000,2700
2019-08-29,Wheat Atta,287,Assam,18,Jorhat,312,2600,3000,2800
2019-08-25,Wheat Atta,287,Assam,18,Jorhat,312,2600,3000,2800
2019-08-24,Wheat Atta,287,Assam,18,Jorhat,312,2500,3000,2800
2019-08-23,Wheat Atta,287,Assam,18,Jorhat,312,2600,3000,2800
2019-08-22,Wheat Atta,287,Assam,18,Jorhat,312,2600,3000,2800
2019-08-20,Wheat Atta,287,Assam,18,Jorhat,312,2600,3000,2800
2019-08-17,Wheat Atta,287,Assam,18,Jorhat,312,2600,3000,2800
2019-08-16,Wheat Atta,287,Assam,18,Jorhat,312,2600,3000,2800
2019-08-14,Wheat Atta,287,Assam,18,Jorhat,312,2600,3000,2700
2019-08-13,Wheat Atta,287,Assam,18,Jorhat,312,2600,3100,2700
2019-08-08,Wheat Atta,287,Assam,18,Jorhat,312,2600,3200,2700
2019-08-07,Wheat Atta,287,Assam,18,Jorhat,312,2600,3200,2700
2019-08-06,Wheat Atta,287,Assam,18,Jorhat,312,2600,3200,2800
2019-08-04,Wheat Atta,287,Assam,18,Jorhat,312,2600,3100,2800
2019-08-03,Wheat Atta,287,Assam,18,Jorhat,312,2600,3200,2700
2019-08-02,Wheat Atta,287,Assam,18,Jorhat,312,2600,3200,2800
2019-08-01,Wheat Atta,287,Assam,18,Jorhat,312,2600,3200,2800
2019-07-31,Wheat Atta,287,Assam,18,Jorhat,312,2600,3200,2800
2019-07-29,Wheat Atta,287,Assam,18,Jorhat,312,2600,3200,2800
2019-07-28,Wheat Atta,287,Assam,18,Jorhat,312,2600,3200,2800
2019-07-24,Wheat Atta,287,Assam,18,Jorhat,312,2600,3200,2800
2019-07-23,Wheat Atta,287,Assam,18,Jorhat,312,2600,3200,2800
2019-07-21,Wheat Atta,287,Assam,18,Jorhat,312,2600,3200,2800
2019-07-19,Wheat Atta,287,Assam,18,Jorhat,312,2600,3200,2800
2019-07-16,Wheat Atta,287,Assam,18,Jorhat,312,2600,3200,2800
2019-07-15,Wheat Atta,287,Assam,18,Jorhat,312,2600,3200,2800
2019-07-14,Wheat Atta,287,Assam,18,Jorhat,312,2600,3200,2800
2019-07-12,Wheat Atta,287,Assam,18,Jorhat,312,2600,3200,2800
2019-07-11,Wheat Atta,287,Assam,18,Jorhat,312,2600,3200,2800
2019-07-09,Wheat Atta,287,Assam,18,Jorhat,312,2600,3200,2700
2019-07-08,Wheat Atta,287,Assam,18,Jorhat,312,2600,3200,2800
2019-07-06,Wheat Atta,287,Assam,18,Jorhat,312,2600,3200,2800
2019-07-02,Wheat Atta,287,Assam,18,Jorhat,312,2600,3200,2800
2019-06-27,Wheat Atta,287,Assam,18,Jorhat,312,2600,3200,2800
2019-06-24,Wheat Atta,287,Assam,18,Jorhat,312,2600,3200,2800
2019-06-21,Wheat Atta,287,Assam,18,Jorhat,312,2600,3200,2800
2019-06-18,Wheat Atta,287,Assam,18,Jorhat,312,2600,3200,2800
2019-06-14,Wheat Atta,287,Assam,18,Jorhat,312,2600,3200,2800
2019-06-10,Wheat Atta,287,Assam,18,Jorhat,312,2600,3200,2800
2019-06-06,Wheat Atta,287,Assam,18,Jorhat,312,2600,3200,2800
2019-05-27,Wheat Atta,287,Assam,18,Jorhat,312,2600,3200,2800
2019-05-22,Wheat Atta,287,Assam,18,Jorhat,312,2600,3200,2800
2019-05-20,Wheat Atta,287,Assam,18,Jorhat,312,2500,3200,2800
2019-05-14,Wheat Atta,287,Assam,18,Jorhat,312,2500,3200,2800
2019-04-25,Wheat Atta,287,Assam,18,Jorhat,312,2600,3200,2800
2019-04-23,Wheat Atta,287,Assam,18,Jorhat,312,2600,3200,2800
2019-03-14,Wheat Atta,287,Assam,18,Jorhat,312,2600,3200,2800
2019-03-13,Wheat Atta,287,Assam,18,Jorhat,312,2600,3200,2800
2019-03-12,Wheat Atta,287,Assam,18,Jorhat,312,2600,3200,2800
2019-03-11,Wheat Atta,287,Assam,18,Jorhat,312,2600,3200,2800
2019-03-08,Wheat Atta,287,Assam,18,Jorhat,312,2600,3200,2800
2019-03-07,Wheat Atta,287,Assam,18,Jorhat,312,2600,3200,2800
2019-03-04,Wheat Atta,287,Assam,18,Jorhat,312,2600,3200,2800
2019-03-02,Wheat Atta,287,Assam,18,Jorhat,312,2600,3200,2800
2019-02-28,Wheat Atta,287,Assam,18,Jorhat,312,2600,3200,2800
2019-02-25,Wheat Atta,287,Assam,18,Jorhat,312,2600,3200,2800
2019-02-22,Wheat Atta,287,Assam,18,Jorhat,312,2600,3000,2800
2019-02-20,Wheat Atta,287,Assam,18,Jorhat,312,2600,3200,2800
2019-02-19,Wheat Atta,287,Assam,18,Jorhat,312,2600,3200,2800
2019-02-16,Wheat Atta,287,Assam,18,Jorhat,312,2600,3200,2800
2019-02-15,Wheat Atta,287,Assam,18,Jorhat,312,2600,3200,2800
2019-02-14,Wheat Atta,287,Assam,18,Jorhat,312,2600,3000,2800
2019-02-11,Wheat Atta,287,Assam,18,Jorhat,312,2600,3200,3000
2019-02-08,Wheat Atta,287,Assam,18,Jorhat,312,2600,3000,2800
2019-02-06,Wheat Atta,287,Assam,18,Jorhat,312,2600,3200,2800
2019-02-04,Wheat Atta,287,Assam,18,Jorhat,312,2600,3200,3000
2019-02-01,Wheat Atta,287,Assam,18,Jorhat,312,2600,3200,2800
2019-01-28,Wheat Atta,287,Assam,18,Jorhat,312,2600,3200,3000
2019-01-24,Wheat Atta,287,Assam,18,Jorhat,312,2600,3200,3000
2019-01-22,Wheat Atta,287,Assam,18,Jorhat,312,2600,3200,3000
2019-01-21,Wheat Atta,287,Assam,18,Jorhat,312,2600,3200,3000
2019-01-20,Wheat Atta,287,Assam,18,Jorhat,312,2600,3200,3000
2019-01-18,Wheat Atta,287,Assam,18,Jorhat,312,2600,3200,2800
2019-01-17,Wheat Atta,287,Assam,18,Jorhat,312,2600,3200,3000
2019-01-13,Wheat Atta,287,Assam,18,Jorhat,312,2600,3200,3000
2019-01-12,Wheat Atta,287,Assam,18,Jorhat,312,2600,3200,2800
2019-01-10,Wheat Atta,287,Assam,18,Jorhat,312,2600,3200,3000
2019-01-09,Wheat Atta,287,Assam,18,Jorhat,312,2600,3200,2800
2019-01-07,Wheat Atta,287,Assam,18,Jorhat,312,2600,3200,3000
2019-01-05,Wheat Atta,287,Assam,18,Jorhat,312,2600,3200,3000
2019-01-04,Wheat Atta,287,Assam,18,Jorhat,312,2600,3200,2800
2019-01-03,Wheat Atta,287,Assam,18,Jorhat,312,2600,3200,2800
2019-01-02,Wheat Atta,287,Assam,18,Jorhat,312,2600,3200,2800
2018-12-31,Wheat Atta,287,Assam,18,Jorhat,312,2600,3200,2800
2018-12-26,Wheat Atta,287,Assam,18,Jorhat,312,2600,3200,2800
2018-12-24,Wheat Atta,287,Assam,18,Jorhat,312,2600,3000,2700
2018-12-20,Wheat Atta,287,Assam,18,Jorhat,312,2600,3000,2800
2018-12-18,Wheat Atta,287,Assam,18,Jorhat,312,2600,3000,2800
2018-12-17,Wheat Atta,287,Assam,18,Jorhat,312,2600,3000,2800
2018-12-15,Wheat Atta,287,Assam,18,Jorhat,312,2600,3000,2800
2018-12-13,Wheat Atta,287,Assam,18,Jorhat,312,2600,3000,2800
2018-12-11,Wheat Atta,287,Assam,18,Jorhat,312,2600,3000,2800
2018-12-10,Wheat Atta,287,Assam,18,Jorhat,312,2600,3000,2800
2018-12-07,Wheat Atta,287,Assam,18,Jorhat,312,2600,3000,2800
2018-12-06,Wheat Atta,287,Assam,18,Jorhat,312,2600,3000,2800
2018-12-03,Wheat Atta,287,Assam,18,Jorhat,312,2600,3000,2800
2018-12-01,Wheat Atta,287,Assam,18,Jorhat,312,2600,3000,2800
2018-11-28,Wheat Atta,287,Assam,18,Jorhat,312,2600,3000,2800
2018-11-26,Wheat Atta,287,Assam,18,Jorhat,312,2600,3000,2800
2018-11-22,Wheat Atta,287,Assam,18,Jorhat,312,2600,3000,2800
2018-11-21,Wheat Atta,287,Assam,18,Jorhat,312,2600,3000,2800
2018-11-19,Wheat Atta,287,Assam,18,Jorhat,312,2600,3000,2800
2018-11-17,Wheat Atta,287,Assam,18,Jorhat,312,2600,3000,2800
2018-11-09,Wheat Atta,287,Assam,18,Jorhat,312,2600,3000,2800
2018-11-08,Wheat Atta,287,Assam,18,Jorhat,312,2600,3000,2800
2018-11-02,Wheat Atta,287,Assam,18,Jorhat,312,2600,3000,2800
2018-10-31,Wheat Atta,287,Assam,18,Jorhat,312,2600,3000,2800
2018-10-30,Wheat Atta,287,Assam,18,Jorhat,312,2600,3000,2800
2018-10-29,Wheat Atta,287,Assam,18,Jorhat,312,2600,3000,2800
2018-10-26,Wheat Atta,287,Assam,18,Jorhat,312,2600,3000,2700
2018-10-20,Wheat Atta,287,Assam,18,Jorhat,312,2600,3000,2800
2018-10-15,Wheat Atta,287,Assam,18,Jorhat,312,2600,3000,2800
2018-10-14,Wheat Atta,287,Assam,18,Jorhat,312,2600,3000,2800
2018-10-12,Wheat Atta,287,Assam,18,Jorhat,312,2600,3000,2800
2018-10-11,Wheat Atta,287,Assam,18,Jorhat,312,2600,3000,2800
2018-10-10,Wheat Atta,287,Assam,18,Jorhat,312,2600,3000,2800
2018-10-08,Wheat Atta,287,Assam,18,Jorhat,312,2600,3000,2800
2018-10-06,Wheat Atta,287,Assam,18,Jorhat,312,2600,3000,2700
2018-10-03,Wheat Atta,287,Assam,18,Jorhat,312,2600,3000,2800
2018-09-29,Wheat Atta,287,Assam,18,Jorhat,312,2600,3000,2800
2018-09-27,Wheat Atta,287,Assam,18,Jorhat,312,2600,3000,2700
2018-09-26,Wheat Atta,287,Assam,18,Jorhat,312,2600,3000,2800
2018-09-25,Wheat Atta,287,Assam,18,Jorhat,312,2400,2800,2500
2018-09-24,Wheat Atta,287,Assam,18,Jorhat,312,2400,2800,2500
2018-09-21,Wheat Atta,287,Assam,18,Jorhat,312,2400,2800,2500
2018-09-18,Wheat Atta,287,Assam,18,Jorhat,312,2400,2800,2500
2018-09-13,Wheat Atta,287,Assam,18,Jorhat,312,2400,2800,2500
2018-09-12,Wheat Atta,287,Assam,18,Jorhat,312,2400,2800,2500
2018-09-11,Wheat Atta,287,Assam,18,Jorhat,312,2400,2800,2600
2018-09-06,Wheat Atta,287,Assam,18,Jorhat,312,2400,2800,2600
2018-09-05,Wheat Atta,287,Assam,18,Jorhat,312,2400,2800,2500
2018-09-04,Wheat Atta,287,Assam,18,Jorhat,312,2400,2800,2500
2018-09-01,Wheat Atta,287,Assam,18,Jorhat,312,2500,2900,2600
2018-08-30,Wheat Atta,287,Assam,18,Jorhat,312,2400,2900,2500
2018-08-29,Wheat Atta,287,Assam,18,Jorhat,312,2400,2900,2500
2018-08-28,Wheat Atta,287,Assam,18,Jorhat,312,2400,2900,2500
2018-08-27,Wheat Atta,287,Assam,18,Jorhat,312,2400,2900,2500
2018-08-23,Wheat Atta,287,Assam,18,Jorhat,312,2400,2900,2500
2018-08-20,Wheat Atta,287,Assam,18,Jorhat,312,2400,2800,2500
2018-08-18,Wheat Atta,287,Assam,18,Jorhat,312,2400,2900,2500
2018-08-16,Wheat Atta,287,Assam,18,Jorhat,312,2400,2900,2500
2018-08-13,Wheat Atta,287,Assam,18,Jorhat,312,2400,2900,2600
2018-08-08,Wheat Atta,287,Assam,18,Jorhat,312,2400,2900,2500
2018-08-06,Wheat Atta,287,Assam,18,Jorhat,312,2400,2800,2500
2018-08-04,Wheat Atta,287,Assam,18,Jorhat,312,2400,2800,2500
2018-08-02,Wheat Atta,287,Assam,18,Jorhat,312,2400,2900,2600
2018-07-30,Wheat Atta,287,Assam,18,Jorhat,312,2400,2900,2600
2018-07-27,Wheat Atta,287,Assam,18,Jorhat,312,2300,2800,2500
2018-07-26,Wheat Atta,287,Assam,18,Jorhat,312,2300,2800,2500
2018-07-20,Wheat Atta,287,Assam,18,Jorhat,312,2200,2700,2300
2018-07-18,Wheat Atta,287,Assam,18,Jorhat,312,2200,2700,2300
2018-07-17,Wheat Atta,287,Assam,18,Jorhat,312,2200,2700,2300
2018-07-16,Wheat Atta,287,Assam,18,Jorhat,312,2200,2700,2300
2018-07-13,Wheat Atta,287,Assam,18,Jorhat,312,2200,2700,2300
2018-07-11,Wheat Atta,287,Assam,18,Jorhat,312,2200,2700,2300
2018-07-09,Wheat Atta,287,Assam,18,Jorhat,312,2200,2700,2300
2018-07-07,Wheat Atta,287,Assam,18,Jorhat,312,2200,2700,2300
2018-07-06,Wheat Atta,287,Assam,18,Jorhat,312,2200,2700,2300
2018-07-05,Wheat Atta,287,Assam,18,Jorhat,312,2200,2700,2300
2018-07-04,Wheat Atta,287,Assam,18,Jorhat,312,2200,2700,2300
2018-07-03,Wheat Atta,287,Assam,18,Jorhat,312,2200,2700,2300
2018-07-02,Wheat Atta,287,Assam,18,Jorhat,312,2200,2700,2300
2018-06-27,Wheat Atta,287,Assam,18,Jorhat,312,2200,2700,2300
2018-06-26,Wheat Atta,287,Assam,18,Jorhat,312,2200,2700,2300
2018-06-25,Wheat Atta,287,Assam,18,Jorhat,312,2200,2700,2300
2018-06-22,Wheat Atta,287,Assam,18,Jorhat,312,2200,2700,2300
2018-06-21,Wheat Atta,287,Assam,18,Jorhat,312,2200,2700,2300
2018-06-19,Wheat Atta,287,Assam,18,Jorhat,312,2200,2700,2300
2018-06-15,Wheat Atta,287,Assam,18,Jorhat,312,2200,2700,2300
2018-06-13,Wheat Atta,287,Assam,18,Jorhat,312,2200,2700,2400
2018-06-11,Wheat Atta,287,Assam,18,Jorhat,312,2200,2700,2300
2018-06-08,Wheat Atta,287,Assam,18,Jorhat,312,2200,2700,2300
2018-06-06,Wheat Atta,287,Assam,18,Jorhat,312,2200,2700,2300
2018-06-05,Wheat Atta,287,Assam,18,Jorhat,312,2200,2700,2300
2018-05-28,Wheat Atta,287,Assam,18,Jorhat,312,2200,2700,2300
2018-05-25,Wheat Atta,287,Assam,18,Jorhat,312,2200,2700,2300
2018-05-24,Wheat Atta,287,Assam,18,Jorhat,312,2200,2700,2400
2018-05-23,Wheat Atta,287,Assam,18,Jorhat,312,2200,2700,2300
2018-05-21,Wheat Atta,287,Assam,18,Jorhat,312,2200,2700,2400
2018-05-19,Wheat Atta,287,Assam,18,Jorhat,312,2200,2700,2300
2018-05-17,Wheat Atta,287,Assam,18,Jorhat,312,2200,2700,2300
2018-05-16,Wheat Atta,287,Assam,18,Jorhat,312,2200,2700,2300
2018-05-14,Wheat Atta,287,Assam,18,Jorhat,312,2200,2700,2300
2018-05-09,Wheat Atta,287,Assam,18,Jorhat,312,2200,2700,2300
2018-05-07,Wheat Atta,287,Assam,18,Jorhat,312,2200,2700,2300
2018-05-05,Wheat Atta,287,Assam,18,Jorhat,312,2200,2700,2300
2018-05-04,Wheat Atta,287,Assam,18,Jorhat,312,2200,2700,2400
2018-05-03,Wheat Atta,287,Assam,18,Jorhat,312,2200,2700,2300
2018-04-30,Wheat Atta,287,Assam,18,Jorhat,312,2200,2700,2300
2018-04-26,Wheat Atta,287,Assam,18,Jorhat,312,2200,2700,2300
2018-04-25,Wheat Atta,287,Assam,18,Jorhat,312,2200,2700,2300
2018-04-24,Wheat Atta,287,Assam,18,Jorhat,312,2200,2700,2300
2018-04-23,Wheat Atta,287,Assam,18,Jorhat,312,2200,2700,2300
2018-04-21,Wheat Atta,287,Assam,18,Jorhat,312,2200,2700,2300
2018-04-20,Wheat Atta,287,Assam,18,Jorhat,312,2200,2700,2300
2018-04-19,Wheat Atta,287,Assam,18,Jorhat,312,2200,7000,2300
2018-04-18,Wheat Atta,287,Assam,18,Jorhat,312,2200,2700,2300
2018-04-17,Wheat Atta,287,Assam,18,Jorhat,312,2200,2700,2300
2018-04-12,Wheat Atta,287,Assam,18,Jorhat,312,2200,2700,2300
2018-04-11,Wheat Atta,287,Assam,18,Jorhat,312,2200,2700,2300
2018-04-10,Wheat Atta,287,Assam,18,Jorhat,312,2200,2700,2300
2018-04-09,Wheat Atta,287,Assam,18,Jorhat,312,2200,2700,2300
2018-04-07,Wheat Atta,287,Assam,18,Jorhat,312,2200,2700,2300
2018-04-05,Wheat Atta,287,Assam,18,Jorhat,312,2200,2700,2300
2018-04-04,Wheat Atta,287,Assam,18,Jorhat,312,2200,2700,2300
2018-04-03,Wheat Atta,287,Assam,18,Jorhat,312,2200,2700,2300
2018-04-02,Wheat Atta,287,Assam,18,Jorhat,312,2200,2700,2300
2018-03-31,Wheat Atta,287,Assam,18,Jorhat,312,2200,2700,2300
2018-03-29,Wheat Atta,287,Assam,18,Jorhat,312,2200,2700,2400
2018-03-28,Wheat Atta,287,Assam,18,Jorhat,312,2200,2700,2400
2018-03-27,Wheat Atta,287,Assam,18,Jorhat,312,2200,2700,2400
2018-03-26,Wheat Atta,287,Assam,18,Jorhat,312,2200,2700,2300
2018-03-23,Wheat Atta,287,Assam,18,Jorhat,312,2200,2600,2300
2018-03-22,Wheat Atta,287,Assam,18,Jorhat,312,2200,2600,2300
2018-03-21,Wheat Atta,287,Assam,18,Jorhat,312,2200,2600,2400
2018-03-20,Wheat Atta,287,Assam,18,Jorhat,312,2200,2600,2300
2018-03-19,Wheat Atta,287,Assam,18,Jorhat,312,2200,2600,2300
2018-03-17,Wheat Atta,287,Assam,18,Jorhat,312,2200,2600,2300
2018-03-16,Wheat Atta,287,Assam,18,Jorhat,312,2200,2600,2300
2018-03-15,Wheat Atta,287,Assam,18,Jorhat,312,2200,2600,2300
2018-03-14,Wheat Atta,287,Assam,18,Jorhat,312,2200,2600,2300
2018-03-12,Wheat Atta,287,Assam,18,Jorhat,312,2200,2600,2300
2018-03-08,Wheat Atta,287,Assam,18,Jorhat,312,2200,2600,2300
2018-03-05,Wheat Atta,287,Assam,18,Jorhat,312,2200,2600,2400
2018-02-28,Wheat Atta,287,Assam,18,Jorhat,312,2200,2600,2300
2018-02-27,Wheat Atta,287,Assam,18,Jorhat,312,2200,2600,2300
2018-02-23,Wheat Atta,287,Assam,18,Jorhat,312,2200,2600,2300
2018-02-19,Wheat Atta,287,Assam,18,Jorhat,312,2200,2600,2300
2018-02-17,Wheat Atta,287,Assam,18,Jorhat,312,2200,2600,2300
2018-02-13,Wheat Atta,287,Assam,18,Jorhat,312,2200,2600,2400
2018-02-09,Wheat Atta,287,Assam,18,Jorhat,312,2200,2600,2400
2018-02-07,Wheat Atta,287,Assam,18,Jorhat,312,2200,2600,2300
2018-02-06,Wheat Atta,287,Assam,18,Jorhat,312,2200,2600,2400
2018-02-05,Wheat Atta,287,Assam,18,Jorhat,312,2200,2600,2400
2018-02-03,Wheat Atta,287,Assam,18,Jorhat,312,2200,2600,2300
2018-02-02,Wheat Atta,287,Assam,18,Jorhat,312,2200,2600,2400
2018-01-25,Wheat Atta,287,Assam,18,Jorhat,312,2200,2600,2400
2018-01-24,Wheat Atta,287,Assam,18,Jorhat,312,2200,2600,2400
2018-01-22,Wheat Atta,287,Assam,18,Jorhat,312,2200,2600,2400
2018-01-18,Wheat Atta,287,Assam,18,Jorhat,312,2200,2600,2400
2018-01-17,Wheat Atta,287,Assam,18,Jorhat,312,2200,2600,2400
2018-01-11,Wheat Atta,287,Assam,18,Jorhat,312,2200,2600,2400
2018-01-10,Wheat Atta,287,Assam,18,Jorhat,312,2200,2600,2400
2018-01-09,Wheat Atta,287,Assam,18,Jorhat,312,2200,2600,2400
2018-01-06,Wheat Atta,287,Assam,18,Jorhat,312,2200,2700,2400
2018-01-05,Wheat Atta,287,Assam,18,Jorhat,312,2200,2700,2400
2018-01-04,Wheat Atta,287,Assam,18,Jorhat,312,2200,2700,2400
2018-01-02,Wheat Atta,287,Assam,18,Jorhat,312,2200,2700,2400
2017-12-30,Wheat Atta,287,Assam,18,Jorhat,312,2200,2700,2400
2017-12-28,Wheat Atta,287,Assam,18,Jorhat,312,2200,2700,2400
2017-12-22,Wheat Atta,287,Assam,18,Jorhat,312,2200,2600,2400
2017-12-18,Wheat Atta,287,Assam,18,Jorhat,312,2200,2600,2400
2017-12-15,Wheat Atta,287,Assam,18,Jorhat,312,2200,2600,2400
2017-12-14,Wheat Atta,287,Assam,18,Jorhat,312,2200,2600,2400
2017-12-13,Wheat Atta,287,Assam,18,Jorhat,312,2200,2700,2500
2017-12-11,Wheat Atta,287,Assam,18,Jorhat,312,2200,2700,2400
2017-12-08,Wheat Atta,287,Assam,18,Jorhat,312,2200,2700,2500
2017-12-07,Wheat Atta,287,Assam,18,Jorhat,312,2200,2700,2500
2017-12-06,Wheat Atta,287,Assam,18,Jorhat,312,2200,2700,2400
2017-12-05,Wheat Atta,287,Assam,18,Jorhat,312,2200,2700,2500
2017-12-04,Wheat Atta,287,Assam,18,Jorhat,312,2200,2700,2500
2017-11-29,Wheat Atta,287,Assam,18,Jorhat,312,2200,2700,2400
2017-11-27,Wheat Atta,287,Assam,18,Jorhat,312,2200,2700,2400
2017-11-23,Wheat Atta,287,Assam,18,Jorhat,312,2200,2700,2500
2017-11-22,Wheat Atta,287,Assam,18,Jorhat,312,2200,2700,2400
2017-11-21,Wheat Atta,287,Assam,18,Jorhat,312,2200,2700,2500
2017-11-16,Wheat Atta,287,Assam,18,Jorhat,312,2300,2700,2400
2017-11-15,Wheat Atta,287,Assam,18,Jorhat,312,2200,2700,2500
2017-11-13,Wheat Atta,287,Assam,18,Jorhat,312,2200,2700,2500
2017-11-10,Wheat Atta,287,Assam,18,Jorhat,312,2200,2700,2500
2017-11-07,Wheat Atta,287,Assam,18,Jorhat,312,2200,2700,2400
2017-11-06,Wheat Atta,287,Assam,18,Jorhat,312,2200,2700,2500
2017-11-03,Wheat Atta,287,Assam,18,Jorhat,312,2200,2700,2400
2017-11-02,Wheat Atta,287,Assam,18,Jorhat,312,2200,2700,2500
2017-11-01,Wheat Atta,287,Assam,18,Jorhat,312,2200,2700,2500
2017-10-31,Wheat Atta,287,Assam,18,Jorhat,312,2200,2700,2500
2017-10-30,Wheat Atta,287,Assam,18,Jorhat,312,2200,2700,2400
2017-10-28,Wheat Atta,287,Assam,18,Jorhat,312,2200,2700,2400
2017-10-27,Wheat Atta,287,Assam,18,Jorhat,312,2200,2700,2400
2017-10-25,Wheat Atta,287,Assam,18,Jorhat,312,2200,2700,2400
2017-10-23,Wheat Atta,287,Assam,18,Jorhat,312,2200,2600,2400
2017-10-21,Wheat Atta,287,Assam,18,Jorhat,312,2200,2600,2400
2017-10-16,Wheat Atta,287,Assam,18,Jorhat,312,2200,2600,2400
2017-10-14,Wheat Atta,287,Assam,18,Jorhat,312,2200,2600,2400
2017-10-10,Wheat Atta,287,Assam,18,Jorhat,312,2200,2600,2400
2017-10-09,Wheat Atta,287,Assam,18,Jorhat,312,2200,2600,2400
2017-10-04,Wheat Atta,287,Assam,18,Jorhat,312,2200,2600,2400
2017-10-03,Wheat Atta,287,Assam,18,Jorhat,312,2200,2600,2400
2017-09-25,Wheat Atta,287,Assam,18,Jorhat,312,2200,2600,2400
2017-09-22,Wheat Atta,287,Assam,18,Jorhat,312,2200,2600,2400
2017-09-21,Wheat Atta,287,Assam,18,Jorhat,312,2200,2600,2400
2017-09-19,Wheat Atta,287,Assam,18,Jorhat,312,2200,2600,2400
2017-09-15,Wheat Atta,287,Assam,18,Jorhat,312,2200,2600,2400
2017-09-14,Wheat Atta,287,Assam,18,Jorhat,312,2200,2600,2500
2017-09-13,Wheat Atta,287,Assam,18,Jorhat,312,2200,2600,2400
2017-09-11,Wheat Atta,287,Assam,18,Jorhat,312,2200,2650,2400
2017-09-07,Wheat Atta,287,Assam,18,Jorhat,312,2200,2600,2400
2017-09-05,Wheat Atta,287,Assam,18,Jorhat,312,2200,2600,2400
2017-09-04,Wheat Atta,287,Assam,18,Jorhat,312,2200,2600,2400
2017-09-01,Wheat Atta,287,Assam,18,Jorhat,312,2200,2600,2450
2017-08-30,Wheat Atta,287,Assam,18,Jorhat,312,2200,2600,2450
2017-08-28,Wheat Atta,287,Assam,18,Jorhat,312,2200,2600,2400
2017-08-24,Wheat Atta,287,Assam,18,Jorhat,312,2200,2600,2400
2017-08-22,Wheat Atta,287,Assam,18,Jorhat,312,2200,2600,2500
2017-08-21,Wheat Atta,287,Assam,18,Jorhat,312,2200,2600,2500
2017-08-17,Wheat Atta,287,Assam,18,Jorhat,312,2200,2600,2500
2017-08-16,Wheat Atta,287,Assam,18,Jorhat,312,2200,2600,2400
2017-08-10,Wheat Atta,287,Assam,18,Jorhat,312,2200,2600,2400
2017-08-09,Wheat Atta,287,Assam,18,Jorhat,312,2200,2600,2400
2017-08-07,Wheat Atta,287,Assam,18,Jorhat,312,2200,2600,2500
2017-08-03,Wheat Atta,287,Assam,18,Jorhat,312,2200,2600,2500
2017-08-02,Wheat Atta,287,Assam,18,Jorhat,312,2200,2600,2400
2017-07-31,Wheat Atta,287,Assam,18,Jorhat,312,2200,2600,2400
2017-07-29,Wheat Atta,287,Assam,18,Jorhat,312,2200,2600,2400
2017-07-28,Wheat Atta,287,Assam,18,Jorhat,312,2250,2600,2400
2017-07-27,Wheat Atta,287,Assam,18,Jorhat,312,2250,2600,2500
2017-07-26,Wheat Atta,287,Assam,18,Jorhat,312,2250,2600,2500
2017-07-25,Wheat Atta,287,Assam,18,Jorhat,312,2250,2600,2400
2017-07-24,Wheat Atta,287,Assam,18,Jorhat,312,2250,2600,2500
2017-07-20,Wheat Atta,287,Assam,18,Jorhat,312,2200,2600,2400
2017-07-19,Wheat Atta,287,Assam,18,Jorhat,312,2250,2600,2400
2017-07-18,Wheat Atta,287,Assam,18,Jorhat,312,2250,2600,2400
2017-07-17,Wheat Atta,287,Assam,18,Jorhat,312,2250,2600,2400
2017-07-15,Wheat Atta,287,Assam,18,Jorhat,312,2250,2600,2400
2017-07-14,Wheat Atta,287,Assam,18,Jorhat,312,2250,2600,2500
2017-07-11,Wheat Atta,287,Assam,18,Jorhat,312,2200,2600,2500
2017-07-10,Wheat Atta,287,Assam,18,Jorhat,312,2200,2600,2400
2017-07-07,Wheat Atta,287,Assam,18,Jorhat,312,2250,2600,2500
2017-07-06,Wheat Atta,287,Assam,18,Jorhat,312,2250,2600,2500
2017-07-05,Wheat Atta,287,Assam,18,Jorhat,312,2250,2600,2500
2017-07-04,Wheat Atta,287,Assam,18,Jorhat,312,2200,2600,2300
2017-07-01,Wheat Atta,287,Assam,18,Jorhat,312,2250,2600,2400
2017-06-30,Wheat Atta,287,Assam,18,Jorhat,312,2250,2600,2500
2017-06-29,Wheat Atta,287,Assam,18,Jorhat,312,2250,2600,2500
2017-06-28,Wheat Atta,287,Assam,18,Jorhat,312,2200,2600,2500
2017-06-27,Wheat Atta,287,Assam,18,Jorhat,312,2250,2600,2500
2017-06-23,Wheat Atta,287,Assam,18,Jorhat,312,2250,2600,2500
2017-06-22,Wheat Atta,287,Assam,18,Jorhat,312,2250,2600,2500
2017-06-21,Wheat Atta,287,Assam,18,Jorhat,312,2200,2600,2500
2017-06-19,Wheat Atta,287,Assam,18,Jorhat,312,2200,2600,2500
2017-06-17,Wheat Atta,287,Assam,18,Jorhat,312,2200,2600,2400
2017-06-16,Wheat Atta,287,Assam,18,Jorhat,312,2200,2600,2500
2017-06-14,Wheat Atta,287,Assam,18,Jorhat,312,2200,2600,2300
2017-06-13,Wheat Atta,287,Assam,18,Jorhat,312,2200,2600,2300
2017-06-12,Wheat Atta,287,Assam,18,Jorhat,312,2200,2600,2500
2017-06-08,Wheat Atta,287,Assam,18,Jorhat,312,2200,2600,2500
2017-06-07,Wheat Atta,287,Assam,18,Jorhat,312,2200,2600,2500
2017-06-06,Wheat Atta,287,Assam,18,Jorhat,312,2200,2600,2500
2017-05-30,Wheat Atta,287,Assam,18,Jorhat,312,2400,2800,2600
2017-05-29,Wheat Atta,287,Assam,18,Jorhat,312,2400,2800,2600
2017-05-27,Wheat Atta,287,Assam,18,Jorhat,312,2300,2800,2600
2017-05-24,Wheat Atta,287,Assam,18,Jorhat,312,2300,2700,2500
2017-05-23,Wheat Atta,287,Assam,18,Jorhat,312,2300,2500,2400
2017-05-22,Wheat Atta,287,Assam,18,Jorhat,312,2400,2600,2500
2017-05-19,Wheat Atta,287,Assam,18,Jorhat,312,2500,2800,2600
2017-05-18,Wheat Atta,287,Assam,18,Jorhat,312,2300,2700,2500
2017-05-17,Wheat Atta,287,Assam,18,Jorhat,312,2400,2800,2600
2017-05-16,Wheat Atta,287,Assam,18,Jorhat,312,2500,2700,2600
2017-05-04,Wheat Atta,287,Assam,18,Jorhat,312,2400,2650,2500
2017-05-03,Wheat Atta,287,Assam,18,Jorhat,312,2400,2650,2500
2017-04-20,Wheat Atta,287,Assam,18,Jorhat,312,2400,2600,2450
2017-04-19,Wheat Atta,287,Assam,18,Jorhat,312,2450,2700,2500
2017-04-08,Wheat Atta,287,Assam,18,Jorhat,312,2450,2700,2500
2017-03-20,Wheat Atta,287,Assam,18,Jorhat,312,2500,2700,2550
2017-03-03,Wheat Atta,287,Assam,18,Jorhat,312,2600,2750,2700
2017-02-18,Wheat Atta,287,Assam,18,Jorhat,312,2600,2850,2700
2017-02-09,Wheat Atta,287,Assam,18,Jorhat,312,2650,2800,2700
2017-02-04,Wheat Atta,287,Assam,18,Jorhat,312,2600,2750,2700
2017-01-25,Wheat Atta,287,Assam,18,Jorhat,312,2700,2850,2800
2017-01-23,Wheat Atta,287,Assam,18,Jorhat,312,2700,2850,2800
2017-01-20,Wheat Atta,287,Assam,18,Jorhat,312,2700,2850,2800
2017-01-10,Wheat Atta,287,Assam,18,Jorhat,312,2650,2850,2700
2017-01-09,Wheat Atta,287,Assam,18,Jorhat,312,2650,2800,2700
2017-01-07,Wheat Atta,287,Assam,18,Jorhat,312,2700,2850,2800
2017-01-06,Wheat Atta,287,Assam,18,Jorhat,312,2650,2850,2800
2017-01-05,Wheat Atta,287,Assam,18,Jorhat,312,2650,2850,2800
2017-01-04,Wheat Atta,287,Assam,18,Jorhat,312,2650,2850,2700
2017-01-03,Wheat Atta,287,Assam,18,Jorhat,312,2600,2800,2650
2016-12-27,Wheat Atta,287,Assam,18,Jorhat,312,2650,2800,2700
2016-12-26,Wheat Atta,287,Assam,18,Jorhat,312,2600,2800,2650
2016-12-22,Wheat Atta,287,Assam,18,Jorhat,312,2600,2800,2650
2016-12-21,Wheat Atta,287,Assam,18,Jorhat,312,2600,2800,2750
2016-12-08,Wheat Atta,287,Assam,18,Jorhat,312,2600,2700,2650
2016-12-07,Wheat Atta,287,Assam,18,Jorhat,312,2600,2700,2650
2016-12-06,Wheat Atta,287,Assam,18,Jorhat,312,2600,2700,2650
2016-12-05,Wheat Atta,287,Assam,18,Jorhat,312,2550,2700,2600
2016-12-01,Wheat Atta,287,Assam,18,Jorhat,312,2600,2700,2650
2016-11-30,Wheat Atta,287,Assam,18,Jorhat,312,2600,2700,2650
2016-11-29,Wheat Atta,287,Assam,18,Jorhat,312,2550,2620,2600
2016-11-28,Wheat Atta,287,Assam,18,Jorhat,312,2550,2650,2600
2016-11-25,Wheat Atta,287,Assam,18,Jorhat,312,2550,2650,2600
2016-11-23,Wheat Atta,287,Assam,18,Jorhat,312,2550,2600,2580
2016-11-22,Wheat Atta,287,Assam,18,Jorhat,312,2450,2650,2550
2016-11-21,Wheat Atta,287,Assam,18,Jorhat,312,2450,2650,2550
2016-11-19,Wheat Atta,287,Assam,18,Jorhat,312,2500,2600,2550
2016-11-18,Wheat Atta,287,Assam,18,Jorhat,312,2450,2600,2550
2016-11-17,Wheat Atta,287,Assam,18,Jorhat,312,2450,2600,2500
2016-11-16,Wheat Atta,287,Assam,18,Jorhat,312,2450,2600,2500
2016-11-15,Wheat Atta,287,Assam,18,Jorhat,312,2500,2600,2550
2016-11-09,Wheat Atta,287,Assam,18,Jorhat,312,2550,2650,2600
2016-11-08,Wheat Atta,287,Assam,18,Jorhat,312,2550,2650,2600
2016-11-07,Wheat Atta,287,Assam,18,Jorhat,312,2500,2650,2600
2016-11-05,Wheat Atta,287,Assam,18,Jorhat,312,2550,2650,2600
2016-11-04,Wheat Atta,287,Assam,18,Jorhat,312,2550,2650,2600
2016-11-03,Wheat Atta,287,Assam,18,Jorhat,312,2250,2400,2350
2016-11-02,Wheat Atta,287,Assam,18,Jorhat,312,2250,2350,2300
2016-10-27,Wheat Atta,287,Assam,18,Jorhat,312,2250,2350,2300
2016-10-26,Wheat Atta,287,Assam,18,Jorhat,312,2250,2350,2300
2016-10-25,Wheat Atta,287,Assam,18,Jorhat,312,2250,2350,2300
2016-10-24,Wheat Atta,287,Assam,18,Jorhat,312,2250,2350,2300
2016-10-21,Wheat Atta,287,Assam,18,Jorhat,312,2250,2350,2300
2016-10-18,Wheat Atta,287,Assam,18,Jorhat,312,2250,2350,2300
2016-10-15,Wheat Atta,287,Assam,18,Jorhat,312,2250,2350,2300
2016-10-14,Wheat Atta,287,Assam,18,Jorhat,312,2250,2350,2300
2016-10-13,Wheat Atta,287,Assam,18,Jorhat,312,2250,2350,2300
2016-10-07,Wheat Atta,287,Assam,18,Jorhat,312,2250,2350,2300
2016-10-06,Wheat Atta,287,Assam,18,Jorhat,312,2250,2350,2300
2016-10-05,Wheat Atta,287,Assam,18,Jorhat,312,2250,2350,2300
2016-10-04,Wheat Atta,287,Assam,18,Jorhat,312,2200,2350,2300
2016-10-03,Wheat Atta,287,Assam,18,Jorhat,312,2200,2350,2300
2016-10-01,Wheat Atta,287,Assam,18,Jorhat,312,2200,2350,2300
2016-09-30,Wheat Atta,287,Assam,18,Jorhat,312,2200,2350,2300
2016-09-29,Wheat Atta,287,Assam,18,Jorhat,312,2200,2350,2300
2016-09-28,Wheat Atta,287,Assam,18,Jorhat,312,2200,2350,2300
2016-09-27,Wheat Atta,287,Assam,18,Jorhat,312,2200,2350,2300
2016-09-26,Wheat Atta,287,Assam,18,Jorhat,312,2200,2350,2300
2016-09-23,Wheat Atta,287,Assam,18,Jorhat,312,2200,2350,2300
2016-09-20,Wheat Atta,287,Assam,18,Jorhat,312,2200,2350,2300
2016-09-19,Wheat Atta,287,Assam,18,Jorhat,312,2200,2350,2300
2016-09-16,Wheat Atta,287,Assam,18,Jorhat,312,2200,2350,2300
2016-09-15,Wheat Atta,287,Assam,18,Jorhat,312,2200,2350,2300
2016-09-12,Wheat Atta,287,Assam,18,Jorhat,312,2200,2350,2300
2016-09-09,Wheat Atta,287,Assam,18,Jorhat,312,2200,2350,2300
2016-09-08,Wheat Atta,287,Assam,18,Jorhat,312,2200,2350,2300
2016-09-06,Wheat Atta,287,Assam,18,Jorhat,312,2200,2350,2300
2016-09-05,Wheat Atta,287,Assam,18,Jorhat,312,2200,2350,2300
2016-09-01,Wheat Atta,287,Assam,18,Jorhat,312,2200,2350,2300
2016-08-30,Wheat Atta,287,Assam,18,Jorhat,312,2200,2350,2300
2016-08-29,Wheat Atta,287,Assam,18,Jorhat,312,2200,2350,2300
2016-08-20,Wheat Atta,287,Assam,18,Jorhat,312,2250,2350,2300
2016-08-19,Wheat Atta,287,Assam,18,Jorhat,312,2200,2350,2300
2016-08-18,Wheat Atta,287,Assam,18,Jorhat,312,2200,2350,2300
2016-08-16,Wheat Atta,287,Assam,18,Jorhat,312,2200,2350,2300
2016-08-12,Wheat Atta,287,Assam,18,Jorhat,312,2100,2350,2300
2016-08-10,Wheat Atta,287,Assam,18,Jorhat,312,2150,2350,2300
2016-08-09,Wheat Atta,287,Assam,18,Jorhat,312,2150,2350,2300
2016-08-08,Wheat Atta,287,Assam,18,Jorhat,312,2150,2350,2300
2016-08-06,Wheat Atta,287,Assam,18,Jorhat,312,2200,2350,2300
2016-08-05,Wheat Atta,287,Assam,18,Jorhat,312,2200,2350,2300
2016-08-04,Wheat Atta,287,Assam,18,Jorhat,312,2200,2350,2300
2016-08-03,Wheat Atta,287,Assam,18,Jorhat,312,2200,2350,2300
2016-08-02,Wheat Atta,287,Assam,18,Jorhat,312,2200,2300,2250
2016-08-01,Wheat Atta,287,Assam,18,Jorhat,312,2100,2300,2200
2016-07-30,Wheat Atta,287,Assam,18,Jorhat,312,2150,2300,2200
2016-07-29,Wheat Atta,287,Assam,18,Jorhat,312,2150,2300,2200
2016-07-28,Wheat Atta,287,Assam,18,Jorhat,312,2150,2300,2200
2016-07-27,Wheat Atta,287,Assam,18,Jorhat,312,2100,2300,2200
2016-07-26,Wheat Atta,287,Assam,18,Jorhat,312,2100,2300,2200
2016-07-20,Wheat Atta,287,Assam,18,Jorhat,312,2100,2350,2200
2016-07-19,Wheat Atta,287,Assam,18,Jorhat,312,2100,2350,2200
2016-07-18,Wheat Atta,287,Assam,18,Jorhat,312,2100,2350,2250
2016-07-16,Wheat Atta,287,Assam,18,Jorhat,312,2100,2350,2250
2016-07-14,Wheat Atta,287,Assam,18,Jorhat,312,2100,2300,2200
2016-07-13,Wheat Atta,287,Assam,18,Jorhat,312,2100,2350,2250
2016-07-12,Wheat Atta,287,Assam,18,Jorhat,312,2100,2300,2250
2016-07-11,Wheat Atta,287,Assam,18,Jorhat,312,2100,2350,2250
2016-07-08,Wheat Atta,287,Assam,18,Jorhat,312,2100,2350,2300
2016-07-06,Wheat Atta,287,Assam,18,Jorhat,312,2150,2300,2200
2016-07-05,Wheat Atta,287,Assam,18,Jorhat,312,2150,2300,2200
2016-07-04,Wheat Atta,287,Assam,18,Jorhat,312,2150,2300,2200
2016-07-02,Wheat Atta,287,Assam,18,Jorhat,312,2100,2300,2200
2016-07-01,Wheat Atta,287,Assam,18,Jorhat,312,2100,2350,2250
2016-06-30,Wheat Atta,287,Assam,18,Jorhat,312,2100,2350,2250
2016-06-29,Wheat Atta,287,Assam,18,Jorhat,312,2100,2300,2200
2016-06-24,Wheat Atta,287,Assam,18,Jorhat,312,2100,2300,2200
2016-06-22,Wheat Atta,287,Assam,18,Jorhat,312,2100,2300,2200
2016-06-21,Wheat Atta,287,Assam,18,Jorhat,312,2100,2300,2200
2016-06-20,Wheat Atta,287,Assam,18,Jorhat,312,2100,2300,2200
2016-06-18,Wheat Atta,287,Assam,18,Jorhat,312,2100,2350,2250
2016-06-17,Wheat Atta,287,Assam,18,Jorhat,312,2100,2350,2250
2016-06-16,Wheat Atta,287,Assam,18,Jorhat,312,2100,2350,2250
2016-06-15,Wheat Atta,287,Assam,18,Jorhat,312,2100,2300,2200
2016-06-14,Wheat Atta,287,Assam,18,Jorhat,312,2100,2300,2200
2016-06-13,Wheat Atta,287,Assam,18,Jorhat,312,2100,2300,2200
2016-06-10,Wheat Atta,287,Assam,18,Jorhat,312,2100,2250,2200
2016-06-08,Wheat Atta,287,Assam,18,Jorhat,312,2100,2300,2200
2016-06-07,Wheat Atta,287,Assam,18,Jorhat,312,2100,2300,2200
2016-06-06,Wheat Atta,287,Assam,18,Jorhat,312,2100,2300,2200
2016-06-03,Wheat Atta,287,Assam,18,Jorhat,312,2100,2300,2200
2016-06-02,Wheat Atta,287,Assam,18,Jorhat,312,2100,2300,2200
2016-06-01,Wheat Atta,287,Assam,18,Jorhat,312,2100,2300,2200
2016-05-31,Wheat Atta,287,Assam,18,Jorhat,312,2100,2300,2200
2016-05-30,Wheat Atta,287,Assam,18,Jorhat,312,2100,2300,2200
2016-05-27,Wheat Atta,287,Assam,18,Jorhat,312,2100,2300,2200
2016-05-26,Wheat Atta,287,Assam,18,Jorhat,312,2100,2300,2200
2016-05-25,Wheat Atta,287,Assam,18,Jorhat,312,2100,2300,2200
2016-05-24,Wheat Atta,287,Assam,18,Jorhat,312,2100,2300,2200
2016-05-23,Wheat Atta,287,Assam,18,Jorhat,312,2100,2300,2200
2016-05-20,Wheat Atta,287,Assam,18,Jorhat,312,2100,2300,2200
2016-05-19,Wheat Atta,287,Assam,18,Jorhat,312,2100,2300,2200
2016-05-17,Wheat Atta,287,Assam,18,Jorhat,312,2100,2300,2200
2016-05-16,Wheat Atta,287,Assam,18,Jorhat,312,2100,2300,2200
2016-05-13,Wheat Atta,287,Assam,18,Jorhat,312,2100,2300,2200
2016-05-12,Wheat Atta,287,Assam,18,Jorhat,312,2100,2300,2200
2016-05-11,Wheat Atta,287,Assam,18,Jorhat,312,2100,2300,2200
2016-05-10,Wheat Atta,287,Assam,18,Jorhat,312,2100,2300,2200
2016-05-09,Wheat Atta,287,Assam,18,Jorhat,312,2100,2300,2200
2016-05-06,Wheat Atta,287,Assam,18,Jorhat,312,2100,2300,2200
2016-05-05,Wheat Atta,287,Assam,18,Jorhat,312,2100,2300,2200
2016-05-03,Wheat Atta,287,Assam,18,Jorhat,312,2200,2350,2300
2016-04-29,Wheat Atta,287,Assam,18,Jorhat,312,2100,2300,2200
2016-04-28,Wheat Atta,287,Assam,18,Jorhat,312,2100,2300,2200
2016-04-27,Wheat Atta,287,Assam,18,Jorhat,312,2100,2300,2200
2016-04-26,Wheat Atta,287,Assam,18,Jorhat,312,2100,2300,2200
2016-04-25,Wheat Atta,287,Assam,18,Jorhat,312,2100,2300,2200
2016-04-22,Wheat Atta,287,Assam,18,Jorhat,312,2100,2300,2200
2016-04-21,Wheat Atta,287,Assam,18,Jorhat,312,2100,2300,2200
2016-04-20,Wheat Atta,287,Assam,18,Jorhat,312,2100,2300,2150
2016-04-19,Wheat Atta,287,Assam,18,Jorhat,312,2100,2300,2250
2016-04-18,Wheat Atta,287,Assam,18,Jorhat,312,2000,2250,2200
2016-04-11,Wheat Atta,287,Assam,18,Jorhat,312,2000,2200,2100
2016-04-08,Wheat Atta,287,Assam,18,Jorhat,312,2100,2250,2200
2016-04-06,Wheat Atta,287,Assam,18,Jorhat,312,2100,2250,2200
2016-04-05,Wheat Atta,287,Assam,18,Jorhat,312,2100,2250,2200
2016-03-31,Wheat Atta,287,Assam,18,Jorhat,312,2100,2300,2150
2016-03-29,Wheat Atta,287,Assam,18,Jorhat,312,2000,2300,2150
2016-03-28,Wheat Atta,287,Assam,18,Jorhat,312,2000,2300,2150
2016-03-18,Wheat Atta,287,Assam,18,Jorhat,312,2000,2300,2250
2016-03-16,Wheat Atta,287,Assam,18,Jorhat,312,2000,2250,2200
2016-03-14,Wheat Atta,287,Assam,18,Jorhat,312,2100,2300,2250
2016-03-11,Wheat Atta,287,Assam,18,Jorhat,312,2000,2300,2250
2016-03-10,Wheat Atta,287,Assam,18,Jorhat,312,2000,2300,2250
2016-03-09,Wheat Atta,287,Assam,18,Jorhat,312,2050,2250,2200
2016-03-08,Wheat Atta,287,Assam,18,Jorhat,312,2050,2250,2200
2016-03-07,Wheat Atta,287,Assam,18,Jorhat,312,1950,2200,2100
2016-03-04,Wheat Atta,287,Assam,18,Jorhat,312,1950,2200,2100
2016-03-03,Wheat Atta,287,Assam,18,Jorhat,312,2000,2250,2100
2016-03-02,Wheat Atta,287,Assam,18,Jorhat,312,1950,2200,2100
2016-03-01,Wheat Atta,287,Assam,18,Jorhat,312,1950,2200,2100
2016-02-24,Wheat Atta,287,Assam,18,Jorhat,312,1950,2200,2100
2016-02-23,Wheat Atta,287,Assam,18,Jorhat,312,1950,2200,2100
2016-02-18,Wheat Atta,287,Assam,18,Jorhat,312,1950,2250,2150
2016-02-16,Wheat Atta,287,Assam,18,Jorhat,312,1950,2250,2100
2016-02-15,Wheat Atta,287,Assam,18,Jorhat,312,1950,2250,2100
2016-02-12,Wheat Atta,287,Assam,18,Jorhat,312,1950,2250,2100
2016-02-11,Wheat Atta,287,Assam,18,Jorhat,312,1950,2250,2100
2016-02-10,Wheat Atta,287,Assam,18,Jorhat,312,1950,2250,2100
2016-02-09,Wheat Atta,287,Assam,18,Jorhat,312,1950,2200,2100
2016-02-08,Wheat Atta,287,Assam,18,Jorhat,312,1950,2200,2100
2016-02-06,Wheat Atta,287,Assam,18,Jorhat,312,1950,2200,2100
2016-02-05,Wheat Atta,287,Assam,18,Jorhat,312,1950,2250,2100
2016-02-04,Wheat Atta,287,Assam,18,Jorhat,312,1950,2250,2100
2016-02-03,Wheat Atta,287,Assam,18,Jorhat,312,1950,2250,2100
2016-02-02,Wheat Atta,287,Assam,18,Jorhat,312,1950,2200,2100
2016-02-01,Wheat Atta,287,Assam,18,Jorhat,312,1950,2200,2100
2016-01-30,Wheat Atta,287,Assam,18,Jorhat,312,1950,2250,2100
2016-01-29,Wheat Atta,287,Assam,18,Jorhat,312,1950,2200,2100
2016-01-28,Wheat Atta,287,Assam,18,Jorhat,312,1950,2200,2100
2016-01-27,Wheat Atta,287,Assam,18,Jorhat,312,1950,2200,2100
2016-01-25,Wheat Atta,287,Assam,18,Jorhat,312,1950,2200,2100
2016-01-22,Wheat Atta,287,Assam,18,Jorhat,312,1950,2200,2100
2016-01-19,Wheat Atta,287,Assam,18,Jorhat,312,1950,2200,2100
2016-01-18,Wheat Atta,287,Assam,18,Jorhat,312,1950,2200,2100
2016-01-13,Wheat Atta,287,Assam,18,Jorhat,312,1950,2200,2100
2016-01-12,Wheat Atta,287,Assam,18,Jorhat,312,1950,2200,2100
2016-01-11,Wheat Atta,287,Assam,18,Jorhat,312,1950,2200,2100
2016-01-08,Wheat Atta,287,Assam,18,Jorhat,312,1950,2200,2100
2016-01-05,Wheat Atta,287,Assam,18,Jorhat,312,1950,2200,2100
2016-01-02,Wheat Atta,287,Assam,18,Jorhat,312,1950,2200,2100
2016-01-01,Wheat Atta,287,Assam,18,Jorhat,312,1950,2200,2100
2015-12-31,Wheat Atta,287,Assam,18,Jorhat,312,1950,2200,2100
2015-12-30,Wheat Atta,287,Assam,18,Jorhat,312,1950,2200,2100
2015-12-29,Wheat Atta,287,Assam,18,Jorhat,312,1950,2200,2100
2015-12-28,Wheat Atta,287,Assam,18,Jorhat,312,1950,2200,2100
2015-12-24,Wheat Atta,287,Assam,18,Jorhat,312,1950,2200,2100
2015-12-23,Wheat Atta,287,Assam,18,Jorhat,312,1950,2200,2000
2015-12-22,Wheat Atta,287,Assam,18,Jorhat,312,1950,2200,2100
2015-12-21,Wheat Atta,287,Assam,18,Jorhat,312,1950,2200,2100
2015-12-19,Wheat Atta,287,Assam,18,Jorhat,312,1950,2200,2100
2015-12-18,Wheat Atta,287,Assam,18,Jorhat,312,1950,2200,2100
2015-12-17,Wheat Atta,287,Assam,18,Jorhat,312,1980,2200,2100
2015-12-16,Wheat Atta,287,Assam,18,Jorhat,312,1950,2200,2100
2015-12-15,Wheat Atta,287,Assam,18,Jorhat,312,1980,2200,2100
2015-12-14,Wheat Atta,287,Assam,18,Jorhat,312,1950,2150,2100
2015-12-11,Wheat Atta,287,Assam,18,Jorhat,312,1950,2250,2100
2015-12-08,Wheat Atta,287,Assam,18,Jorhat,312,1950,2200,2100
2015-12-04,Wheat Atta,287,Assam,18,Jorhat,312,1950,2200,2100
2015-12-03,Wheat Atta,287,Assam,18,Jorhat,312,1950,2200,2100
2015-12-02,Wheat Atta,287,Assam,18,Jorhat,312,1950,2200,2100
2015-12-01,Wheat Atta,287,Assam,18,Jorhat,312,1980,2200,2100
2015-11-27,Wheat Atta,287,Assam,18,Jorhat,312,1950,2150,2100
2015-11-26,Wheat Atta,287,Assam,18,Jorhat,312,1950,2200,2100
2015-11-19,Wheat Atta,287,Assam,18,Jorhat,312,1950,2200,2100
2015-11-16,Wheat Atta,287,Assam,18,Jorhat,312,1950,2200,2100
2015-11-12,Wheat Atta,287,Assam,18,Jorhat,312,1950,2200,2100
2015-11-09,Wheat Atta,287,Assam,18,Jorhat,312,1950,2200,2100
2015-11-07,Wheat Atta,287,Assam,18,Jorhat,312,1950,2200,2100
2015-11-06,Wheat Atta,287,Assam,18,Jorhat,312,1960,2160,2100
2015-11-05,Wheat Atta,287,Assam,18,Jorhat,312,1950,2200,2100
2015-11-02,Wheat Atta,287,Assam,18,Jorhat,312,1950,2200,2100
2015-10-30,Wheat Atta,287,Assam,18,Jorhat,312,1950,2100,2000
2015-10-29,Wheat Atta,287,Assam,18,Jorhat,312,1950,2100,2000
2015-10-28,Wheat Atta,287,Assam,18,Jorhat,312,1950,2100,2000
2015-10-27,Wheat Atta,287,Assam,18,Jorhat,312,1950,2100,2000
2015-10-26,Wheat Atta,287,Assam,18,Jorhat,312,1980,2100,2050
2015-10-17,Wheat Atta,287,Assam,18,Jorhat,312,1980,2100,2000
2015-10-16,Wheat Atta,287,Assam,18,Jorhat,312,1950,2100,2000
2015-10-15,Wheat Atta,287,Assam,18,Jorhat,312,1950,2100,2000
2015-10-14,Wheat Atta,287,Assam,18,Jorhat,312,1980,2100,2000
2015-10-13,Wheat Atta,287,Assam,18,Jorhat,312,1950,2100,2000
2015-10-09,Wheat Atta,287,Assam,18,Jorhat,312,1950,2100,2000
2015-10-08,Wheat Atta,287,Assam,18,Jorhat,312,1980,2100,2050
2015-10-07,Wheat Atta,287,Assam,18,Jorhat,312,1980,2100,2000
2015-10-06,Wheat Atta,287,Assam,18,Jorhat,312,1950,2100,2050
2015-10-03,Wheat Atta,287,Assam,18,Jorhat,312,1950,2100,2000
2015-09-29,Wheat Atta,287,Assam,18,Jorhat,312,1920,2100,2000
2015-09-28,Wheat Atta,287,Assam,18,Jorhat,312,1950,2200,2100
2015-09-21,Wheat Atta,287,Assam,18,Jorhat,312,1950,2100,2000
2015-09-19,Wheat Atta,287,Assam,18,Jorhat,312,1950,2100,2000
2015-09-17,Wheat Atta,287,Assam,18,Jorhat,312,1950,2100,2000
2015-09-16,Wheat Atta,287,Assam,18,Jorhat,312,1950,2100,2000
2015-09-14,Wheat Atta,287,Assam,18,Jorhat,312,1920,2100,2000
2015-09-11,Wheat Atta,287,Assam,18,Jorhat,312,1950,2100,2000
2015-09-10,Wheat Atta,287,Assam,18,Jorhat,312,1950,2100,2000
2015-09-09,Wheat Atta,287,Assam,18,Jorhat,312,1950,2200,2100
2015-09-08,Wheat Atta,287,Assam,18,Jorhat,312,1950,2100,2000
2015-09-07,Wheat Atta,287,Assam,18,Jorhat,312,1900,2100,2000
2015-09-04,Wheat Atta,287,Assam,18,Jorhat,312,1900,2000,1950
2015-09-03,Wheat Atta,287,Assam,18,Jorhat,312,1900,2000,1950
2015-08-31,Wheat Atta,287,Assam,18,Jorhat,312,1920,2100,1950
2015-08-29,Wheat Atta,287,Assam,18,Jorhat,312,1900,2100,2000
2015-08-28,Wheat Atta,287,Assam,18,Jorhat,312,1900,2100,2000
2015-08-27,Wheat Atta,287,Assam,18,Jorhat,312,1920,2100,1950
2015-08-26,Wheat Atta,287,Assam,18,Jorhat,312,1900,2100,2000
2015-08-25,Wheat Atta,287,Assam,18,Jorhat,312,1920,2100,1950
2015-08-24,Wheat Atta,287,Assam,18,Jorhat,312,1900,2100,1950
2015-08-21,Wheat Atta,287,Assam,18,Jorhat,312,1900,2100,2000
2015-08-20,Wheat Atta,287,Assam,18,Jorhat,312,1900,2000,1950
2015-08-19,Wheat Atta,287,Assam,18,Jorhat,312,1950,2100,2000
2015-08-18,Wheat Atta,287,Assam,18,Jorhat,312,1920,2000,1950
2015-08-17,Wheat Atta,287,Assam,18,Jorhat,312,1920,2000,1950
2015-08-14,Wheat Atta,287,Assam,18,Jorhat,312,1920,2000,1950
2015-08-13,Wheat Atta,287,Assam,18,Jorhat,312,1900,2000,1950
2015-08-12,Wheat Atta,287,Assam,18,Jorhat,312,1920,2000,1950
2015-08-11,Wheat Atta,287,Assam,18,Jorhat,312,1920,2000,1950
2015-08-07,Wheat Atta,287,Assam,18,Jorhat,312,1920,2000,1950
2015-08-06,Wheat Atta,287,Assam,18,Jorhat,312,1920,2000,1950
2015-08-05,Wheat Atta,287,Assam,18,Jorhat,312,1920,2000,1950
2015-08-04,Wheat Atta,287,Assam,18,Jorhat,312,1920,2000,1950
2015-08-03,Wheat Atta,287,Assam,18,Jorhat,312,1020,2000,1950
2015-08-01,Wheat Atta,287,Assam,18,Jorhat,312,1920,2000,1950
2015-07-29,Wheat Atta,287,Assam,18,Jorhat,312,1900,1950,1920
2015-07-28,Wheat Atta,287,Assam,18,Jorhat,312,1900,2000,1950
2015-07-27,Wheat Atta,287,Assam,18,Jorhat,312,1900,1950,1920
2015-05-22,Wheat Atta,287,Assam,18,Jorhat,312,2100,2200,2150
2015-05-14,Wheat Atta,287,Assam,18,Jorhat,312,2100,2200,2150
2015-04-24,Wheat Atta,287,Assam,18,Jorhat,312,2200,2300,2250
2015-04-22,Wheat Atta,287,Assam,18,Jorhat,312,2100,2200,2150
2015-04-21,Wheat Atta,287,Assam,18,Jorhat,312,2100,2200,2150
2015-04-20,Wheat Atta,287,Assam,18,Jorhat,312,2100,2200,2150
2015-04-16,Wheat Atta,287,Assam,18,Jorhat,312,2100,2200,2150
2015-03-30,Wheat Atta,287,Assam,18,Jorhat,312,2100,2300,2200
2015-03-20,Wheat Atta,287,Assam,18,Jorhat,312,2100,2200,2200
2015-03-19,Wheat Atta,287,Assam,18,Jorhat,312,2100,2400,2200
2015-03-18,Wheat Atta,287,Assam,18,Jorhat,312,2100,2400,2200
2015-02-04,Wheat Atta,287,Assam,18,Jorhat,312,2100,2200,2150
2015-01-03,Wheat Atta,287,Assam,18,Jorhat,312,2000,2200,2100
